2 0.7921875 0.359375 0.80234375 0.3552083328125 0.84609375 0.3260416671875 0.8484375 0.3145833328125 0.83984375 0.2947916671875 0.81953125 0.27291666718749996 0.82421875 0.24895833281250002 0.8234375 0.225 0.7953125 0.1447916671875 0.76875 0.08125 0.75546875 0.0802083328125 0.70625 0.11875 0.696875 0.134375 0.69453125 0.1458333328125 0.7046875 0.175 0.71328125 0.1885416671875 0.7203125 0.21770833281250002 0.74765625 0.2854166671875 0.7640625 0.3 0.76953125 0.2979166671875 0.77578125 0.30520833281250004 0.77578125 0.3114583328125 0.7796875 0.3125 0.78125 0.32083333281250004 0.771875 0.334375 0.7765625 0.346875 0.771875 0.35625 0.7921875 0.359375
2 0.66875 0.496875 0.70390625 0.4947916671875 0.725 0.48854166718750003 0.734375 0.4791666671875 0.721875 0.4302083328125 0.7359375 0.40416666718750005 0.73515625 0.346875 0.7140625 0.1927083328125 0.7046875 0.18125 0.6875 0.18125 0.64609375 0.1927083328125 0.63046875 0.20208333281250002 0.62109375 0.2166666671875 0.621875 0.25 0.6421875 0.4125 0.6671875 0.440625 0.66875 0.4479166671875 0.66953125 0.45729166718750003 0.66328125 0.4635416671875 0.6640625 0.4916666671875 0.66875 0.496875
2 0.60390625 0.51875 0.61171875 0.51875 0.6328125 0.48645833281249995 0.64296875 0.459375 0.64296875 0.45 0.62421875 0.43541666718750005 0.6078125 0.4375 0.60234375 0.425 0.59921875 0.39375 0.59375 0.3854166671875 0.5296875 0.3239583328125 0.47890625 0.28125 0.4671875 0.278125 0.4546875 0.2854166671875 0.421875 0.353125 0.4203125 0.378125 0.43984375 0.39895833281250004 0.53359375 0.48020833281249997 0.5484375 0.490625 0.5578125 0.490625 0.58046875 0.48020833281249997 0.59140625 0.490625 0.58828125 0.49895833281249996 0.58984375 0.50625 0.60390625 0.51875
2 0.534375 0.3083333328125 0.553125 0.3072916671875 0.55703125 0.3010416671875 0.55859375 0.271875 0.55078125 0.2604166671875 0.56015625 0.23125 0.57265625 0.21458333281250003 0.58203125 0.1895833328125 0.59609375 0.1166666671875 0.59453125 0.1020833328125 0.6 0.06979166718749999 0.6 0.051041667187499994 0.59609375 0.0354166671875 0.58515625 0.0239583328125 0.5609375 0.014583332812499999 0.53984375 0.014583332812499999 0.52578125 0.025 0.515625 0.0625 0.4984375 0.1864583328125 0.50546875 0.2208333328125 0.50546875 0.240625 0.49375 0.2677083328125 0.49140625 0.2875 0.51015625 0.3020833328125 0.534375 0.3083333328125
0 0.73671875 0.40208333281249997 0.74453125 0.4010416671875 0.77109375 0.3864583328125 0.775 0.3802083328125 0.7671875 0.3447916671875 0.74453125 0.2791666671875 0.7328125 0.2510416671875 0.725 0.24375 0.725 0.2791666671875 0.7359375 0.3645833328125 0.734375 0.384375 0.73671875 0.40208333281249997
0 0.63125 0.7239583328125 0.63984375 0.721875 0.64375 0.715625 0.64296875 0.703125 0.6359375 0.6875 0.59375 0.628125 0.59453125 0.6010416671875001 0.58203125 0.584375 0.578125 0.5729166671875 0.525 0.5020833328125 0.51796875 0.496875 0.5125 0.5 0.48046875 0.5385416671875001 0.48203125 0.5510416671875 0.49453125 0.5614583328125 0.5203125 0.5958333328125 0.528125 0.615625 0.53984375 0.6291666671875 0.54375 0.6427083328125 0.55546875 0.6510416671875 0.5765625 0.653125 0.58671875 0.675 0.61796875 0.7145833328125 0.63125 0.7239583328125
0 0.64765625 0.6770833328125 0.65703125 0.678125 0.6703125 0.6614583328125 0.67109375 0.6510416671875 0.62734375 0.596875 0.59921875 0.5802083328125 0.59609375 0.5708333328124999 0.575 0.5458333328125 0.5578125 0.540625 0.55703125 0.5447916671875 0.5640625 0.5572916671875 0.59140625 0.5958333328125 0.5953125 0.603125 0.5953125 0.6114583328125 0.60234375 0.6229166671875 0.64765625 0.6770833328125
0 0.71484375 0.6083333328125 0.740625 0.6083333328125 0.75078125 0.5854166671875001 0.75390625 0.5666666671875 0.75078125 0.5458333328125 0.7453125 0.5416666671875 0.64140625 0.5125 0.61875 0.5260416671875 0.559375 0.5072916671875001 0.54609375 0.5083333328124999 0.5390625 0.5177083328125 0.55078125 0.534375 0.59296875 0.553125 0.6171875 0.578125 0.68984375 0.5989583328125 0.7015625 0.5989583328125 0.71484375 0.6083333328125
0 0.29140625 0.6375 0.32265625 0.6375 0.33125 0.63125 0.33359375 0.603125 0.33515625 0.48645833281249995 0.3328125 0.4635416671875 0.3234375 0.4479166671875 0.32578125 0.4322916671875 0.32421875 0.3583333328125 0.3203125 0.35 0.3109375 0.346875 0.3015625 0.3604166671875 0.29921875 0.44375 0.28828125 0.47083333281249995 0.2859375 0.628125 0.2875 0.6354166671875 0.29140625 0.6375
0 0.38828125 0.253125 0.403125 0.2552083328125 0.4078125 0.2052083328125 0.41328125 0.1916666671875 0.41875 0.159375 0.428125 0.1364583328125 0.434375 0.058333332812500006 0.43125 0.05 0.4125 0.0427083328125 0.4046875 0.0489583328125 0.396875 0.084375 0.39140625 0.1302083328125 0.3953125 0.165625 0.38828125 0.19375 0.38515625 0.23125 0.38515625 0.24583333281250003 0.38828125 0.253125
0 0.43203125 0.2697916671875 0.43359375 0.265625 0.45859375 0.1541666671875 0.45703125 0.14375 0.47265625 0.046875 0.471875 0.0322916671875 0.4671875 0.0260416671875 0.45859375 0.0302083328125 0.44765625 0.058333332812500006 0.43359375 0.1270833328125 0.41875 0.1583333328125 0.40546875 0.221875 0.40390625 0.24895833281250002 0.40703125 0.25625 0.42578125 0.2677083328125 0.43203125 0.2697916671875
0 0.59140625 0.3791666671875 0.6109375 0.378125 0.6171875 0.3697916671875 0.61953125 0.25729166718749996 0.61640625 0.22395833281250002 0.6203125 0.20416666718749998 0.6109375 0.1885416671875 0.6140625 0.1666666671875 0.61171875 0.1041666671875 0.6 0.0791666671875 0.58046875 0.19583333281249998 0.571875 0.22395833281250002 0.57421875 0.25 0.571875 0.3572916671875 0.59140625 0.3791666671875