2 0.5541666671875001 0.340625 0.553125 0.334375 0.478125 0.28828125 0.409375 0.2515625 0.38125 0.23984375 0.3635416671875 0.23828125 0.3614583328125 0.23515625 0.3583333328125 0.2390625 0.3458333328125 0.240625 0.33541666718749996 0.228125 0.3114583328125 0.21328125 0.3020833328125 0.21328125 0.2916666671875 0.21796875 0.2645833328125 0.24453125 0.25833333281250004 0.25859375 0.2614583328125 0.27109375 0.2697916671875 0.2765625 0.30625 0.28515625 0.3125 0.309375 0.3333333328125 0.32734375 0.3479166671875 0.3375 0.40208333281249997 0.3625 0.4302083328125 0.38203125 0.48020833281249997 0.4078125 0.49583333281249997 0.40546875 0.5239583328124999 0.3796875 0.5541666671875001 0.340625
2 0.4604166671875 0.40390625 0.459375 0.39921875 0.440625 0.38984375 0.4270833328125 0.3875 0.421875 0.38984375 0.4076388890625 0.38385416562499997 0.3916666671875 0.3640625 0.3729166671875 0.35078125 0.246875 0.2984375 0.23125 0.296875 0.2208333328125 0.3015625 0.19375 0.33046875 0.1875 0.35078125 0.1885416671875 0.3609375 0.19375 0.3671875 0.21770833281250002 0.38046875 0.3125 0.4203125 0.35 0.43046875 0.3854166671875 0.43203125 0.4125 0.43671875 0.4166666671875 0.44140625 0.4145833328125 0.4484375 0.41979166718750005 0.4515625 0.4479166671875 0.42421875 0.4604166671875 0.40390625
2 0.42395833281249995 0.5171875 0.42291666718750004 0.4921875 0.4135416671875 0.475 0.4145833328125 0.4578125 0.40833333281249995 0.453125 0.3489583328125 0.4515625 0.2479166671875 0.46796875 0.2427083328125 0.47265625 0.190625 0.4921875 0.1708333328125 0.48984375 0.1458333328125 0.49296875 0.1375 0.4984375 0.134375 0.51796875 0.1510416671875 0.55234375 0.1583333328125 0.55703125 0.1697916671875 0.5578125 0.19375 0.55234375 0.2114583328125 0.54140625 0.2208333328125 0.53984375 0.24583333281250003 0.54609375 0.271875 0.54765625 0.3760416671875 0.52890625 0.40416666718750005 0.52734375 0.42395833281249995 0.5171875
2 0.35 0.6171875 0.34375 0.5953125 0.3375 0.5796875 0.315625 0.5484375 0.30520833281250004 0.54453125 0.28854166718749996 0.54609375 0.12291666718750001 0.590625 0.1041666671875 0.6015625 0.0875 0.62265625 0.0760416671875 0.62578125 0.060416667187499995 0.62265625 0.029166667187500002 0.62890625 0.0208333328125 0.63984375 0.0208333328125 0.65390625 0.0364583328125 0.6828125 0.054166667187499996 0.69375 0.07083333281250001 0.69296875 0.096875 0.678125 0.109375 0.675 0.1375 0.684375 0.1625 0.68203125 0.3385416671875 0.63515625 0.34375 0.63203125 0.35 0.6171875
0 0.6427083328125 0.28671875 0.6447916671875 0.26796875 0.6208333328125 0.259375 0.6041666671875 0.26015625 0.6 0.26484375 0.575 0.33671875 0.575 0.36796875 0.559375 0.41796875 0.5583333328125 0.43125 0.5677083328125 0.44140625 0.58125 0.4390625 0.5760416671875 0.43515625 0.58125 0.4203125 0.6052083328125 0.36484375 0.6239583328125 0.34140625 0.6427083328125 0.28671875
0 0.20625 0.48515625 0.20625 0.47734375 0.18125 0.4296875 0.1729166671875 0.4203125 0.171875 0.4078125 0.18020833281249998 0.39609375 0.11875 0.2953125 0.1041666671875 0.290625 0.0916666671875 0.29140625 0.0739583328125 0.29375 0.054166667187499996 0.3015625 0.05 0.30625 0.05208333281250001 0.3171875 0.1135416671875 0.41484375 0.12395833281249999 0.42109375 0.1364583328125 0.4234375 0.14791666718750002 0.4453125 0.18125 0.4890625 0.1875 0.49140625 0.20625 0.48515625
0 0.134375 0.46624999999999994 0.13229166718750002 0.4421875 0.0927083328125 0.3859375 0.0791666671875 0.38671875 0.0635416671875 0.3921875 0.0635416671875 0.40390625 0.08854166718749999 0.45078125 0.096875 0.46328125 0.109375 0.471875 0.13125 0.5140625 0.1354166671875 0.5015625 0.1458333328125 0.49140625 0.134375 0.46624999999999994
0 0.42395833281249995 0.4484375 0.43125 0.43828125 0.40520833281249996 0.4328125 0.3541666671875 0.43046875 0.33125 0.42421875 0.3260416671875 0.42578125 0.2989583328125 0.41640625 0.23541666718749998 0.41171875 0.2114583328125 0.4109375 0.19375 0.41484375 0.1864583328125 0.41953125 0.184375 0.42734375 0.1854166671875 0.43515625 0.1927083328125 0.44375 0.20729166718749997 0.44765625 0.278125 0.453125 0.30416666718749996 0.45234375 0.31979166718749996 0.44765625 0.33125 0.4515625 0.41041666718750003 0.4515625 0.42395833281249995 0.4484375
0 0.50625 0.58359375 0.50625 0.571875 0.490625 0.5546875 0.4760416671875 0.5453125 0.45625 0.54609375 0.4479166671875 0.5546875 0.434375 0.5609375 0.425 0.5703125 0.35104166718749996 0.61875 0.3416666671875 0.6359375 0.3229166671875 0.6453125 0.309375 0.66015625 0.2770833328125 0.68125 0.271875 0.68828125 0.275 0.69609375 0.2854166671875 0.7015625 0.3072916671875 0.696875 0.3552083328125 0.67734375 0.3739583328125 0.6609375 0.3854166671875 0.6578125 0.39375 0.659375 0.40520833281249996 0.6546875 0.40729166718750004 0.64453125 0.43333333281249997 0.6234375 0.48020833281249997 0.59453125 0.4947916671875 0.5875 0.49895833281249996 0.590625 0.5010416671875 0.58515625 0.50625 0.58359375
0 0.5708333328124999 0.8078125 0.5729166671875 0.68125 0.5614583328125 0.6765625 0.5260416671875 0.6765625 0.5145833328125 0.68125 0.5125 0.80703125 0.5208333328125 0.81484375 0.5270833328125 0.8296875 0.5229166671875001 0.840625 0.528125 0.86640625 0.5260416671875 0.88828125 0.5375 0.8984375 0.5489583328125 0.896875 0.5541666671875001 0.8921875 0.5541666671875001 0.86640625 0.5604166671875 0.84453125 0.5572916671875 0.8265625 0.5708333328124999 0.8078125
0 0.721875 0.5765625 0.721875 0.5671875 0.715625 0.56015625 0.7020833328125 0.56015625 0.6416666671875 0.57890625 0.6166666671875001 0.5796875 0.6 0.58359375 0.5375 0.603125 0.53125 0.60703125 0.5354166671875 0.61953125 0.546875 0.634375 0.5875 0.62578125 0.6229166671875 0.61328125 0.628125 0.6078125 0.6479166671875001 0.59921875 0.6604166671875 0.5953125 0.675 0.5953125 0.715625 0.5796875 0.721875 0.5765625
0 0.5770833328125 0.3265625 0.575 0.31953125 0.5041666671875 0.26328125 0.496875 0.25234375 0.5 0.24375 0.496875 0.24140625 0.42395833281249995 0.19609375 0.40833333281249995 0.18203125 0.3854166671875 0.17109375 0.3697916671875 0.171875 0.35104166718749996 0.1890625 0.3447916671875 0.20078125 0.35 0.21484375 0.371875 0.23203125 0.40208333281249997 0.24765625 0.4135416671875 0.25 0.4166666671875 0.25546875 0.44166666718750003 0.27109375 0.5072916671875001 0.30390625 0.540625 0.3234375 0.559375 0.34140625 0.5729166671875 0.3328125 0.5770833328125 0.3265625