2 0 0.3927083328125 0.0171875 0.403125 0.02890625 0.403125 0.16875 0.35208333281250004 0.17734375 0.3458333328125 0.18984375 0.3125 0.20078125 0.3135416671875 0.20625 0.3177083328125 0.2265625 0.3135416671875 0.23515625 0.30625 0.22578125 0.259375 0.2171875 0.23541666718749998 0.21015625 0.22395833281250002 0.19921875 0.221875 0.18125 0.2322916671875 0.17421875 0.24479166718749998 0.1578125 0.240625 0.15546875 0.2364583328125 0.14453125 0.23125 0.125 0.2322916671875 0.015625 0.271875 0.00859375 0.2760416671875 0 0.28854166718749996 0 0.3125 0.003125 0.3145833328125 0 0.3166666671875 0 0.3220982140625 0 0.3927083328125
0 0.37265625 0.621875 0.390625 0.625 0.41875 0.6354166671875 0.42421875 0.6333333328124999 0.42890625 0.6197916671875 0.428125 0.615625 0.4234375 0.6125 0.37265625 0.590625 0.3375 0.5708333328124999 0.2703125 0.546875 0.26328125 0.546875 0.259375 0.5520833328125 0.253125 0.5760416671875 0.253125 0.5833333328125 0.25390625 0.5875 0.26015625 0.5927083328125 0.30234375 0.6083333328125 0.33359375 0.6166666671875001 0.35703125 0.6135416671875 0.37265625 0.621875
0 0.29453125 0.5458333328125 0.30703125 0.5552083328124999 0.3984375 0.6 0.40390625 0.6010416671875001 0.40703125 0.5958333328125 0.4203125 0.5520833328125 0.41875 0.5385416671875001 0.38828125 0.5166666671875 0.3765625 0.5145833328125 0.36484375 0.50625 0.32890625 0.490625 0.309375 0.4875 0.29453125 0.49791666718750005 0.27890625 0.48333333281249996 0.24609375 0.46979166718750004 0.2203125 0.465625 0.21328125 0.47291666718750003 0.21328125 0.4770833328125 0.22265625 0.4916666671875 0.24765625 0.5020833328125 0.2671875 0.5177083328125 0.28515625 0.5239583328124999 0.2921875 0.534375 0.29453125 0.5458333328125
0 0.3610161515625 0.352269528125 0.36073255625 0.3356319671875 0.413481184375 0.2664348421875 0.4117796171875 0.2532004203125 0.4117796171875 0.2516879140625 0.4044061515625 0.24752852343749998 0.39618190468750003 0.2471503984375 0.3644192890625 0.2838286546875 0.35704582500000004 0.289122425 0.3474036015625 0.309163121875 0.3289699421875 0.3095412484375 0.2359508546875 0.4244916640625 0.2402047765625 0.4377260875 0.2504141890625 0.45322926875 0.261474384375 0.46343868125 0.2705494171875 0.4641949328125 0.28955026875 0.43848234062499997 0.3610161515625 0.352269528125
0 0.32578125 0.2625 0.33046875 0.24895833281250002 0.33984375 0.175 0.3375 0.1552083328125 0.32578125 0.14895833281249998 0.31015625 0.146875 0.30703125 0.1552083328125 0.29765625 0.23125 0.29765625 0.24895833281250002 0.3015625 0.259375 0.30234375 0.271875 0.2984375 0.284375 0.29453125 0.3291666671875 0.29453125 0.33645833281250004 0.29453125 0.34375 0.2984375 0.34375 0.31796875 0.31875 0.31796875 0.3072916671875 0.3234375 0.2958333328125 0.32578125 0.2625
0 0.4859375 0.43854166718750004 0.49609375 0.43333333281249997 0.51953125 0.4302083328125 0.525 0.42083333281249996 0.525 0.4125 0.521875 0.40625 0.51484375 0.40416666718750005 0.49453125 0.40833333281249995 0.465625 0.40833333281249995 0.4515625 0.4135416671875 0.4421875 0.4125 0.43515625 0.40729166718750004 0.403125 0.40729166718750004 0.32265625 0.42291666718750004 0.309375 0.4270833328125 0.3046875 0.4322916671875 0.3046875 0.43819444531249996 0.3078125 0.48125 0.3265625 0.48333333281249996 0.42421875 0.465625 0.4390625 0.459375 0.45859375 0.43958333281249995 0.4859375 0.43854166718750004
0 0.4078125 0.3958333328125 0.4140625 0.4010416671875 0.425 0.4010416671875 0.43046875 0.3947916671875 0.43515625 0.396875 0.43671875 0.3916666671875 0.4609375 0.378125 0.5 0.3604166671875 0.51875 0.346875 0.515625 0.3416666671875 0.509375 0.3 0.5015625 0.2864583328125 0.4921875 0.2875 0.46953125 0.2958333328125 0.40625 0.3302083328125 0.39609375 0.3385416671875 0.384375 0.3645833328125 0.371875 0.36666666718749996 0.3296875 0.39375 0.31796875 0.4114583328125 0.3171875 0.4125 0.32109375 0.42083333281249996 0.3265625 0.421875 0.35625 0.4125 0.378125 0.409375 0.4 0.3947916671875 0.4078125 0.3958333328125
0 0.6546875 0.3802083328125 0.65859375 0.3739583328125 0.659375 0.35625 0.6578125 0.34375 0.65390625 0.33645833281250004 0.6375 0.334375 0.5765625 0.3427083328125 0.56640625 0.3458333328125 0.55234375 0.3583333328125 0.53515625 0.3572916671875 0.4953125 0.3635416671875 0.478125 0.3739583328125 0.478125 0.3770833328125 0.48515625 0.3864583328125 0.50234375 0.3916666671875 0.55625 0.384375 0.56796875 0.3916666671875 0.61953125 0.3875 0.6546875 0.3802083328125
2 0.71875 0.5760416671875 0.74453125 0.5729166671875 0.7671875 0.5635416671875 0.77109375 0.5552083328124999 0.77109375 0.540625 0.759375 0.38125 0.75234375 0.3427083328125 0.728125 0.3166666671875 0.72890625 0.30520833281250004 0.73671875 0.2958333328125 0.734375 0.2864583328125 0.73671875 0.275 0.73359375 0.265625 0.70078125 0.265625 0.67734375 0.27291666718749996 0.66875 0.2791666671875 0.6703125 0.3104166671875 0.67734375 0.3135416671875 0.68203125 0.3260416671875 0.6796875 0.33541666718749996 0.66328125 0.3583333328125 0.6609375 0.3895833328125 0.6609375 0.396875 0.66953125 0.475 0.67109375 0.5239583328124999 0.67421875 0.534375 0.67734375 0.5666666671875 0.69140625 0.5760416671875 0.71875 0.5760416671875
2 0.6421875 0.30416666718749996 0.7046875 0.1885416671875 0.7109375 0.1604166671875 0.7078125 0.1552083328125 0.709375 0.1458333328125 0.71796875 0.1270833328125 0.73203125 0.1166666671875 0.7453125 0.0958333328125 0.74765625 0.08854166718749999 0.746875 0.0770833328125 0.7390625 0.059375 0.72578125 0.0447916671875 0.71171875 0.0354166671875 0.69921875 0.034375 0.69296875 0.0375 0.678125 0.06875 0.67890625 0.08333333281250001 0.67578125 0.0927083328125 0.6484375 0.11145833281249999 0.63671875 0.12395833281249999 0.58359375 0.22291666718749997 0.57421875 0.24479166718749998 0.57421875 0.2520833328125 0.5765625 0.2614583328125 0.58359375 0.27291666718749996 0.60703125 0.2989583328125 0.628125 0.3104166671875 0.634375 0.3104166671875 0.6421875 0.30416666718749996
2 0.46640625 0.1760416671875 0.471875 0.1864583328125 0.478125 0.1833333328125 0.48125 0.1864583328125 0.496875 0.184375 0.503125 0.1875 0.61875 0.1520833328125 0.6296875 0.1354166671875 0.63125 0.128125 0.628125 0.12395833281249999 0.625 0.1010416671875 0.62578125 0.08854166718749999 0.61953125 0.053125 0.61484375 0.0416666671875 0.60859375 0.0375 0.5890625 0.040625 0.5 0.06875 0.47265625 0.1020833328125 0.459375 0.1125 0.45078125 0.1125 0.44375 0.103125 0.4234375 0.1052083328125 0.41875 0.1125 0.41875 0.115625 0.42890625 0.17916666718750002 0.43359375 0.19375 0.4375 0.1979166671875 0.459375 0.1885416671875 0.4609375 0.18125 0.46640625 0.1760416671875
0 0.634375 0.6395833328125 0.64296875 0.5958333328125 0.64609375 0.5927083328125 0.65 0.5760416671875 0.6578125 0.5583333328125 0.6609375 0.5364583328125 0.66796875 0.515625 0.66796875 0.48229166718750005 0.665625 0.4770833328125 0.646875 0.471875 0.63984375 0.4760416671875 0.62265625 0.5541666671875001 0.621875 0.565625 0.625 0.5833333328125 0.615625 0.6145833328125 0.609375 0.6541666671875 0.609375 0.6552083328125 0.6109375 0.6635416671875001 0.6171875 0.66875 0.6265625 0.66875 0.63046875 0.659375 0.628125 0.653125 0.634375 0.6395833328125