0 0.4791666671875 0.74453125 0.540625 0.76484375 0.565625 0.7671875 0.5760416671875 0.775 0.578125 0.784375 0.5875 0.7890625 0.725 0.8234375 0.734375 0.82265625 0.7416666671875001 0.815625 0.75 0.7953125 0.7510416671875 0.77421875 0.740625 0.76640625 0.603125 0.7328125 0.5875 0.73984375 0.5729166671875 0.740625 0.5489583328125 0.73203125 0.48125 0.721875 0.47291666718750003 0.72421875 0.46770833281249996 0.7296875 0.47083333281249995 0.73828125 0.4791666671875 0.74453125
0 0.3854166671875 0.72265625 0.46875 0.81796875 0.4760416671875 0.821875 0.4916666671875 0.8234375 0.5 0.840625 0.521875 0.8578125 0.540625 0.88046875 0.553125 0.8859375 0.5604166671875 0.88515625 0.5666666671875 0.88046875 0.5677083328125 0.87265625 0.546875 0.846875 0.534375 0.821875 0.5166666671875 0.80703125 0.5208333328125 0.79921875 0.5197916671875 0.78984375 0.471875 0.73828125 0.46458333281249997 0.72578125 0.4322916671875 0.6890625 0.421875 0.6875 0.4010416671875 0.69609375 0.3802083328125 0.70859375 0.3791666671875 0.71328125 0.3854166671875 0.72265625
0 0.471875 0.7 0.490625 0.70234375 0.5104166671875 0.715625 0.5822916671875 0.7328125 0.5979166671875 0.7328125 0.6052083328125 0.72578125 0.6083333328125 0.7078125 0.5958333328125 0.7015625 0.5229166671875001 0.68359375 0.496875 0.68515625 0.4770833328125 0.678125 0.41979166718750005 0.66796875 0.4135416671875 0.6703125 0.41041666718750003 0.675 0.4145833328125 0.68359375 0.471875 0.7
0 0.696875 0.6203125 0.70625 0.6390625 0.7864583328125 0.69296875 0.8010416671874999 0.6953125 0.8104166671874999 0.69140625 0.825 0.678125 0.8239583328125001 0.6734375 0.775 0.63984375 0.7552083328125 0.6296875 0.7375 0.61484375 0.7319261296875 0.608020759375 0.7203531015625 0.608020759375 0.7125 0.60546875 0.7052083328125 0.59765625 0.6677083328125 0.571875 0.6489583328124999 0.56015625 0.6395833328125 0.55859375 0.6270833328125 0.56328125 0.6291666671875 0.571875 0.6572916671875 0.59609375 0.696875 0.6203125
0 0.3875 0.36015625 0.3291666671875 0.3875 0.321875 0.39375 0.31875 0.40703125 0.325 0.41015625 0.3395833328125 0.40859375 0.39895833281250004 0.38671875 0.4135416671875 0.37578125 0.44375 0.37265625 0.5260416671875 0.33828125 0.5385416671875001 0.328125 0.5229166671875001 0.3046875 0.51875 0.30078125 0.5125 0.30078125 0.42083333281249996 0.33828125 0.4114583328125 0.34375 0.40208333281249997 0.35625 0.3875 0.36015625
0 0.5447916671875 0.334375 0.5260416671875 0.33671875 0.46875 0.36015625 0.4604166671875 0.36875 0.4614583328125 0.3765625 0.46770833281249996 0.3796875 0.48020833281249997 0.38046875 0.5083333328124999 0.37265625 0.51875 0.37265625 0.525 0.36796875 0.5427083328125 0.36328125 0.5604166671875 0.35390625 0.56875 0.3546875 0.575 0.35859375 0.59375 0.35625 0.7322916671875 0.30625 0.7385416671875 0.30078125 0.7333333328125 0.2828125 0.7229166671875 0.26640625 0.7104166671875001 0.2640625 0.5760416671875 0.30859375 0.5583333328125 0.3171875 0.55 0.33125 0.5447916671875 0.334375
2 0.63125 0.38828125 0.6125 0.41171875 0.6052083328125 0.4125 0.59375 0.4046875 0.5635416671875 0.40625 0.5583333328125 0.4125 0.5583333328125 0.41953125 0.5729166671875 0.465625 0.5822916671875 0.47109375 0.6041666671875 0.46953125 0.6145833328125 0.465625 0.621875 0.45546875 0.6333333328124999 0.45546875 0.6677083328125 0.46875 0.6822916671875 0.46875 0.8229166671874999 0.44140625 0.86875 0.4296875 0.8770833328125001 0.4234375 0.8802083328125001 0.4140625 0.8770833328125001 0.384375 0.8677083328125 0.3578125 0.8583333328125 0.34375 0.8510416671875 0.3390625 0.840625 0.3375 0.7645833328125 0.3515625 0.7104166671875001 0.36640625 0.6447916671875 0.38046875 0.63125 0.38828125
0 0.7 0.3421875 0.6916666671875 0.3453125 0.6885416671875 0.35 0.6895833328125 0.35625 0.6989583328125 0.36015625 0.7447916671875 0.35625 0.834375 0.33828125 0.85 0.3390625 0.8635416671874999 0.3484375 0.8916666671875 0.34609375 0.8989583328125 0.33984375 0.8979166671875 0.32109375 0.890625 0.31484375 0.878125 0.31484375 0.7916666671875 0.32421875 0.7729166671875001 0.334375 0.75 0.334375 0.7 0.3421875
0 0.4375 0.425 0.5239583328124999 0.50078125 0.553125 0.5046875 0.565625 0.51953125 0.6072916671875 0.55390625 0.625 0.56171875 0.6354166671875 0.56171875 0.640625 0.55703125 0.6364583328125 0.5421875 0.596875 0.50234375 0.5770833328125 0.48671875 0.5760416671875 0.4796875 0.58125 0.471875 0.5770833328125 0.46484375 0.5 0.39453125 0.48645833281249995 0.38359375 0.4760416671875 0.3828125 0.46458333281249997 0.3859375 0.4322916671875 0.409375 0.43125 0.415625 0.4375 0.425
2 0.74375 0.57421875 0.7260416671875001 0.59375 0.7260416671875001 0.6078125 0.73125 0.6109375 0.7447916671875 0.6125 0.7510416671875 0.61953125 0.8208333328125 0.6640625 0.8395833328125001 0.68046875 0.9010416671874999 0.69765625 0.9052083328125 0.703125 0.8989583328125 0.70625 0.9 0.71171875 0.9208333328125 0.7296875 0.9395833328125001 0.73359375 0.9645833328125001 0.725 0.9791666671874999 0.7140625 0.9916666671875 0.6984375 0.990625 0.68203125 0.9645833328125001 0.66640625 0.9572916671874999 0.6640625 0.946875 0.66484375 0.9302083328125 0.65703125 0.9145833328125 0.62109375 0.8177083328125001 0.55703125 0.8 0.54765625 0.7885416671875001 0.546875 0.7697916671875 0.55703125 0.7614583328125 0.56796875 0.7520833328125 0.5671875 0.74375 0.57421875
2 0.7302083328125 0.50546875 0.753125 0.5125 0.7760416671875 0.51171875 0.7864583328125 0.5203125 0.796875 0.54140625 0.8104166671874999 0.55390625 0.8177083328125001 0.55546875 0.8479166671874999 0.575 0.9302083328125 0.61875 0.9427083328125001 0.6203125 0.95625 0.6171875 0.9864583328125001 0.5984375 1 0.58359375 0.9979166671874999 0.5515625 0.878125 0.4875 0.859375 0.48125 0.8166666671874999 0.475 0.809375 0.47109375 0.8083333328125001 0.46328125 0.7927083328125 0.4546875 0.7895833328124999 0.45 0.7697916671875 0.45 0.7458333328125 0.46953125 0.728125 0.4890625 0.725 0.50078125 0.7302083328125 0.50546875
2 0.5239583328124999 0 0.40520833281249996 0.090625 0.3875 0.1140625 0.384375 0.153125 0.3739583328125 0.1515625 0.36770833281250004 0.14609375 0.3625 0.1453125 0.3375 0.16328125 0.3385416671875 0.17109375 0.3479166671875 0.18125 0.3927083328125 0.215625 0.40729166718750004 0.21640625 0.42395833281249995 0.2015625 0.42395833281249995 0.19140625 0.42083333281249996 0.1875 0.42395833281249995 0.18359375 0.446875 0.18203125 0.465625 0.184375 0.478125 0.18046875 0.58999625 0.0908259453125 0.603125 0.08046875 0.6145833328125 0.0734375 0.6197916671875 0.06640625 0.6197916671875 0.05078125 0.6166666671875001 0.04375 0.6010416671875001 0.021875 0.5875 0.009375 0.571875 0 0.5239583328124999 0