2 0.5197916671875 0.4078125 0.5697916671875001 0.38203125 0.5979166671875 0.3625 0.6520833328125 0.3375 0.6666666671875 0.32734375 0.6875 0.309375 0.69375 0.28515625 0.7302083328125 0.2765625 0.7385416671875 0.27109375 0.7416666671875001 0.25859375 0.7354166671875 0.24453125 0.7083333328125 0.21796875 0.6979166671875 0.21328125 0.6885416671875 0.21328125 0.6645833328124999 0.228125 0.6541666671875 0.240625 0.6416666671875 0.2390625 0.6385416671875 0.23515625 0.6364583328125 0.23828125 0.61875 0.23984375 0.590625 0.2515625 0.521875 0.28828125 0.446875 0.334375 0.4458333328125 0.340625 0.4760416671875 0.3796875 0.5041666671875 0.40546875 0.5197916671875 0.4078125
2 0.5854166671875001 0.4484375 0.5833333328125 0.44140625 0.5875 0.43671875 0.6145833328125 0.43203125 0.65 0.43046875 0.6875 0.4203125 0.7822916671875 0.38046875 0.80625 0.3671875 0.8114583328125 0.3609375 0.8125 0.35078125 0.80625 0.33046875 0.7791666671875 0.3015625 0.76875 0.296875 0.753125 0.2984375 0.6270833328125 0.35078125 0.6083333328125 0.3640625 0.5923611109375 0.38385416562499997 0.578125 0.38984375 0.5729166671875 0.3875 0.559375 0.38984375 0.540625 0.39921875 0.5395833328124999 0.40390625 0.5520833328125 0.42421875 0.5802083328125 0.4515625 0.5854166671875001 0.4484375
2 0.728125 0.54765625 0.7541666671875 0.54609375 0.7791666671875 0.53984375 0.7885416671875001 0.54140625 0.80625 0.55234375 0.8302083328125001 0.5578125 0.8416666671874999 0.55703125 0.8489583328125001 0.55234375 0.865625 0.51796875 0.8625 0.4984375 0.8541666671874999 0.49296875 0.8291666671875 0.48984375 0.809375 0.4921875 0.7572916671875001 0.47265625 0.7520833328125 0.46796875 0.6510416671875 0.4515625 0.5916666671875 0.453125 0.5854166671875001 0.4578125 0.5864583328124999 0.475 0.5770833328125 0.4921875 0.5760416671875 0.5171875 0.5958333328125 0.52734375 0.6239583328125 0.52890625 0.728125 0.54765625
2 0.8375 0.68203125 0.8625 0.684375 0.890625 0.675 0.903125 0.678125 0.9291666671875 0.69296875 0.9458333328125 0.69375 0.9635416671874999 0.6828125 0.9791666671874999 0.65390625 0.9791666671874999 0.63984375 0.9708333328125001 0.62890625 0.9395833328125001 0.62265625 0.9239583328125001 0.62578125 0.9125 0.62265625 0.8958333328125001 0.6015625 0.8770833328125001 0.590625 0.7114583328124999 0.54609375 0.6947916671875001 0.54453125 0.684375 0.5484375 0.6625 0.5796875 0.65625 0.5953125 0.65 0.6171875 0.65625 0.63203125 0.6614583328125 0.63515625 0.8375 0.68203125
0 0.41875 0.4203125 0.42395833281249995 0.43515625 0.41875 0.4390625 0.4322916671875 0.44140625 0.44166666718750003 0.43125 0.440625 0.41796875 0.425 0.36796875 0.425 0.33671875 0.4 0.26484375 0.3958333328125 0.26015625 0.3791666671875 0.259375 0.3552083328125 0.26796875 0.3572916671875 0.28671875 0.3760416671875 0.34140625 0.3947916671875 0.36484375 0.41875 0.4203125
0 0.8520833328125 0.4453125 0.8635416671874999 0.4234375 0.8760416671875 0.42109375 0.8864583328125001 0.41484375 0.9479166671874999 0.3171875 0.95 0.30625 0.9458333328125 0.3015625 0.9260416671874999 0.29375 0.9083333328125001 0.29140625 0.8958333328125001 0.290625 0.88125 0.2953125 0.8197916671875 0.39609375 0.828125 0.4078125 0.8270833328125 0.4203125 0.81875 0.4296875 0.79375 0.47734375 0.79375 0.48515625 0.8125 0.49140625 0.81875 0.4890625 0.8520833328125 0.4453125
0 0.86875 0.5140625 0.890625 0.471875 0.903125 0.46328125 0.9114583328125001 0.45078125 0.9364583328125 0.40390625 0.9364583328125 0.3921875 0.9208333328125 0.38671875 0.9072916671875 0.3859375 0.8677083328125 0.4421875 0.865625 0.46624999999999994 0.8541666671874999 0.49140625 0.8645833328125001 0.5015625 0.86875 0.5140625
0 0.6802083328124999 0.44765625 0.6958333328124999 0.45234375 0.721875 0.453125 0.7927083328125 0.44765625 0.8072916671874999 0.44375 0.8145833328125001 0.43515625 0.815625 0.42734375 0.8135416671875 0.41953125 0.80625 0.41484375 0.7885416671875001 0.4109375 0.7645833328125 0.41171875 0.7010416671875 0.41640625 0.6739583328125 0.42578125 0.66875 0.42421875 0.6458333328125 0.43046875 0.5947916671875 0.4328125 0.56875 0.43828125 0.5760416671875 0.4484375 0.5895833328125 0.4515625 0.66875 0.4515625 0.6802083328124999 0.44765625
0 0.5052083328125 0.5875 0.5197916671875 0.59453125 0.5666666671875 0.6234375 0.5927083328125 0.64453125 0.5947916671875 0.6546875 0.60625 0.659375 0.6145833328125 0.6578125 0.6260416671875 0.6609375 0.6447916671875 0.67734375 0.6927083328125 0.696875 0.7145833328125 0.7015625 0.725 0.69609375 0.728125 0.68828125 0.7229166671875 0.68125 0.690625 0.66015625 0.6770833328125 0.6453125 0.6583333328125 0.6359375 0.6489583328124999 0.61875 0.575 0.5703125 0.565625 0.5609375 0.5520833328125 0.5546875 0.54375 0.54609375 0.5239583328124999 0.5453125 0.509375 0.5546875 0.49375 0.571875 0.49375 0.58359375 0.49895833281249996 0.58515625 0.5010416671875 0.590625 0.5052083328125 0.5875
0 0.4458333328125 0.86640625 0.4458333328125 0.8921875 0.45104166718750005 0.896875 0.4625 0.8984375 0.4739583328125 0.88828125 0.471875 0.86640625 0.4770833328125 0.840625 0.47291666718750003 0.8296875 0.4791666671875 0.81484375 0.4875 0.80703125 0.48541666718750004 0.68125 0.4739583328125 0.6765625 0.43854166718750004 0.6765625 0.4270833328125 0.68125 0.4291666671875 0.8078125 0.4427083328125 0.8265625 0.43958333281249995 0.84453125 0.4458333328125 0.86640625
0 0.3395833328125 0.5953125 0.35208333281250004 0.59921875 0.371875 0.6078125 0.3770833328125 0.61328125 0.4125 0.62578125 0.453125 0.634375 0.46458333281249997 0.61953125 0.46875 0.60703125 0.4625 0.603125 0.4 0.58359375 0.38333333281250004 0.5796875 0.3583333328125 0.57890625 0.2979166671875 0.56015625 0.284375 0.56015625 0.278125 0.5671875 0.278125 0.5765625 0.284375 0.5796875 0.325 0.5953125 0.3395833328125 0.5953125
0 0.459375 0.3234375 0.4927083328125 0.30390625 0.5583333328125 0.27109375 0.5833333328125 0.25546875 0.5864583328124999 0.25 0.5979166671875 0.24765625 0.628125 0.23203125 0.65 0.21484375 0.6552083328125 0.20078125 0.6489583328124999 0.1890625 0.6302083328125 0.171875 0.6145833328125 0.17109375 0.5916666671875 0.18203125 0.5760416671875 0.19609375 0.503125 0.24140625 0.5 0.24375 0.503125 0.25234375 0.49583333281249997 0.26328125 0.425 0.31953125 0.42291666718750004 0.3265625 0.4270833328125 0.3328125 0.440625 0.34140625 0.459375 0.3234375