2 0.6072916671875 0 0.596875 0.0171875 0.596875 0.02890625 0.6479166671875001 0.16875 0.6541666671875 0.17734375 0.6875 0.18984375 0.6864583328125 0.20078125 0.6822916671875 0.20625 0.6864583328125 0.2265625 0.69375 0.23515625 0.740625 0.22578125 0.7645833328125 0.2171875 0.7760416671875 0.21015625 0.778125 0.19921875 0.7677083328125 0.18125 0.7552083328125 0.17421875 0.759375 0.1578125 0.7635416671875 0.15546875 0.76875 0.14453125 0.7677083328125 0.125 0.728125 0.015625 0.7239583328125 0.00859375 0.7114583328124999 0 0.6875 0 0.6854166671875 0.003125 0.6833333328125 0 0.6779017859375001 0 0.6072916671875 0
0 0.38333333281250004 0.33359375 0.3864583328125 0.35703125 0.378125 0.37265625 0.375 0.390625 0.3645833328125 0.41875 0.36666666718749996 0.42421875 0.3802083328125 0.42890625 0.384375 0.428125 0.3875 0.4234375 0.409375 0.37265625 0.4291666671875 0.3375 0.453125 0.2703125 0.453125 0.26328125 0.4479166671875 0.259375 0.42395833281249995 0.253125 0.4166666671875 0.253125 0.4125 0.25390625 0.40729166718750004 0.26015625 0.3916666671875 0.30234375 0.38333333281250004 0.33359375
0 0.4760416671875 0.28515625 0.465625 0.2921875 0.45416666718750004 0.29453125 0.4447916671875 0.30703125 0.4 0.3984375 0.39895833281250004 0.40390625 0.40416666718750005 0.40703125 0.4479166671875 0.4203125 0.4614583328125 0.41875 0.48333333281249996 0.38828125 0.48541666718750004 0.3765625 0.49375 0.36484375 0.509375 0.32890625 0.5125 0.309375 0.5020833328125 0.29453125 0.5166666671875 0.27890625 0.5302083328125 0.24609375 0.534375 0.2203125 0.5270833328125 0.21328125 0.5229166671875001 0.21328125 0.5083333328124999 0.22265625 0.49791666718750005 0.24765625 0.48229166718750005 0.2671875 0.4760416671875 0.28515625
0 0.5358050671875 0.2705494171875 0.561517659375 0.28955026875 0.647730471875 0.3610161515625 0.6643680328125 0.36073255625 0.7335651578125 0.413481184375 0.7467995796875 0.4117796171875 0.7483120859375 0.4117796171875 0.7524714765625 0.4044061515625 0.7528496015624999 0.39618190468750003 0.7161713453125 0.3644192890625 0.710877575 0.35704582500000004 0.690836878125 0.3474036015625 0.6904587515625 0.3289699421875 0.5755083359375 0.2359508546875 0.5622739125 0.2402047765625 0.54677073125 0.2504141890625 0.53656131875 0.261474384375 0.5358050671875 0.2705494171875
0 0.6927083328125 0.31796875 0.7041666671875 0.3234375 0.7375 0.32578125 0.7510416671875 0.33046875 0.825 0.33984375 0.8447916671875 0.3375 0.8510416671875 0.32578125 0.853125 0.31015625 0.8447916671875 0.30703125 0.76875 0.29765625 0.7510416671875 0.29765625 0.740625 0.3015625 0.728125 0.30234375 0.715625 0.2984375 0.6708333328125 0.29453125 0.6635416671875001 0.29453125 0.65625 0.29453125 0.65625 0.2984375 0.68125 0.31796875 0.6927083328125 0.31796875
0 0.540625 0.4390625 0.5604166671875 0.45859375 0.5614583328125 0.4859375 0.5666666671875 0.49609375 0.5697916671875001 0.51953125 0.5791666671875 0.525 0.5875 0.525 0.59375 0.521875 0.5958333328125 0.51484375 0.5916666671875 0.49453125 0.5916666671875 0.465625 0.5864583328124999 0.4515625 0.5875 0.4421875 0.5927083328125 0.43515625 0.5927083328125 0.403125 0.5770833328125 0.32265625 0.5729166671875 0.309375 0.5677083328125 0.3046875 0.5618055546875 0.3046875 0.51875 0.3078125 0.5166666671875 0.3265625 0.534375 0.42421875 0.540625 0.4390625
0 0.590625 0.378125 0.6052083328125 0.4 0.6041666671875 0.4078125 0.5989583328125 0.4140625 0.5989583328125 0.425 0.6052083328125 0.43046875 0.603125 0.43515625 0.6083333328125 0.43671875 0.621875 0.4609375 0.6395833328125 0.5 0.653125 0.51875 0.6583333328125 0.515625 0.7 0.509375 0.7135416671875 0.5015625 0.7125 0.4921875 0.7041666671875 0.46953125 0.6697916671875 0.40625 0.6614583328125 0.39609375 0.6354166671875 0.384375 0.6333333328124999 0.371875 0.60625 0.3296875 0.5885416671875 0.31796875 0.5875 0.3171875 0.5791666671875 0.32109375 0.578125 0.3265625 0.5875 0.35625 0.590625 0.378125
0 0.6083333328125 0.56796875 0.6125 0.61953125 0.6197916671875 0.6546875 0.6260416671875 0.65859375 0.64375 0.659375 0.65625 0.6578125 0.6635416671875001 0.65390625 0.665625 0.6375 0.6572916671875 0.5765625 0.6541666671875 0.56640625 0.6416666671875 0.55234375 0.6427083328125 0.53515625 0.6364583328125 0.4953125 0.6260416671875 0.478125 0.6229166671875 0.478125 0.6135416671875 0.48515625 0.6083333328125 0.50234375 0.615625 0.55625 0.6083333328125 0.56796875
2 0.43333333281249997 0.67734375 0.42395833281249995 0.69140625 0.42395833281249995 0.71875 0.4270833328125 0.74453125 0.43645833281249996 0.7671875 0.4447916671875 0.77109375 0.459375 0.77109375 0.61875 0.759375 0.6572916671875 0.75234375 0.6833333328125 0.728125 0.6947916671875001 0.72890625 0.7041666671875 0.73671875 0.7135416671875 0.734375 0.725 0.73671875 0.734375 0.73359375 0.734375 0.70078125 0.7270833328124999 0.67734375 0.7208333328125 0.66875 0.6895833328125 0.6703125 0.6864583328125 0.67734375 0.6739583328125 0.68203125 0.6645833328124999 0.6796875 0.6416666671875 0.66328125 0.6104166671875 0.6609375 0.603125 0.6609375 0.525 0.66953125 0.4760416671875 0.67109375 0.465625 0.67421875 0.43333333281249997 0.67734375
2 0.6895833328125 0.628125 0.6895833328125 0.634375 0.6958333328124999 0.6421875 0.8114583328125 0.7046875 0.8395833328125001 0.7109375 0.8447916671875 0.7078125 0.8541666671874999 0.709375 0.8729166671874999 0.71796875 0.8833333328125 0.73203125 0.9041666671874999 0.7453125 0.9114583328125001 0.74765625 0.9229166671875 0.746875 0.940625 0.7390625 0.9552083328125001 0.72578125 0.9645833328125001 0.71171875 0.965625 0.69921875 0.9625 0.69296875 0.93125 0.678125 0.9166666671874999 0.67890625 0.9072916671875 0.67578125 0.8885416671874999 0.6484375 0.8760416671875 0.63671875 0.7770833328125 0.58359375 0.7552083328125 0.57421875 0.7479166671875 0.57421875 0.7385416671875 0.5765625 0.7270833328124999 0.58359375 0.7010416671875 0.60703125 0.6895833328125 0.628125
2 0.8114583328125 0.459375 0.81875 0.4609375 0.8239583328125001 0.46640625 0.8135416671875 0.471875 0.8166666671874999 0.478125 0.8135416671875 0.48125 0.815625 0.496875 0.8125 0.503125 0.8479166671874999 0.61875 0.8645833328125001 0.6296875 0.871875 0.63125 0.8760416671875 0.628125 0.8989583328125 0.625 0.9114583328125001 0.62578125 0.946875 0.61953125 0.9583333328125001 0.61484375 0.9625 0.60859375 0.959375 0.5890625 0.93125 0.5 0.8979166671875 0.47265625 0.8875 0.459375 0.8875 0.45078125 0.896875 0.44375 0.8947916671874999 0.4234375 0.8875 0.41875 0.884375 0.41875 0.8208333328125 0.42890625 0.80625 0.43359375 0.8020833328125001 0.4375 0.8114583328125 0.459375
0 0.340625 0.63046875 0.346875 0.628125 0.3604166671875 0.634375 0.40416666718750005 0.64296875 0.40729166718750004 0.64609375 0.42395833281249995 0.65 0.44166666718750003 0.6578125 0.4635416671875 0.6609375 0.484375 0.66796875 0.5177083328125 0.66796875 0.5229166671875001 0.665625 0.528125 0.646875 0.5239583328124999 0.63984375 0.4458333328125 0.62265625 0.434375 0.621875 0.4166666671875 0.625 0.3854166671875 0.615625 0.3458333328125 0.609375 0.3447916671875 0.609375 0.33645833281250004 0.6109375 0.33125 0.6171875 0.33125 0.6265625 0.340625 0.63046875