0 0.784375 0.421875 0.7890625 0.4125 0.8234375 0.275 0.82265625 0.265625 0.815625 0.25833333281250004 0.7953125 0.25 0.77421875 0.24895833281250002 0.76640625 0.259375 0.7328125 0.396875 0.73984375 0.4125 0.740625 0.4270833328125 0.73203125 0.45104166718750005 0.721875 0.51875 0.72421875 0.5270833328125 0.7296875 0.5322916671875 0.73828125 0.5291666671875 0.74453125 0.5208333328125 0.76484375 0.459375 0.7671875 0.434375 0.775 0.42395833281249995 0.784375 0.421875
0 0.840625 0.5 0.8578125 0.478125 0.88046875 0.459375 0.8859375 0.446875 0.88515625 0.43958333281249995 0.88046875 0.43333333281249997 0.87265625 0.4322916671875 0.846875 0.453125 0.821875 0.465625 0.80703125 0.48333333281249996 0.79921875 0.4791666671875 0.78984375 0.48020833281249997 0.73828125 0.528125 0.72578125 0.5354166671875 0.6890625 0.5677083328125 0.6875 0.578125 0.69609375 0.5989583328125 0.70859375 0.6197916671875 0.71328125 0.6208333328125 0.72265625 0.6145833328125 0.81796875 0.53125 0.821875 0.5239583328124999 0.8234375 0.5083333328124999 0.840625 0.5
0 0.7328125 0.40208333281249997 0.72578125 0.3947916671875 0.7078125 0.3916666671875 0.7015625 0.40416666718750005 0.68359375 0.4770833328125 0.68515625 0.503125 0.678125 0.5229166671875001 0.66796875 0.5802083328125 0.6703125 0.5864583328124999 0.675 0.5895833328125 0.68359375 0.5854166671875001 0.7 0.528125 0.70234375 0.509375 0.715625 0.4895833328125 0.7328125 0.41770833281249997 0.7328125 0.40208333281249997
0 0.69140625 0.1895833328125 0.678125 0.175 0.6734375 0.1760416671875 0.63984375 0.225 0.6296875 0.24479166718749998 0.61484375 0.2625 0.608020759375 0.26807387031249996 0.608020759375 0.2796468984375 0.60546875 0.2875 0.59765625 0.2947916671875 0.571875 0.3322916671875 0.56015625 0.35104166718749996 0.55859375 0.3604166671875 0.56328125 0.3729166671875 0.571875 0.3708333328125 0.59609375 0.3427083328125 0.6203125 0.303125 0.6390625 0.29375 0.69296875 0.21354166718749998 0.6953125 0.1989583328125 0.69140625 0.1895833328125
0 0.41015625 0.675 0.40859375 0.6604166671875 0.38671875 0.6010416671875001 0.37578125 0.5864583328124999 0.37265625 0.55625 0.33828125 0.4739583328125 0.328125 0.4614583328125 0.3046875 0.4770833328125 0.30078125 0.48125 0.30078125 0.4875 0.33828125 0.5791666671875 0.34375 0.5885416671875 0.35625 0.5979166671875 0.36015625 0.6125 0.3875 0.6708333328125 0.39375 0.678125 0.40703125 0.68125 0.41015625 0.675
0 0.3765625 0.5385416671875001 0.3796875 0.5322916671875 0.38046875 0.5197916671875 0.37265625 0.4916666671875 0.37265625 0.48125 0.36796875 0.475 0.36328125 0.45729166718750003 0.35390625 0.43958333281249995 0.3546875 0.43125 0.35859375 0.425 0.35625 0.40625 0.30625 0.2677083328125 0.30078125 0.2614583328125 0.2828125 0.2666666671875 0.26640625 0.2770833328125 0.2640625 0.28958333281250004 0.30859375 0.42395833281249995 0.3171875 0.44166666718750003 0.33125 0.45 0.334375 0.45520833281249995 0.33671875 0.4739583328125 0.36015625 0.53125 0.36875 0.5395833328124999 0.3765625 0.5385416671875001
2 0.40625 0.43645833281249996 0.4125 0.44166666718750003 0.41953125 0.44166666718750003 0.465625 0.4270833328125 0.47109375 0.41770833281249997 0.46953125 0.3958333328125 0.465625 0.3854166671875 0.45546875 0.378125 0.45546875 0.36666666718749996 0.46875 0.3322916671875 0.46875 0.3177083328125 0.44140625 0.1770833328125 0.4296875 0.13125 0.4234375 0.12291666718750001 0.4140625 0.1197916671875 0.384375 0.12291666718750001 0.3578125 0.13229166718750002 0.34375 0.1416666671875 0.3390625 0.14895833281249998 0.3375 0.159375 0.3515625 0.23541666718749998 0.36640625 0.28958333281250004 0.38046875 0.3552083328125 0.38828125 0.36875 0.41171875 0.3875 0.4125 0.3947916671875 0.4046875 0.40625 0.40625 0.43645833281249996
0 0.36015625 0.3010416671875 0.35625 0.2552083328125 0.33828125 0.165625 0.3390625 0.15 0.3484375 0.1364583328125 0.34609375 0.10833333281249999 0.33984375 0.1010416671875 0.32109375 0.1020833328125 0.31484375 0.109375 0.31484375 0.121875 0.32421875 0.20833333281250002 0.334375 0.2270833328125 0.334375 0.25 0.3421875 0.3 0.3453125 0.3083333328125 0.35 0.3114583328125 0.35625 0.3104166671875 0.36015625 0.3010416671875
0 0.55390625 0.3927083328125 0.56171875 0.375 0.56171875 0.3645833328125 0.55703125 0.359375 0.5421875 0.3635416671875 0.50234375 0.403125 0.48671875 0.42291666718750004 0.4796875 0.42395833281249995 0.471875 0.41875 0.46484375 0.42291666718750004 0.39453125 0.5 0.38359375 0.5135416671875 0.3828125 0.5239583328124999 0.3859375 0.5354166671875 0.409375 0.5677083328125 0.415625 0.56875 0.425 0.5625 0.50078125 0.4760416671875 0.5046875 0.446875 0.51953125 0.434375 0.55390625 0.3927083328125
2 0.6125 0.2552083328125 0.61953125 0.24895833281250002 0.6640625 0.17916666718750002 0.68046875 0.1604166671875 0.69765625 0.09895833281250001 0.703125 0.0947916671875 0.70625 0.1010416671875 0.71171875 0.1 0.7296875 0.0791666671875 0.73359375 0.060416667187499995 0.725 0.0354166671875 0.7140625 0.0208333328125 0.6984375 0.0083333328125 0.68203125 0.009375 0.66640625 0.0354166671875 0.6640625 0.0427083328125 0.66484375 0.053125 0.65703125 0.06979166718749999 0.62109375 0.08541666718749999 0.55703125 0.1822916671875 0.54765625 0.2 0.546875 0.2114583328125 0.55703125 0.23020833281250003 0.56796875 0.23854166718749997 0.5671875 0.2479166671875 0.57421875 0.25625 0.59375 0.27395833281250004 0.6078125 0.27395833281250004 0.6109375 0.26875 0.6125 0.2552083328125
2 0.54140625 0.203125 0.55390625 0.1895833328125 0.55546875 0.1822916671875 0.575 0.1520833328125 0.61875 0.06979166718749999 0.6203125 0.05729166718749999 0.6171875 0.04375 0.5984375 0.0135416671875 0.58359375 0 0.5515625 0.0020833328125000002 0.4875 0.121875 0.48125 0.140625 0.475 0.1833333328125 0.47109375 0.190625 0.46328125 0.1916666671875 0.4546875 0.20729166718749997 0.45 0.2104166671875 0.45 0.23020833281250003 0.46953125 0.2541666671875 0.4890625 0.271875 0.50078125 0.275 0.50546875 0.2697916671875 0.5125 0.246875 0.51171875 0.22395833281250002 0.5203125 0.21354166718749998 0.54140625 0.203125
2 0 0.4760416671875 0.090625 0.5947916671875 0.1140625 0.6125 0.153125 0.615625 0.1515625 0.6260416671875 0.14609375 0.6322916671875001 0.1453125 0.6375 0.16328125 0.6625 0.17109375 0.6614583328125 0.18125 0.6520833328125 0.215625 0.6072916671875 0.21640625 0.5927083328125 0.2015625 0.5760416671875 0.19140625 0.5760416671875 0.1875 0.5791666671875 0.18359375 0.5760416671875 0.18203125 0.553125 0.184375 0.534375 0.18046875 0.521875 0.0908259453125 0.41000375 0.08046875 0.396875 0.0734375 0.3854166671875 0.06640625 0.3802083328125 0.05078125 0.3802083328125 0.04375 0.38333333281250004 0.021875 0.39895833281250004 0.009375 0.4125 0 0.428125 0 0.4760416671875