2 1 0.6072916671875 0.9828125 0.596875 0.97109375 0.596875 0.83125 0.6479166671875001 0.82265625 0.6541666671875 0.81015625 0.6875 0.79921875 0.6864583328125 0.79375 0.6822916671875 0.7734375 0.6864583328125 0.76484375 0.69375 0.77421875 0.740625 0.7828125 0.7645833328125 0.78984375 0.7760416671875 0.80078125 0.778125 0.81875 0.7677083328125 0.82578125 0.7552083328125 0.8421875 0.759375 0.84453125 0.7635416671875 0.85546875 0.76875 0.875 0.7677083328125 0.984375 0.728125 0.99140625 0.7239583328125 1 0.7114583328124999 1 0.6875 0.996875 0.6854166671875 1 0.6833333328125 1 0.6779017859375001 1 0.6072916671875
0 0.58125 0.3645833328125 0.57578125 0.36666666718749996 0.57109375 0.3802083328125 0.571875 0.384375 0.5765625 0.3875 0.62734375 0.409375 0.6625 0.4291666671875 0.7296875 0.453125 0.73671875 0.453125 0.740625 0.4479166671875 0.746875 0.42395833281249995 0.746875 0.4166666671875 0.74609375 0.4125 0.73984375 0.40729166718750004 0.69765625 0.3916666671875 0.66640625 0.38333333281250004 0.64296875 0.3864583328125 0.62734375 0.378125 0.609375 0.375 0.58125 0.3645833328125
0 0.6015625 0.4 0.59609375 0.39895833281250004 0.59296875 0.40416666718750005 0.5796875 0.4479166671875 0.58125 0.4614583328125 0.61171875 0.48333333281249996 0.6234375 0.48541666718750004 0.63515625 0.49375 0.67109375 0.509375 0.690625 0.5125 0.70546875 0.5020833328125 0.72109375 0.5166666671875 0.75390625 0.5302083328125 0.7796875 0.534375 0.78671875 0.5270833328125 0.78671875 0.5229166671875001 0.77734375 0.5083333328124999 0.75234375 0.49791666718750005 0.7328125 0.48229166718750005 0.71484375 0.4760416671875 0.7078125 0.465625 0.70546875 0.45416666718750004 0.69296875 0.4447916671875 0.6015625 0.4
0 0.5865188156250001 0.7335651578125 0.5882203828125 0.7467995796875 0.5882203828125 0.7483120859375 0.5955938484375001 0.7524714765625 0.6038180953125 0.7528496015624999 0.6355807109375 0.7161713453125 0.6429541750000001 0.710877575 0.6525963984375001 0.690836878125 0.6710300578124999 0.6904587515625 0.7640491453125 0.5755083359375 0.7597952234375 0.5622739125 0.7495858109375 0.54677073125 0.738525615625 0.53656131875 0.7294505828125 0.5358050671875 0.71044973125 0.561517659375 0.6389838484375 0.647730471875 0.63926744375 0.6643680328125 0.5865188156250001 0.7335651578125
0 0.66015625 0.825 0.6625 0.8447916671875 0.67421875 0.8510416671875 0.68984375 0.853125 0.69296875 0.8447916671875 0.70234375 0.76875 0.70234375 0.7510416671875 0.6984375 0.740625 0.69765625 0.728125 0.7015625 0.715625 0.70546875 0.6708333328125 0.70546875 0.6635416671875001 0.70546875 0.65625 0.7015625 0.65625 0.68203125 0.68125 0.68203125 0.6927083328125 0.6765625 0.7041666671875 0.67421875 0.7375 0.66953125 0.7510416671875 0.66015625 0.825
0 0.48046875 0.5697916671875001 0.475 0.5791666671875 0.475 0.5875 0.478125 0.59375 0.48515625 0.5958333328125 0.50546875 0.5916666671875 0.534375 0.5916666671875 0.5484375 0.5864583328124999 0.5578125 0.5875 0.56484375 0.5927083328125 0.596875 0.5927083328125 0.67734375 0.5770833328125 0.690625 0.5729166671875 0.6953125 0.5677083328125 0.6953125 0.5618055546875 0.6921875 0.51875 0.6734375 0.5166666671875 0.57578125 0.534375 0.5609375 0.540625 0.54140625 0.5604166671875 0.5140625 0.5614583328125 0.50390625 0.5666666671875 0.48046875 0.5697916671875001
0 0.575 0.5989583328125 0.56953125 0.6052083328125 0.56484375 0.603125 0.56328125 0.6083333328125 0.5390625 0.621875 0.5 0.6395833328125 0.48125 0.653125 0.484375 0.6583333328125 0.490625 0.7 0.4984375 0.7135416671875 0.5078125 0.7125 0.53046875 0.7041666671875 0.59375 0.6697916671875 0.60390625 0.6614583328125 0.615625 0.6354166671875 0.628125 0.6333333328124999 0.6703125 0.60625 0.68203125 0.5885416671875 0.6828125 0.5875 0.67890625 0.5791666671875 0.6734375 0.578125 0.64375 0.5875 0.621875 0.590625 0.6 0.6052083328125 0.5921875 0.6041666671875 0.5859375 0.5989583328125 0.575 0.5989583328125
0 0.340625 0.64375 0.3421875 0.65625 0.34609375 0.6635416671875001 0.3625 0.665625 0.4234375 0.6572916671875 0.43359375 0.6541666671875 0.44765625 0.6416666671875 0.46484375 0.6427083328125 0.5046875 0.6364583328125 0.521875 0.6260416671875 0.521875 0.6229166671875 0.51484375 0.6135416671875 0.49765625 0.6083333328125 0.44375 0.615625 0.43203125 0.6083333328125 0.38046875 0.6125 0.3453125 0.6197916671875 0.34140625 0.6260416671875 0.340625 0.64375
2 0.2328125 0.43645833281249996 0.22890625 0.4447916671875 0.22890625 0.459375 0.240625 0.61875 0.24765625 0.6572916671875 0.271875 0.6833333328125 0.27109375 0.6947916671875001 0.26328125 0.7041666671875 0.265625 0.7135416671875 0.26328125 0.725 0.26640625 0.734375 0.29921875 0.734375 0.32265625 0.7270833328124999 0.33125 0.7208333328125 0.3296875 0.6895833328125 0.32265625 0.6864583328125 0.31796875 0.6739583328125 0.3203125 0.6645833328124999 0.33671875 0.6416666671875 0.3390625 0.6104166671875 0.3390625 0.603125 0.33046875 0.525 0.32890625 0.4760416671875 0.32578125 0.465625 0.32265625 0.43333333281249997 0.30859375 0.42395833281249995 0.28125 0.42395833281249995 0.25546875 0.4270833328125 0.2328125 0.43645833281249996
2 0.2890625 0.8395833328125001 0.2921875 0.8447916671875 0.290625 0.8541666671874999 0.28203125 0.8729166671874999 0.26796875 0.8833333328125 0.2546875 0.9041666671874999 0.25234375 0.9114583328125001 0.253125 0.9229166671875 0.2609375 0.940625 0.27421875 0.9552083328125001 0.28828125 0.9645833328125001 0.30078125 0.965625 0.30703125 0.9625 0.321875 0.93125 0.32109375 0.9166666671874999 0.32421875 0.9072916671875 0.3515625 0.8885416671874999 0.36328125 0.8760416671875 0.41640625 0.7770833328125 0.42578125 0.7552083328125 0.42578125 0.7479166671875 0.4234375 0.7385416671875 0.41640625 0.7270833328124999 0.39296875 0.7010416671875 0.371875 0.6895833328125 0.365625 0.6895833328125 0.3578125 0.6958333328124999 0.2953125 0.8114583328125 0.2890625 0.8395833328125001
2 0.521875 0.8166666671874999 0.51875 0.8135416671875 0.503125 0.815625 0.496875 0.8125 0.38125 0.8479166671874999 0.3703125 0.8645833328125001 0.36875 0.871875 0.371875 0.8760416671875 0.375 0.8989583328125 0.37421875 0.9114583328125001 0.38046875 0.946875 0.38515625 0.9583333328125001 0.39140625 0.9625 0.4109375 0.959375 0.5 0.93125 0.52734375 0.8979166671875 0.540625 0.8875 0.54921875 0.8875 0.55625 0.896875 0.5765625 0.8947916671874999 0.58125 0.8875 0.58125 0.884375 0.57109375 0.8208333328125 0.56640625 0.80625 0.5625 0.8020833328125001 0.540625 0.8114583328125 0.5390625 0.81875 0.53359375 0.8239583328125001 0.528125 0.8135416671875 0.521875 0.8166666671874999
0 0.35390625 0.40729166718750004 0.35 0.42395833281249995 0.3421875 0.44166666718750003 0.3390625 0.4635416671875 0.33203125 0.484375 0.33203125 0.5177083328125 0.334375 0.5229166671875001 0.353125 0.528125 0.36015625 0.5239583328124999 0.37734375 0.4458333328125 0.378125 0.434375 0.375 0.4166666671875 0.384375 0.3854166671875 0.390625 0.3458333328125 0.390625 0.3447916671875 0.3890625 0.33645833281250004 0.3828125 0.33125 0.3734375 0.33125 0.36953125 0.340625 0.371875 0.346875 0.365625 0.3604166671875 0.35703125 0.40416666718750005 0.35390625 0.40729166718750004