1 0.0953125 0.5333333328125 0.08125 0.575 0.096875 0.6479166671875001 0.1078125 0.6770833328125 0.128125 0.7145833328125 0.1609375 0.7541666671875 0.196875 0.78125 0.23125 0.7979166671875 0.2625 0.8041666671875 0.3171875 0.8 0.38125 0.76875 0.434375 0.70625 0.4578125 0.65625 0.4671875 0.6291666671875 0.4671875 0.6020833328124999 0.459375 0.5770833328125 0.4359375 0.5416666671875 0.3953125 0.5166666671875 0.35625 0.5 0.3 0.4875 0.2515625 0.48541666718750004 0.2484375 0.4791666671875 0.246875 0.4770833328125 0.2375 0.48333333281249996 0.1578125 0.4916666671875 0.128125 0.5041666671875 0.0953125 0.5333333328125
1 0.7359375 0.8708333328125001 0.7234375 0.8708333328125001 0.721875 0.8875 0.7265625 0.8895833328125 0.7390625 0.8833333328125 0.7359375 0.8708333328125001
1 0.7203125 0.69375 0.71875 0.7 0.7234375 0.7020833328125 0.721875 0.69375 0.7203125 0.69375
1 0.8984375 0.5 0.8953125 0.48541666718750004 0.88125 0.47083333281249995 0.871875 0.46875 0.8609375 0.4791666671875 0.8546875 0.5 0.8546875 0.5520833328125 0.834375 0.5708333328124999 0.8296875 0.5958333328125 0.8296875 0.625 0.8375 0.6375 0.934375 0.68125 0.9453125 0.6770833328125 0.9609375 0.6583333328125 0.946875 0.6 0.9734375 0.3729166671875 0.9703125 0.34375 0.9609375 0.3333333328125 0.9484375 0.3333333328125 0.9375 0.3458333328125 0.9171875 0.4145833328125 0.903125 0.49583333281249997 0.8984375 0.5
1 0.5078125 0.3958333328125 0.4890625 0.4145833328125 0.4734375 0.40625 0.4546875 0.40833333281249995 0.440625 0.42291666718750004 0.4359375 0.43958333281249995 0.4375 0.48333333281249996 0.4421875 0.5041666671875 0.4609375 0.5395833328124999 0.4609375 0.5729166671875 0.4703125 0.6020833328124999 0.4703125 0.6291666671875 0.4609375 0.65625 0.4625 0.6645833328124999 0.503125 0.7041666671875 0.55 0.7208333328125 0.6125 0.7020833328125 0.6203125 0.6833333328125 0.625 0.6416666671875 0.63125 0.63125 0.653125 0.6145833328125 0.7140625 0.54375 0.74375 0.53125 0.740625 0.4770833328125 0.734375 0.45208333281249996 0.7265625 0.44375 0.71875 0.44375 0.69375 0.4875 0.6640625 0.5229166671875001 0.65625 0.525 0.6515625 0.51875 0.6625 0.45625 0.65 0.43333333281249997 0.609375 0.40833333281249995 0.6234375 0.27291666718749996 0.6171875 0.2479166671875 0.6 0.23958333281250002 0.5984375 0.23958333281250002 0.5890625 0.24375 0.5765625 0.26875 0.553125 0.3958333328125 0.5078125 0.3958333328125
1 0 0.9479166671874999 0.0703125 0.9479166671874999 0.103125 0.9375 0.1421875 0.90625 0.171875 0.8541666671874999 0.175 0.8145833328125001 0.1671875 0.7916666671875 0.1546875 0.7770833328125 0.1375 0.775 0.10625 0.7416666671875001 0.071875 0.7354166671875 0.0703125 0.7291666671875 0.090625 0.69375 0.090625 0.6375 0.0734375 0.6020833328124999 0.0375 0.5791666671875 0.0296875 0.5791666671875 0 0.58125 0 0.9479166671874999
1 0.0734375 0.3729166671875 0.0640625 0.375 0.03125 0.40625 0.0328125 0.43125 0.0859375 0.43541666718750005 0.0953125 0.3291666671875 0.1015625 0.31875 0.1265625 0.3083333328125 0.11875 0.2833333328125 0.0921875 0.25833333281250004 0.0765625 0.2541666671875 0.071875 0.2541666671875 0.0484375 0.2666666671875 0.034375 0.2916666671875 0.06875 0.3458333328125 0.0734375 0.3729166671875
1 0.1859375 0.4 0.1796875 0.3916666671875 0.1875 0.36875 0.16875 0.35208333281250004 0.165625 0.35208333281250004 0.1703125 0.41041666718750003 0.1765625 0.425 0.184375 0.4125 0.1859375 0.4
1 0 0.5520833328125 0.0765625 0.56875 0.0921875 0.5333333328125 0.1078125 0.5145833328125 0.1765625 0.48125 0.1609375 0.3604166671875 0.15625 0.3604166671875 0.153125 0.3395833328125 0.1375 0.33541666718749996 0.1265625 0.31875 0.1125 0.31875 0.1 0.3291666671875 0.084375 0.45 0.0765625 0.45416666718750004 0.06875 0.4479166671875 0 0.4375 0 0.5520833328125
1 0.7765625 0.41875 0.76875 0.46875 0.7859375 0.475 0.8078125 0.46666666718750005 0.8171875 0.45416666718750004 0.8359375 0.45416666718750004 0.840625 0.44166666718750003 0.8296875 0.4145833328125 0.83125 0.34375 0.8234375 0.3270833328125 0.83125 0.3229166671875 0.8109375 0.325 0.7796875 0.30416666718749996 0.7765625 0.30416666718749996 0.775 0.3395833328125 0.7859375 0.35625 0.7765625 0.3708333328125 0.7765625 0.41875
1 0.646875 0.3479166671875 0.6234375 0.39375 0.634375 0.3875 0.6484375 0.3895833328125 0.66875 0.3708333328125 0.7140625 0.38125 0.7234375 0.3604166671875 0.709375 0.3625 0.7046875 0.35625 0.70625 0.3479166671875 0.71875 0.3333333328125 0.7390625 0.3291666671875 0.7546875 0.3 0.70625 0.3 0.696875 0.30625 0.6984375 0.29375 0.696875 0.29375 0.6890625 0.30625 0.6734375 0.30625 0.6640625 0.33125 0.646875 0.3479166671875
1 0.7046875 0.5625 0.7125 0.56875 0.715625 0.5645833328125 0.71875 0.575 0.7484375 0.56875 0.7703125 0.54375 0.778125 0.525 0.7765625 0.4895833328125 0.7625 0.46875 0.7390625 0.45208333281249996 0.7359375 0.45208333281249996 0.7453125 0.53125 0.70625 0.55625 0.7109375 0.5604166671875 0.7046875 0.5625
1 0.6171875 0.41041666718750003 0.6265625 0.40625 0.659375 0.4291666671875 0.6640625 0.46666666718750005 0.6546875 0.50625 0.65625 0.5208333328125 0.665625 0.51875 0.684375 0.49791666718750005 0.7265625 0.44166666718750003 0.725 0.425 0.734375 0.4125 0.7125 0.3875 0.675 0.375 0.6734375 0.3729166671875 0.65 0.3916666671875 0.63125 0.3916666671875 0.615625 0.4 0.6171875 0.41041666718750003
1 0.3359375 0.45416666718750004 0.34375 0.40625 0.3390625 0.3916666671875 0.31875 0.36875 0.3203125 0.3395833328125 0.346875 0.3166666671875 0.3578125 0.325 0.3890625 0.3270833328125 0.353125 0.30625 0.2796875 0.30416666718749996 0.278125 0.3020833328125 0.271875 0.3083333328125 0.2625 0.43541666718750005 0.2921875 0.4583333328125 0.3359375 0.45416666718750004
1 0.3375 0.38333333281250004 0.3453125 0.40208333281249997 0.340625 0.4583333328125 0.359375 0.4916666671875 0.39375 0.5125 0.4109375 0.5145833328125 0.4203125 0.50625 0.4328125 0.4791666671875 0.4359375 0.4125 0.43125 0.40208333281249997 0.465625 0.40208333281249997 0.4671875 0.3875 0.459375 0.375 0.4296875 0.35625 0.3796875 0.3291666671875 0.3484375 0.3270833328125 0.3484375 0.32083333281250004 0.3453125 0.32083333281250004 0.3234375 0.3375 0.31875 0.3541666671875 0.321875 0.3729166671875 0.3375 0.38333333281250004
1 0.45 0.19583333281249998 0.45 0.2416666671875 0.428125 0.2979166671875 0.41875 0.30625 0.4234375 0.3333333328125 0.4359375 0.3583333328125 0.4640625 0.375 0.46875 0.3958333328125 0.484375 0.40416666718750005 0.5046875 0.3916666671875 0.553125 0.3875 0.5515625 0.3791666671875 0.49375 0.3416666671875 0.503125 0.3333333328125 0.496875 0.3 0.5125 0.2520833328125 0.5421875 0.1979166671875 0.5421875 0.18125 0.5359375 0.1729166671875 0.5 0.15 0.4875 0.15 0.4734375 0.1604166671875 0.4734375 0.1666666671875 0.4671875 0.1666666671875 0.45 0.19583333281249998
1 0.5421875 0.1416666671875 0.5078125 0.1395833328125 0.4984375 0.1395833328125 0.5015625 0.15 0.540625 0.17916666718750002 0.5515625 0.1625 0.5421875 0.1416666671875