1 0.6020833328124999 0.5578125 0.6083333328125 0.5390625 0.6083333328125 0.53125 0.5833333328125 0.46875 0.54375 0.4078125 0.5229166671875001 0.3921875 0.4791666671875 0.3921875 0.45208333281249996 0.4140625 0.4166666671875 0.4109375 0.38125 0.428125 0.3770833328125 0.4546875 0.40416666718750005 0.4796875 0.40833333281249995 0.5140625 0.45208333281249996 0.590625 0.49375 0.596875 0.5145833328125 0.5921875 0.5333333328125 0.571875 0.5729166671875 0.5734375 0.6020833328124999 0.5578125
1 0.39375 0.540625 0.40625 0.50546875 0.40625 0.496875 0.39791666718749996 0.4734375 0.3770833328125 0.4546875 0.3375 0.440625 0.3083333328125 0.440625 0.26875 0.453125 0.2541666671875 0.4640625 0.23541666718749998 0.4890625 0.23333333281250002 0.515625 0.23958333281250002 0.53125 0.26875 0.55625 0.3229166671875 0.5703125 0.3375 0.5921875 0.3479166671875 0.6 0.3604166671875 0.6 0.36666666718749996 0.5953125 0.3645833328125 0.5671875 0.39375 0.540625
1 0.4166666671875 0.7109375 0.43333333281249997 0.6953125 0.43333333281249997 0.6890625 0.42291666718750004 0.6859375 0.39791666718749996 0.6921875 0.38333333281250004 0.6859375 0.3479166671875 0.6859375 0.3229166671875 0.696875 0.3083333328125 0.715625 0.2979166671875 0.7453125 0.3083333328125 0.7765625 0.3479166671875 0.796875 0.38333333281250004 0.7953125 0.40625 0.7859375 0.4270833328125 0.7609375 0.4291666671875 0.7421875 0.4166666671875 0.7109375
1 0.70625 0.875 0.7104166671875001 0.8453125 0.7104166671875001 0.8359375 0.7020833328125 0.8171875 0.6708333328125 0.790625 0.6333333328124999 0.78125 0.5791666671875 0.784375 0.5354166671875 0.80625 0.51875 0.8234375 0.5083333328124999 0.8515625 0.5104166671875 0.8765625 0.525 0.9 0.55 0.91875 0.5791666671875 0.928125 0.625 0.928125 0.6520833328125 0.9203125 0.6854166671875 0.9015625 0.70625 0.875
1 0.76875 0.5390625 0.7708333328125 0.4921875 0.7708333328125 0.484375 0.7645833328125 0.4796875 0.7520833328125 0.48125 0.7333333328125 0.49375 0.7270833328124999 0.5046875 0.7291666671875 0.525 0.7395833328125 0.5359375 0.7604166671875 0.54375 0.76875 0.5390625
1 0.8291666671875 0.5375 0.8458333328125001 0.4015625 0.8458333328125001 0.39375 0.8354166671875 0.3625 0.8229166671874999 0.353125 0.80625 0.3546875 0.7895833328124999 0.36875 0.7270833328124999 0.3703125 0.7083333328125 0.35625 0.6895833328125 0.3515625 0.675 0.35625 0.6666666671875 0.3875 0.65 0.403125 0.64375 0.4375 0.64375 0.5078125 0.65625 0.565625 0.6916666671875 0.63125 0.7229166671875 0.6625 0.7354166671875 0.6625 0.7645833328125 0.65 0.7791666671875 0.6359375 0.7958333328125 0.6359375 0.8020833328125001 0.6296875 0.8020833328125001 0.6140625 0.8104166671874999 0.6046875 0.8291666671875 0.5375
1 1 0.4171875 0.9666666671874999 0.4328125 0.9291666671875 0.465625 0.9166666671874999 0.4875 0.9125 0.5234375 0.9395833328125001 0.5765625 0.9625 0.5953125 1 0.6109375 1 0.5378125 1 0.5296875 0.9708333328125001 0.525 0.9604166671875 0.5125 0.9604166671875 0.5015625 0.9791666671874999 0.4796875 1 0.4796875 1 0.4171875
1 1 0.828125 0.9916666671875 0.8203125 0.9833333328125 0.825 0.9395833328125001 0.828125 0.8854166671874999 0.8421875 0.8958333328125001 0.846875 0.875 0.8578125 0.8645833328125001 0.853125 0.8333333328125001 0.8671875 0.8416666671874999 0.896875 0.8541666671874999 0.9125 0.8770833328125001 0.9171875 0.91875 0.953125 0.9645833328125001 0.96875 1 0.96875 1 0.8359375 1 0.828125
1 0.060416667187499995 0.3984375 0.06875 0.390625 0.06875 0.3859375 0.058333332812500006 0.3671875 0.058333332812500006 0.3203125 0.0458333328125 0.29375 0.0333333328125 0.2859375 0.0020833328125000002 0.2859375 0.0020833328125000002 0.4125 0.060416667187499995 0.3984375
1 0.15 0.8796875 0.1583333328125 0.859375 0.1583333328125 0.85 0.14375 0.8234375 0.10833333281249999 0.80625 0.1020833328125 0.7875 0.0875 0.7703125 0.060416667187499995 0.7609375 0.0333333328125 0.7609375 0.0020833328125000002 0.76875 0.0020833328125000002 0.971875 0.060416667187499995 0.903125 0.08541666718749999 0.8890625 0.13333333281249998 0.8890625 0.15 0.8796875
1 0.275 1 0.3020833328125 0.9609375 0.3020833328125 0.9546875 0.2916666671875 0.9359375 0.27291666718749996 0.9328125 0.2604166671875 0.9390625 0.25833333281250004 0.9546875 0.2416666671875 0.9578125 0.22291666718749997 0.946875 0.20416666718749998 0.9109375 0.1916666671875 0.903125 0.17916666718750002 0.903125 0.1604166671875 0.915625 0.16458333281249998 0.9375 0.11875 0.940625 0.0958333328125 0.9484375 0.0875 0.9953125 0.0895833328125 1 0.275 1
1 0.6229166671875 1 0.6208333328125 0.9984375 0.5979166671875 0.9640625 0.5770833328125 0.95 0.5520833328125 0.94375 0.5104166671875 0.9453125 0.4916666671875 0.953125 0.4625 0.9765625 0.45208333281249996 0.99375 0.45208333281249996 1 0.6229166671875 1
1 0.8875 1 0.8875 0.996875 0.8625 0.9546875 0.84375 0.946875 0.8145833328125001 0.9453125 0.8020833328125001 0.925 0.7791666671875 0.9171875 0.7583333328124999 0.9140625 0.7354166671875 0.91875 0.7020833328125 0.9484375 0.7145833328125 1 0.8875 1