1 0.3791666671875 0.1578125 0.3791666671875 0.1734375 0.3791666671875 0.18125 0.38333333281250004 0.2 0.39375 0.2078125 0.5145833328125 0.2015625 0.5270833328125 0.1859375 0.5229166671875001 0.1515625 0.5104166671875 0.14375 0.4791666671875 0.140625 0.4145833328125 0.14375 0.3895833328125 0.15 0.3791666671875 0.1578125
1 0.2125 0.2046875 0.1979166671875 0.2265625 0.1979166671875 0.234375 0.2479166671875 0.30625 0.2875 0.321875 0.3104166671875 0.3203125 0.3583333328125 0.2875 0.36875 0.2734375 0.36666666718749996 0.2625 0.3375 0.24375 0.3375 0.2234375 0.3083333328125 0.203125 0.3083333328125 0.184375 0.275 0.165625 0.25625 0.165625 0.2375 0.1765625 0.23125 0.1921875 0.2125 0.2046875
1 0.46666666718750005 0.490625 0.4625 0.5078125 0.4625 0.5140625 0.46666666718750005 0.525 0.48125 0.5328125 0.53125 0.5375 0.5520833328125 0.528125 0.5625 0.49375 0.5479166671875 0.478125 0.49583333281249997 0.4703125 0.4875 0.484375 0.475 0.484375 0.46666666718750005 0.490625
1 0.3125 0.409375 0.30416666718749996 0.4234375 0.30416666718749996 0.43125 0.33125 0.4609375 0.35625 0.453125 0.375 0.4578125 0.3895833328125 0.4546875 0.40208333281249997 0.446875 0.4125 0.428125 0.4125 0.4046875 0.40416666718750005 0.3828125 0.3791666671875 0.365625 0.3458333328125 0.365625 0.3270833328125 0.4015625 0.3125 0.409375
1 0.51875 0.6484375 0.5145833328125 0.66796875 0.5145833328125 0.6765625 0.5395833328124999 0.7109375 0.58125 0.7296875 0.6041666671875 0.7296875 0.625 0.721875 0.64375 0.7046875 0.6520833328125 0.6875 0.65 0.665625 0.6395833328125 0.65 0.6 0.6265625 0.5708333328124999 0.6234375 0.5416666671875 0.63125 0.51875 0.6484375
1 0.48125 0.8171875 0.46875 0.8234375 0.46875 0.8265625 0.4770833328125 0.828125 0.5041666671875 0.81875 0.5291666671875 0.821875 0.6020833328124999 0.7796875 0.6104166671875 0.7640625 0.58125 0.73125 0.5520833328125 0.7234375 0.5145833328125 0.74375 0.48333333281249996 0.796875 0.48125 0.8171875
1 0.7166666671875 0.7453125 0.7104166671875001 0.7796875 0.7104166671875001 0.7875 0.7145833328125 0.8015625 0.7416666671875001 0.8359375 0.7833333328125 0.8625 0.8208333328125 0.8734375 0.8875 0.875 0.925 0.85625 0.9375 0.834375 0.9375 0.790625 0.91875 0.7609375 0.8875 0.7328125 0.8354166671875 0.7109375 0.7895833328124999 0.709375 0.74375 0.7203125 0.7166666671875 0.7453125
1 0.725 0.6375 0.7104166671875001 0.646875 0.7125 0.6484375 0.71875 0.65625 0.7333333328125 0.659375 0.8354166671875 0.6578125 0.8791666671874999 0.6859375 0.9083333328125001 0.696875 0.9979166671874999 0.6984375 0.9979166671874999 0.6453125 0.9729166671874999 0.61875 0.9375 0.6015625 0.8875 0.59375 0.8729166671874999 0.5859375 0.8145833328125001 0.5234375 0.7979166671875 0.5125 0.78125 0.515625 0.7770833328125 0.525 0.85625 0.61875 0.85625 0.625 0.83125 0.63125 0.725 0.6375
1 0.6479166671875001 0.4859375 0.6020833328124999 0.5328125 0.6020833328124999 0.5453125 0.60625 0.559375 0.6208333328125 0.56875 0.6020833328124999 0.59375 0.60625 0.6046875 0.79375 0.5109375 0.8104166671874999 0.496875 0.8395833328125001 0.4875 0.86875 0.46875 0.8979166671875 0.4578125 0.8979166671875 0.45 0.8770833328125001 0.434375 0.8958333328125001 0.409375 0.8854166671874999 0.3875 0.86875 0.3796875 0.84375 0.3796875 0.7375 0.4234375 0.69375 0.45 0.69375 0.4578125 0.6833333328125 0.465625 0.6479166671875001 0.4859375
1 0.8708333328125001 0.3296875 0.8479166671874999 0.3671875 0.8479166671874999 0.3765625 0.8770833328125001 0.3796875 0.89375 0.3921875 0.8979166671875 0.4140625 0.8854166671874999 0.4390625 0.9020833328125001 0.45 0.9458333328125 0.459375 0.9979166671874999 0.453125 0.9958333328125001 0.303125 0.9520833328125 0.2984375 0.9125 0.30625 0.8708333328125001 0.3296875
1 0.6479166671875001 0.4109375 0.64375 0.42734375 0.64375 0.4359375 0.6604166671875 0.4515625 0.69375 0.4546875 0.73125 0.4265625 0.73125 0.4078125 0.7166666671875 0.396875 0.6625 0.403125 0.6479166671875001 0.4109375
1 0.5875 0.275 0.5791666671875 0.29375 0.58125 0.2953125 0.5833333328125 0.30625 0.5979166671875 0.3203125 0.6166666671875001 0.321875 0.6541666671875 0.3046875 0.6604166671875 0.2828125 0.6354166671875 0.2671875 0.60625 0.265625 0.5875 0.275
1 0.6229166671875 0.1765625 0.6145833328125 0.18125 0.6145833328125 0.1890625 0.625 0.2 0.6375 0.2390625 0.6729166671875 0.2546875 0.7375 0.2515625 0.7645833328125 0.24375 0.8208333328125 0.2578125 0.8395833328125001 0.253125 0.8479166671874999 0.2421875 0.8270833328125 0.2234375 0.8291666671875 0.215625 0.8520833328125 0.196875 0.8520833328125 0.1875 0.8395833328125001 0.178125 0.8208333328125 0.178125 0.8041666671875 0.1890625 0.7791666671875 0.19375 0.7625 0.190625 0.74375 0.178125 0.7145833328125 0.178125 0.6875 0.1703125 0.6229166671875 0.1765625
1 0.42083333281249996 0.4046875 0.40625 0.4390625 0.40625 0.440625 0.4166666671875 0.4546875 0.43333333281249997 0.4609375 0.48125 0.46875 0.5166666671875 0.46875 0.5354166671875 0.4640625 0.5604166671875 0.4484375 0.6020833328124999 0.440625 0.6145833328125 0.4296875 0.6229166671875 0.4109375 0.60625 0.390625 0.575 0.3703125 0.5166666671875 0.365625 0.49583333281249997 0.375 0.43541666718750005 0.3875 0.42083333281249996 0.4046875