1 0.1046875 0.14375 0.146875 0.2770833328125 0.10625 0.3 0.0828125 0.30625 0.0578125 0.3333333328125 0.05625 0.35 0.0671875 0.39375 0.065625 0.40625 0.078125 0.43958333281249995 0.121875 0.5041666671875 0.15 0.50625 0.1734375 0.5354166671875 0.215625 0.5083333328124999 0.23125 0.50625 0.309375 0.46666666718750005 0.309375 0.35208333281250004 0.3 0.2979166671875 0.2703125 0.2479166671875 0.24375 0.23333333281250002 0.2265625 0.23541666718749998 0.2140625 0.2479166671875 0.203125 0.2479166671875 0.178125 0.2625 0.1296875 0.1270833328125 0.1171875 0.12291666718750001 0.1125 0.1145833328125 0.109375 0.1145833328125 0.1078125 0.125 0.0984375 0.1208333328125 0.0953125 0.1270833328125 0.1046875 0.14375
1 0.2640625 0.73125 0.265625 0.75625 0.2828125 0.81875 0.325 0.90625 0.359375 0.9979166671874999 0.525 0.9979166671874999 0.525 0.975 0.5140625 0.9375 0.4640625 0.8208333328125 0.4640625 0.7333333328125 0.4546875 0.7041666671875 0.3875 0.6208333328125 0.3640625 0.6020833328124999 0.34375 0.5979166671875 0.3359375 0.5979166671875 0.30625 0.6104166671875 0.2796875 0.6458333328125 0.2671875 0.68125 0.2640625 0.73125
1 0.3984375 0.325 0.4 0.3479166671875 0.4046875 0.35 0.4078125 0.36666666718749996 0.4265625 0.375 0.4484375 0.45 0.4328125 0.45208333281249996 0.41875 0.4625 0.3921875 0.49375 0.3765625 0.5270833328125 0.38125 0.5645833328125 0.3953125 0.5916666671875 0.434375 0.61875 0.503125 0.6416666671875 0.5359375 0.7145833328125 0.5640625 0.7354166671875 0.5828125 0.7375 0.6203125 0.6833333328125 0.6328125 0.64375 0.646875 0.6479166671875001 0.6609375 0.6375 0.665625 0.625 0.6625 0.5958333328125 0.6203125 0.5541666671875001 0.5453125 0.5375 0.5359375 0.5166666671875 0.55 0.4791666671875 0.5453125 0.45208333281249996 0.51875 0.4270833328125 0.4765625 0.3125 0.4625 0.3 0.4328125 0.2958333328125 0.4359375 0.2791666671875 0.4296875 0.2770833328125 0.4296875 0.2833333328125 0.4234375 0.2854166671875 0.4125 0.2666666671875 0.4 0.2666666671875 0.3921875 0.2770833328125 0.396875 0.3083333328125 0.4046875 0.3145833328125 0.3984375 0.325
1 0.7140625 0.6 0.715625 0.6458333328125 0.7359375 0.7083333328125 0.7484375 0.73125 0.79375 0.78125 0.828125 0.8 0.8640625 0.8083333328125001 0.9203125 0.7979166671875 0.9796875 0.7541666671875 0.9984375 0.725 0.9984375 0.6083333328125 0.9828125 0.58125 0.946875 0.5416666671875 0.890625 0.5104166671875 0.85625 0.5 0.8109375 0.5020833328125 0.809375 0.5 0.759375 0.5208333328125 0.74375 0.5354166671875 0.7203125 0.5729166671875 0.7140625 0.6
1 0.79375 0.44375 0.7859375 0.45625 0.7875 0.4625 0.8078125 0.48541666718750004 0.8109375 0.49791666718750005 0.8765625 0.5020833328125 0.934375 0.5291666671875 0.971875 0.5625 0.9984375 0.6020833328124999 0.9984375 0.50625 0.9921875 0.5041666671875 0.9984375 0.49791666718750005 0.9984375 0.45 0.9921875 0.43958333281249995 0.9984375 0.4375 0.9984375 0.3625 0.9703125 0.34375 0.909375 0.31875 0.878125 0.31875 0.8765625 0.3166666671875 0.8609375 0.3375 0.8578125 0.3541666671875 0.8203125 0.42291666718750004 0.79375 0.44375
1 0.6609375 0.3333333328125 0.6578125 0.5041666671875 0.659375 0.5208333328125 0.6671875 0.5291666671875 0.6984375 0.5291666671875 0.70625 0.5083333328124999 0.7125 0.3333333328125 0.6984375 0.2791666671875 0.696875 0.25 0.696875 0.2479166671875 0.6859375 0.2520833328125 0.684375 0.2666666671875 0.6796875 0.2625 0.6609375 0.3333333328125
1 0.5984375 0.3875 0.6296875 0.3916666671875 0.6390625 0.3791666671875 0.640625 0.3291666671875 0.6359375 0.3083333328125 0.640625 0.2791666671875 0.615625 0.25625 0.5921875 0.2520833328125 0.5890625 0.2520833328125 0.56875 0.2666666671875 0.5625 0.2791666671875 0.5703125 0.36875 0.5984375 0.3875
1 0.5671875 0.3583333328125 0.5796875 0.3791666671875 0.6125 0.39375 0.6296875 0.39375 0.6390625 0.38333333281250004 0.6421875 0.35208333281250004 0.6640625 0.34375 0.6609375 0.5104166671875 0.665625 0.5270833328125 0.696875 0.5291666671875 0.7046875 0.5166666671875 0.7078125 0.4145833328125 0.7015625 0.40833333281249995 0.7078125 0.40208333281249997 0.709375 0.3770833328125 0.715625 0.3625 0.71875 0.3770833328125 0.728125 0.3770833328125 0.728125 0.36875 0.7421875 0.3604166671875 0.75625 0.31875 0.759375 0.2875 0.740625 0.2625 0.7 0.24375 0.690625 0.23125 0.696875 0.2166666671875 0.6953125 0.20625 0.6671875 0.1895833328125 0.6390625 0.1833333328125 0.6375 0.1833333328125 0.61875 0.19583333281249998 0.59375 0.24583333281250003 0.5640625 0.275 0.5671875 0.3583333328125
1 0.5046875 0.28125 0.5359375 0.3 0.546875 0.3 0.5546875 0.2854166671875 0.5625 0.23333333281250002 0.54375 0.1729166671875 0.5328125 0.1604166671875 0.521875 0.1604166671875 0.5140625 0.16875 0.5 0.21458333281250003 0.496875 0.2604166671875 0.5046875 0.28125
1 0.0546875 0.5875 0.0796875 0.6604166671875 0.1296875 0.775 0.1453125 0.7854166671875 0.1671875 0.7854166671875 0.2015625 0.7625 0.2140625 0.7375 0.2171875 0.71875 0.215625 0.7020833328125 0.1671875 0.5645833328125 0.165625 0.5333333328125 0.146875 0.5104166671875 0.138671875 0.5104166671875 0.1078125 0.5125 0.0765625 0.5333333328125 0.05625 0.5645833328125 0.0546875 0.5875
1 0 0.9979166671874999 0.19375 0.9979166671874999 0.19375 0.9625 0.1875 0.9354166671874999 0.128125 0.7770833328125 0.0765625 0.6604166671875 0.0453125 0.5645833328125 0.025 0.5354166671875 0.0046875 0.5229166671875001 0 0.5229166671875001 0 0.9979166671874999