1 0.4703125 0.5145833328125 0.4671875 0.5333333328125 0.446875 0.5333333328125 0.4359375 0.54375 0.4125 0.6104166671875 0.4125 0.6208333328125 0.425 0.6270833328125 0.425 0.6395833328125 0.453125 0.65 0.4609375 0.65 0.4796875 0.6395833328125 0.5109375 0.56875 0.5109375 0.5625 0.496875 0.5645833328125 0.4796875 0.5125 0.4703125 0.5145833328125
1 0.3515625 0.6166666671875001 0.35 0.64375 0.3609375 0.65 0.3625 0.6708333328125 0.3734375 0.6770833328125 0.384375 0.6770833328125 0.3953125 0.66875 0.4078125 0.63125 0.409375 0.6083333328125 0.3921875 0.5895833328125 0.3453125 0.6125 0.3515625 0.6166666671875001
1 0.55 0.5958333328125 0.525 0.5791666671875 0.509375 0.5791666671875 0.4859375 0.6291666671875 0.5 0.675 0.5078125 0.6833333328125 0.515625 0.6833333328125 0.525 0.6791666671875001 0.5328125 0.6604166671875 0.546875 0.6479166671875001 0.5453125 0.61875 0.553125 0.6083333328125 0.55 0.5958333328125
1 0.5984375 0.55 0.584375 0.5666666671875 0.5625 0.5770833328125 0.5640625 0.5895833328125 0.58125 0.5895833328125 0.59375 0.5979166671875 0.6078125 0.5979166671875 0.6171875 0.5916666671875 0.6359375 0.5604166671875 0.6375 0.48541666718750004 0.596875 0.48125 0.603125 0.5125 0.5984375 0.55
1 0.65625 0.3270833328125 0.634375 0.3083333328125 0.615625 0.3083333328125 0.5953125 0.3229166671875 0.58125 0.35 0.56875 0.42083333281249996 0.5765625 0.4583333328125 0.584375 0.46875 0.6125 0.48333333281249996 0.6208328125 0.48333333281249996 0.6515625 0.4791666671875 0.6671875 0.46875 0.68125 0.44375 0.6796875 0.40625 0.6703125 0.3583333328125 0.65625 0.3270833328125
1 0.4453125 0.16458333281249998 0.390625 0.1625 0.3859375 0.16875 0.3859375 0.1854166671875 0.39375 0.20625 0.38125 0.23125 0.38125 0.2666666671875 0.3984375 0.29375 0.421875 0.30625 0.43046875 0.30625 0.4484375 0.3020833328125 0.46875 0.28125 0.475 0.2416666671875 0.475 0.1979166671875 0.4625 0.175 0.4453125 0.16458333281249998
1 0.2125 0.23958333281250002 0.19375 0.2625 0.19375 0.29375 0.2140625 0.3291666671875 0.2453125 0.3458333328125 0.25546875 0.3458333328125 0.2765625 0.3416666671875 0.290625 0.3229166671875 0.290625 0.2854166671875 0.2765625 0.2604166671875 0.2484375 0.23958333281250002 0.2125 0.23958333281250002
1 0.2515625 0.2208333328125 0.2140625 0.21458333281250003 0.1890625 0.225 0.175 0.2416666671875 0.16875 0.2625 0.1765625 0.3104166671875 0.1890625 0.33125 0.2140625 0.3541666671875 0.253125 0.3708333328125 0.26328125 0.3708333328125 0.2859375 0.36666666718749996 0.3078125 0.3416666671875 0.3125 0.2979166671875 0.303125 0.26875 0.2734375 0.23333333281250002 0.2515625 0.2208333328125
1 0.115625 0.0416666671875 0.1234375 0.05 0.125 0.05 0.1640625 0.04375 0.190625 0.0020833328125000002 0.078125 0.0020833328125000002 0.0921875 0.0479166671875 0.1078125 0.05 0.115625 0.0416666671875
1 0.4390625 0.0020833328125000002 0.4578125 0.058333332812500006 0.4515625 0.0875 0.4578125 0.1041666671875 0.4703125 0.1041666671875 0.4890625 0.0791666671875 0.5296875 0.0770833328125 0.5609375 0.05625 0.575 0.03125 0.58125 0.0020833328125000002 0.4390625 0.0020833328125000002
1 0.371875 0.0416666671875 0.3890625 0.0395833328125 0.409375 0.0020833328125000002 0.33125 0.0020833328125000002 0.3390625 0.0270833328125 0.3609375 0.0416666671875 0.371875 0.0416666671875
1 0.5234375 0.4375 0.525 0.42083333281249996 0.5140625 0.41041666718750003 0.5046875 0.4125 0.4734375 0.45416666718750004 0.4625 0.45416666718750004 0.4578125 0.4479166671875 0.4578125 0.425 0.440625 0.42291666718750004 0.4328125 0.4375 0.4328125 0.4583333328125 0.44375 0.49791666718750005 0.434375 0.5145833328125 0.4328125 0.53125 0.4375 0.5354166671875 0.4578125 0.5145833328125 0.4796875 0.5104166671875 0.503125 0.5625 0.50625 0.5625 0.5421875 0.5291666671875 0.55 0.49375 0.534375 0.46875 0.5359375 0.45416666718750004 0.5171875 0.44375 0.5234375 0.4375
1 0.6171875 0.675 0.6140625 0.6458333328125 0.6078125 0.6333333328124999 0.596875 0.6270833328125 0.55 0.65 0.525 0.68125 0.515625 0.6854166671875 0.5078125 0.7291666671875 0.509375 0.7395833328125 0.5296875 0.7645833328125 0.553125 0.76875 0.565625 0.7604166671875 0.5859375 0.775 0.5953125 0.775 0.60625 0.76875 0.6234375 0.7708333328125 0.6375 0.7604166671875 0.63125 0.7375 0.6296875 0.7020833328125 0.6171875 0.675
1 0.3390625 0.5916666671875 0.321875 0.5479166671875 0.334375 0.47291666718750003 0.334375 0.43541666718750005 0.315625 0.40208333281249997 0.2828125 0.3854166671875 0.2546875 0.3895833328125 0.2359375 0.40833333281249995 0.1671875 0.5875 0.14375 0.5958333328125 0.1390625 0.6041666671875 0.1421875 0.675 0.146875 0.6875 0.1609375 0.70625 0.190625 0.7291666671875 0.240625 0.7416666671875001 0.2515625 0.7416666671875001 0.271875 0.7354166671875 0.296875 0.7375 0.31875 0.725 0.33125 0.6958333328124999 0.340625 0.63125 0.3390625 0.5916666671875
1 0.7390625 0.4270833328125 0.7109375 0.4125 0.684375 0.4145833328125 0.684375 0.44375 0.6796875 0.45625 0.6671875 0.47291666718750003 0.6421875 0.4875 0.63125 0.7291666671875 0.6453125 0.7625 0.696875 0.7895833328124999 0.7046875 0.7895833328124999 0.73125 0.7875 0.765625 0.775 0.7875 0.7583333328124999 0.8 0.7333333328125 0.7515625 0.45208333281249996 0.7390625 0.4270833328125