1 0.48541666718750004 0.4703125 0.46666666718750005 0.4671875 0.46666666718750005 0.446875 0.45625 0.4359375 0.3895833328125 0.4125 0.3791666671875 0.4125 0.3729166671875 0.425 0.3604166671875 0.425 0.35 0.453125 0.35 0.4609375 0.3604166671875 0.4796875 0.43125 0.5109375 0.4375 0.5109375 0.43541666718750005 0.496875 0.4875 0.4796875 0.48541666718750004 0.4703125
1 0.38333333281250004 0.3515625 0.35625 0.35 0.35 0.3609375 0.3291666671875 0.3625 0.3229166671875 0.3734375 0.3229166671875 0.384375 0.33125 0.3953125 0.36875 0.4078125 0.3916666671875 0.409375 0.41041666718750003 0.3921875 0.3875 0.3453125 0.38333333281250004 0.3515625
1 0.40416666718750005 0.55 0.42083333281249996 0.525 0.42083333281249996 0.509375 0.3708333328125 0.4859375 0.325 0.5 0.3166666671875 0.5078125 0.3166666671875 0.515625 0.32083333281250004 0.525 0.3395833328125 0.5328125 0.35208333281250004 0.546875 0.38125 0.5453125 0.3916666671875 0.553125 0.40416666718750005 0.55
1 0.45 0.5984375 0.43333333281249997 0.584375 0.42291666718750004 0.5625 0.41041666718750003 0.5640625 0.41041666718750003 0.58125 0.40208333281249997 0.59375 0.40208333281249997 0.6078125 0.40833333281249995 0.6171875 0.43958333281249995 0.6359375 0.5145833328125 0.6375 0.51875 0.596875 0.4875 0.603125 0.45 0.5984375
1 0.6729166671875 0.65625 0.6916666671875 0.634375 0.6916666671875 0.615625 0.6770833328125 0.5953125 0.65 0.58125 0.5791666671875 0.56875 0.5416666671875 0.5765625 0.53125 0.584375 0.5166666671875 0.6125 0.5166666671875 0.6208328125 0.5208333328125 0.6515625 0.53125 0.6671875 0.55625 0.68125 0.59375 0.6796875 0.6416666671875 0.6703125 0.6729166671875 0.65625
1 0.8354166671875 0.4453125 0.8375 0.390625 0.83125 0.3859375 0.8145833328125001 0.3859375 0.79375 0.39375 0.76875 0.38125 0.7333333328125 0.38125 0.70625 0.3984375 0.69375 0.421875 0.69375 0.43046875 0.6979166671875 0.4484375 0.71875 0.46875 0.7583333328124999 0.475 0.8020833328125001 0.475 0.825 0.4625 0.8354166671875 0.4453125
1 0.7604166671875 0.2125 0.7375 0.19375 0.70625 0.19375 0.6708333328125 0.2140625 0.6541666671875 0.2453125 0.6541666671875 0.25546875 0.6583333328125 0.2765625 0.6770833328125 0.290625 0.7145833328125 0.290625 0.7395833328125 0.2765625 0.7604166671875 0.2484375 0.7604166671875 0.2125
1 0.7791666671875 0.2515625 0.7854166671875 0.2140625 0.775 0.1890625 0.7583333328124999 0.175 0.7375 0.16875 0.6895833328125 0.1765625 0.66875 0.1890625 0.6458333328125 0.2140625 0.6291666671875 0.253125 0.6291666671875 0.26328125 0.6333333328124999 0.2859375 0.6583333328125 0.3078125 0.7020833328125 0.3125 0.73125 0.303125 0.7666666671875 0.2734375 0.7791666671875 0.2515625
1 0.9583333328125001 0.115625 0.95 0.1234375 0.95 0.125 0.95625 0.1640625 0.9979166671874999 0.190625 0.9979166671874999 0.078125 0.9520833328125 0.0921875 0.95 0.1078125 0.9583333328125001 0.115625
1 0.9979166671874999 0.4390625 0.9416666671874999 0.4578125 0.9125 0.4515625 0.8958333328125001 0.4578125 0.8958333328125001 0.4703125 0.9208333328125 0.4890625 0.9229166671875 0.5296875 0.94375 0.5609375 0.96875 0.575 0.9979166671874999 0.58125 0.9979166671874999 0.4390625
1 0.9583333328125001 0.371875 0.9604166671875 0.3890625 0.9979166671874999 0.409375 0.9979166671874999 0.33125 0.9729166671874999 0.3390625 0.9583333328125001 0.3609375 0.9583333328125001 0.371875
1 0.5625 0.5234375 0.5791666671875 0.525 0.5895833328125 0.5140625 0.5875 0.5046875 0.5458333328125 0.4734375 0.5458333328125 0.4625 0.5520833328125 0.4578125 0.575 0.4578125 0.5770833328125 0.440625 0.5625 0.4328125 0.5416666671875 0.4328125 0.5020833328125 0.44375 0.48541666718750004 0.434375 0.46875 0.4328125 0.46458333281249997 0.4375 0.48541666718750004 0.4578125 0.4895833328125 0.4796875 0.4375 0.503125 0.4375 0.50625 0.47083333281249995 0.5421875 0.50625 0.55 0.53125 0.534375 0.5458333328125 0.5359375 0.55625 0.5171875 0.5625 0.5234375
1 0.325 0.6171875 0.3541666671875 0.6140625 0.36666666718749996 0.6078125 0.3729166671875 0.596875 0.35 0.55 0.31875 0.525 0.3145833328125 0.515625 0.2708333328125 0.5078125 0.2604166671875 0.509375 0.23541666718749998 0.5296875 0.23125 0.553125 0.23958333281250002 0.565625 0.225 0.5859375 0.225 0.5953125 0.23125 0.60625 0.22916666718749998 0.6234375 0.23958333281250002 0.6375 0.2625 0.63125 0.2979166671875 0.6296875 0.325 0.6171875
1 0.40833333281249995 0.3390625 0.45208333281249996 0.321875 0.5270833328125 0.334375 0.5645833328125 0.334375 0.5979166671875 0.315625 0.6145833328125 0.2828125 0.6104166671875 0.2546875 0.5916666671875 0.2359375 0.4125 0.1671875 0.40416666718750005 0.14375 0.3958333328125 0.1390625 0.325 0.1421875 0.3125 0.146875 0.29375 0.1609375 0.2708333328125 0.190625 0.25833333281250004 0.240625 0.25833333281250004 0.2515625 0.2645833328125 0.271875 0.2625 0.296875 0.275 0.31875 0.30416666718749996 0.33125 0.36875 0.340625 0.40833333281249995 0.3390625
1 0.5729166671875 0.7390625 0.5875 0.7109375 0.5854166671875001 0.684375 0.55625 0.684375 0.54375 0.6796875 0.5270833328125 0.6671875 0.5125 0.6421875 0.2708333328125 0.63125 0.2375 0.6453125 0.2104166671875 0.696875 0.2104166671875 0.7046875 0.2125 0.73125 0.225 0.765625 0.2416666671875 0.7875 0.2666666671875 0.8 0.5479166671875 0.7515625 0.5729166671875 0.7390625