1 0.4078125 0.48541666718750004 0.403125 0.50625 0.409375 0.5479166671875 0.4859375 0.5916666671875 0.5203125 0.5958333328125 0.5453125 0.6229166671875 0.571875 0.61875 0.5890625 0.5833333328125 0.5859375 0.5479166671875 0.6078125 0.5208333328125 0.6078125 0.4770833328125 0.5921875 0.45625 0.53125 0.4166666671875 0.46875 0.3916666671875 0.4609375 0.3916666671875 0.4421875 0.39791666718749996 0.4265625 0.4270833328125 0.428125 0.46666666718750005 0.4078125 0.48541666718750004
1 0.4 0.6395833328125 0.4 0.6520833328125 0.4078125 0.6625 0.4296875 0.6770833328125 0.44375 0.73125 0.46875 0.7604166671875 0.484375 0.7666666671875 0.5109375 0.7645833328125 0.5359375 0.7458333328125 0.546875 0.73125 0.559375 0.6916666671875 0.559375 0.6625 0.5453125 0.6229166671875 0.5265625 0.6020833328124999 0.503125 0.59375 0.49453125 0.59375 0.459375 0.60625 0.4328125 0.6354166671875 0.4046875 0.6333333328124999 0.4 0.6395833328125
1 0.2140625 0.59375 0.2046875 0.6166666671875001 0.203125 0.6520833328125 0.2234375 0.6916666671875 0.2546875 0.7020833328125 0.284375 0.6916666671875 0.303125 0.6770833328125 0.3140625 0.6520833328125 0.3140625 0.6166666671875001 0.3078125 0.6020833328124999 0.3140625 0.5770833328125 0.3109375 0.5666666671875 0.3046875 0.5666666671875 0.2890625 0.5833333328125 0.2578125 0.5708333328124999 0.2390625 0.5729166671875 0.2140625 0.59375
1 0.071875 0.375 0.071875 0.42083333281249996 0.08125 0.45 0.1 0.475 0.1234375 0.4895833328125 0.1484375 0.4916666671875 0.1765625 0.48125 0.19375 0.46458333281249997 0.215625 0.42083333281249996 0.21875 0.36666666718749996 0.209375 0.3291666671875 0.1828125 0.2979166671875 0.1640625 0.28958333281250004 0.1546875 0.28958333281250004 0.125 0.29375 0.0984375 0.3145833328125 0.0796875 0.3479166671875 0.071875 0.375
1 0.475 0.2708333328125 0.4953125 0.27291666718749996 0.50625 0.2666666671875 0.51875 0.2479166671875 0.5203125 0.23541666718749998 0.515625 0.22916666718749998 0.5078125 0.22916666718749998 0.4609375 0.23125 0.45625 0.23958333281250002 0.4640625 0.2604166671875 0.475 0.2708333328125
1 0.3703125 0.1979166671875 0.3640625 0.20416666718749998 0.3640625 0.2208333328125 0.35 0.23541666718749998 0.3375 0.2645833328125 0.3375 0.2770833328125 0.36875 0.3083333328125 0.434375 0.34375 0.4921875 0.35625 0.5625 0.35625 0.596875 0.35 0.6125 0.3333333328125 0.64375 0.325 0.6484375 0.3104166671875 0.64375 0.2916666671875 0.6296875 0.27291666718749996 0.63125 0.2104166671875 0.6453125 0.19375 0.646875 0.1770833328125 0.6375 0.16458333281249998 0.60625 0.1541666671875 0.5984375 0.1541666671875 0.4625 0.1708333328125 0.3953125 0.1895833328125 0.3859375 0.1979166671875 0.3703125 0.1979166671875
1 0.3890625 0 0.4046875 0.0375 0.4234375 0.060416667187499995 0.4765625 0.0875 0.5125 0.08333333281250001 0.534375 0.07083333281250001 0.5671875 0.0333333328125 0.5828125 0 0.5203125 0 0.5203125 0.0208333328125 0.4984375 0.0395833328125 0.4875 0.0395833328125 0.475 0.029166667187500002 0.4703125 0 0.46218750000000003 0 0.3890625 0
1 0.03125 0 0.03125 0.0354166671875 0.046875 0.08125 0.0828125 0.12291666718750001 0.0875 0.1458333328125 0.103125 0.1583333328125 0.1328125 0.1666666671875 0.146875 0.1354166671875 0.1421875 0.125 0.153125 0.1041666671875 0.1578125 0.1145833328125 0.171875 0.060416667187499995 0.175 0.0166666671875 0.1796875 0.0083333328125 0.171875 0 0.1640625 0 0.03125 0
1 0.7140625 0.9666666671874999 0.70625 0.9541666671875 0.6796875 0.9416666671874999 0.6328125 0.9416666671874999 0.6140625 0.93125 0.609375 0.93125 0.6015625 0.9395833328125001 0.5875 0.9979166671874999 0.7140625 0.9979166671874999 0.7140625 0.9666666671874999
1 0.096875 0.9395833328125001 0.028125 0.9979166671874999 0.23125 0.9979166671874999 0.2390625 0.9666666671874999 0.2390625 0.9395833328125001 0.2296875 0.9125 0.2125 0.8979166671875 0.19375 0.8916666671875 0.1765625 0.85625 0.15 0.8416666671874999 0.140625 0.8416666671874999 0.1203125 0.85 0.1109375 0.8666666671875 0.1109375 0.9145833328125 0.096875 0.9395833328125001
1 0 0.9104166671874999 0.0046875 0.9125 0.0515625 0.9041666671874999 0.059375 0.88125 0.0625 0.8354166671875 0.084375 0.8395833328125001 0.096875 0.8208333328125 0.096875 0.8083333328125001 0.0890625 0.7958333328125 0.053125 0.7770833328125 0.0421875 0.7583333328124999 0.0453125 0.7416666671875001 0.0609375 0.7395833328125 0.0671875 0.7270833328124999 0.0640625 0.7083333328125 0.0453125 0.6979166671875 0.0390625 0.6979166671875 0 0.725 0 0.9104166671874999
1 0 0.5479166671875 0.00625 0.5479166671875 0.0234375 0.5375 0.046875 0.5083333328124999 0.0546875 0.4895833328125 0.05625 0.4479166671875 0.05 0.42291666718750004 0.0359375 0.40208333281249997 0.0015625 0.3791666671875 0 0.3770833328125 0 0.5479166671875
1 0 0.2854166671875 0.0515625 0.2979166671875 0.08125 0.2645833328125 0.0859375 0.2416666671875 0.0828125 0.2208333328125 0.075 0.1979166671875 0.0546875 0.1854166671875 0.053125 0.15625 0.0453125 0.1375 0.003125 0.1125 0 0.1125 0 0.2854166671875