1 0.55625 0.8395833328125001 0.5828125 0.8416666671874999 0.6078125 0.8291666671875 0.6296875 0.8041666671875 0.6390625 0.7770833328125 0.640625 0.7520833328125 0.6359375 0.725 0.625 0.70625 0.5953125 0.68125 0.575 0.675 0.565625 0.675 0.5296875 0.68125 0.5078125 0.7020833328125 0.496875 0.7354166671875 0.4984375 0.7729166671875001 0.5296875 0.825 0.55625 0.8395833328125001
1 0.65 0.7 0.68125 0.6833333328125 0.684375 0.6708333328125 0.68125 0.6541666671875 0.66875 0.6479166671875001 0.65625 0.6520833328125 0.653125 0.6625 0.65 0.6395833328125 0.6421875 0.6291666671875 0.63125 0.6291666671875 0.621875 0.6395833328125 0.61875 0.6645833328124999 0.628125 0.6895833328125 0.6265625 0.7083333328125 0.6359375 0.7208333328125 0.65 0.7
1 0.68125 0.6145833328125 0.69375 0.5583333328125 0.69375 0.5291666671875 0.6765625 0.5166666671875 0.6703125 0.5166666671875 0.6578125 0.525 0.64375 0.5979166671875 0.6453125 0.6083333328125 0.659375 0.6208333328125 0.675 0.6208333328125 0.68125 0.6145833328125
1 0.8375 0.6666666671875 0.8265625 0.6645833328124999 0.815625 0.6854166671875 0.821875 0.71875 0.83125 0.7208333328125 0.8484375 0.70625 0.8578125 0.7083333328125 0.859375 0.75 0.8234375 0.7666666671875 0.8375 0.8020833328125001 0.8515625 0.81875 0.875 0.8125 0.9 0.8145833328125001 0.9171875 0.8 0.9109375 0.775 0.925 0.7354166671875 0.9328125 0.6875 0.915625 0.65625 0.896875 0.6520833328125 0.8859375 0.6520833328125 0.875 0.6520833328125 0.871875 0.6583333328125 0.8859375 0.6541666671875 0.8921875 0.6645833328124999 0.878125 0.7270833328124999 0.8375 0.6666666671875
1 0.840625 0.95 0.8546875 0.9354166671874999 0.8609375 0.91875 0.8625 0.8875 0.846875 0.8583333328125 0.81875 0.8416666671874999 0.809375 0.8416666671874999 0.7890625 0.85625 0.7796875 0.8916666671875 0.78125 0.9125 0.8078125 0.9458333328125 0.8234375 0.9520833328125 0.840625 0.95
1 0.678125 0.8479166671874999 0.6765625 0.8458333328125001 0.6703125 0.8520833328125 0.66875 0.86875 0.7625 0.9229166671875 0.775 0.9166666671874999 0.771875 0.9 0.678125 0.8479166671874999
1 0.6671875 0.9854166671875 0.6671875 0.9625 0.6609375 0.9416666671874999 0.65 0.9229166671875 0.6328125 0.9125 0.625 0.9125 0.609375 0.9166666671874999 0.5984375 0.93125 0.5890625 0.9729166671874999 0.5921875 0.9979166671874999 0.6546875 0.9979166671874999 0.6671875 0.9854166671875
1 0.8 0.9604166671875 0.790625 0.9708333328125001 0.7859375 0.9979166671874999 0.8296875 0.9979166671874999 0.8265625 0.9770833328125 0.809375 0.9604166671875 0.8 0.9604166671875
1 0.325 0.95625 0.353125 0.95 0.4109375 0.90625 0.4546875 0.8541666671874999 0.484375 0.8020833328125001 0.4953125 0.74375 0.4578125 0.6770833328125 0.4609375 0.6520833328125 0.4578125 0.6520833328125 0.4515625 0.6666666671875 0.4359375 0.675 0.3828125 0.7520833328125 0.3453125 0.8291666671875 0.328125 0.9 0.325 0.95625
1 0.2984375 0.7729166671875001 0.3140625 0.7770833328125 0.3390625 0.7458333328125 0.340625 0.7270833328124999 0.3578125 0.6958333328124999 0.33125 0.66875 0.3015625 0.66875 0.29375 0.6791666671875001 0.275 0.65625 0.2671875 0.65625 0.2703125 0.6895833328125 0.259375 0.7083333328125 0.259375 0.7333333328125 0.2671875 0.7416666671875001 0.2859375 0.7354166671875 0.2984375 0.7729166671875001
1 0.615625 0.4875 0.6203125 0.4604166671875 0.6109375 0.43333333281249997 0.60625 0.43333333281249997 0.5703125 0.4375 0.559375 0.45208333281249996 0.5671875 0.5229166671875001 0.5796875 0.5333333328125 0.596875 0.5291666671875 0.615625 0.4875
1 0.5078125 0.39791666718749996 0.5296875 0.40208333281249997 0.521875 0.3895833328125 0.5234375 0.375 0.540625 0.3645833328125 0.55 0.3333333328125 0.5390625 0.30625 0.525 0.2958333328125 0.5234375 0.2958333328125 0.4953125 0.3 0.484375 0.3145833328125 0.484375 0.33125 0.4984375 0.38125 0.4875 0.40625 0.5078125 0.39791666718749996