1 0.7145833328125 0.871875 0.7541666671875 0.8390625 0.78125 0.803125 0.7979166671875 0.76875 0.8041666671875 0.7375 0.8 0.6828125 0.76875 0.61875 0.70625 0.565625 0.65625 0.5421875 0.6291666671875 0.5328125 0.6020833328124999 0.5328125 0.5770833328125 0.540625 0.5416666671875 0.5640625 0.5166666671875 0.6046875 0.5 0.64375 0.4875 0.7 0.48541666718750004 0.7484375 0.4791666671875 0.7515625 0.4770833328125 0.753125 0.48333333281249996 0.7625 0.4916666671875 0.8421875 0.5041666671875 0.871875 0.5333333328125 0.9046875 0.575 0.91875 0.6479166671875001 0.903125 0.6770833328125 0.8921875 0.7145833328125 0.871875
1 0.8833333328125 0.2609375 0.8708333328125001 0.2640625 0.8708333328125001 0.2765625 0.8875 0.278125 0.8895833328125 0.2734375 0.8833333328125 0.2609375
1 0.69375 0.2796875 0.7 0.28125 0.7020833328125 0.2765625 0.69375 0.278125 0.69375 0.2796875
1 0.4791666671875 0.1390625 0.5 0.1453125 0.5520833328125 0.1453125 0.5708333328124999 0.165625 0.5958333328125 0.1703125 0.625 0.1703125 0.6375 0.1625 0.68125 0.065625 0.6770833328125 0.0546875 0.6583333328125 0.0390625 0.6 0.053125 0.3729166671875 0.0265625 0.34375 0.0296875 0.3333333328125 0.0390625 0.3333333328125 0.0515625 0.3458333328125 0.0625 0.4145833328125 0.0828125 0.49583333281249997 0.096875 0.5 0.1015625 0.48541666718750004 0.1046875 0.47083333281249995 0.11875 0.46875 0.128125 0.4791666671875 0.1390625
1 0.42291666718750004 0.559375 0.43958333281249995 0.5640625 0.48333333281249996 0.5625 0.5041666671875 0.5578125 0.5395833328124999 0.5390625 0.5729166671875 0.5390625 0.6020833328124999 0.5296875 0.6291666671875 0.5296875 0.65625 0.5390625 0.6645833328124999 0.5375 0.7041666671875 0.496875 0.7208333328125 0.45 0.7020833328125 0.3875 0.6833333328125 0.3796875 0.6416666671875 0.375 0.63125 0.36875 0.6145833328125 0.346875 0.54375 0.2859375 0.53125 0.25625 0.4770833328125 0.259375 0.45208333281249996 0.265625 0.44375 0.2734375 0.44375 0.28125 0.4875 0.30625 0.5229166671875001 0.3359375 0.525 0.34375 0.51875 0.3484375 0.45625 0.3375 0.43333333281249997 0.35 0.40833333281249995 0.390625 0.27291666718749996 0.3765625 0.2479166671875 0.3828125 0.23958333281250002 0.4 0.23958333281250002 0.4015625 0.24375 0.4109375 0.26875 0.4234375 0.3958333328125 0.446875 0.3958333328125 0.4921875 0.4145833328125 0.5109375 0.40625 0.5265625 0.40833333281249995 0.5453125 0.42291666718750004 0.559375
1 0.9479166671874999 1 0.9479166671874999 0.9296875 0.9375 0.896875 0.90625 0.8578125 0.8541666671874999 0.828125 0.8145833328125001 0.825 0.7916666671875 0.8328125 0.7770833328125 0.8453125 0.775 0.8625 0.7416666671875001 0.89375 0.7354166671875 0.928125 0.7291666671875 0.9296875 0.69375 0.909375 0.6375 0.909375 0.6020833328124999 0.9265625 0.5791666671875 0.9625 0.5791666671875 0.9703125 0.58125 1 0.9479166671874999 1
1 0.43541666718750005 0.9140625 0.3291666671875 0.9046875 0.31875 0.8984375 0.3083333328125 0.8734375 0.2833333328125 0.88125 0.25833333281250004 0.9078125 0.2541666671875 0.9234375 0.2541666671875 0.928125 0.2666666671875 0.9515625 0.2916666671875 0.965625 0.3458333328125 0.93125 0.3729166671875 0.9265625 0.375 0.9359375 0.40625 0.96875 0.43125 0.9671875 0.43541666718750005 0.9140625
1 0.35208333281250004 0.834375 0.41041666718750003 0.8296875 0.425 0.8234375 0.4125 0.815625 0.4 0.8140625 0.3916666671875 0.8203125 0.36875 0.8125 0.35208333281250004 0.83125 0.35208333281250004 0.834375
1 0.5520833328125 1 0.56875 0.9234375 0.5333333328125 0.9078125 0.5145833328125 0.8921875 0.48125 0.8234375 0.3604166671875 0.8390625 0.3604166671875 0.84375 0.3395833328125 0.846875 0.33541666718749996 0.8625 0.31875 0.8734375 0.31875 0.8875 0.3291666671875 0.9 0.45 0.915625 0.45416666718750004 0.9234375 0.4479166671875 0.93125 0.4375 1 0.5520833328125 1
1 0.45416666718750004 0.1828125 0.45416666718750004 0.1640625 0.44166666718750003 0.159375 0.4145833328125 0.1703125 0.34375 0.16875 0.3270833328125 0.1765625 0.3229166671875 0.16875 0.325 0.1890625 0.30416666718749996 0.2203125 0.30416666718749996 0.2234375 0.3395833328125 0.225 0.35625 0.2140625 0.3708333328125 0.2234375 0.41875 0.2234375 0.46875 0.23125 0.475 0.2140625 0.46666666718750005 0.1921875 0.45416666718750004 0.1828125
1 0.3708333328125 0.33125 0.38125 0.2859375 0.3604166671875 0.2765625 0.3625 0.290625 0.35625 0.2953125 0.3479166671875 0.29375 0.3333333328125 0.28125 0.3291666671875 0.2609375 0.3 0.2453125 0.3 0.29375 0.30625 0.303125 0.29375 0.3015625 0.29375 0.303125 0.30625 0.3109375 0.30625 0.3265625 0.33125 0.3359375 0.3479166671875 0.353125 0.39375 0.3765625 0.3875 0.365625 0.3895833328125 0.3515625 0.3708333328125 0.33125
1 0.56875 0.2515625 0.54375 0.2296875 0.525 0.221875 0.4895833328125 0.2234375 0.46875 0.2375 0.45208333281249996 0.2609375 0.45208333281249996 0.2640625 0.53125 0.2546875 0.55625 0.29375 0.5604166671875 0.2890625 0.5625 0.2953125 0.56875 0.2875 0.5645833328125 0.284375 0.575 0.28125 0.56875 0.2515625
1 0.50625 0.3453125 0.5208333328125 0.34375 0.51875 0.334375 0.49791666718750005 0.315625 0.44166666718750003 0.2734375 0.425 0.275 0.4125 0.265625 0.3875 0.2875 0.375 0.325 0.3729166671875 0.3265625 0.3916666671875 0.35 0.3916666671875 0.36875 0.4 0.384375 0.41041666718750003 0.3828125 0.40625 0.3734375 0.4291666671875 0.340625 0.46666666718750005 0.3359375 0.50625 0.3453125
1 0.3395833328125 0.6796875 0.3166666671875 0.653125 0.325 0.6421875 0.3270833328125 0.6109375 0.30625 0.646875 0.30416666718749996 0.7203125 0.3020833328125 0.721875 0.3083333328125 0.728125 0.43541666718750005 0.7375 0.4583333328125 0.7078125 0.45416666718750004 0.6640625 0.40625 0.65625 0.3916666671875 0.6609375 0.36875 0.68125 0.3395833328125 0.6796875
1 0.5125 0.60625 0.5145833328125 0.5890625 0.50625 0.5796875 0.4791666671875 0.5671875 0.4125 0.5640625 0.40208333281249997 0.56875 0.40208333281249997 0.534375 0.3875 0.5328125 0.375 0.540625 0.35625 0.5703125 0.3291666671875 0.6203125 0.3270833328125 0.6515625 0.32083333281250004 0.6515625 0.32083333281250004 0.6546875 0.3375 0.6765625 0.3541666671875 0.68125 0.3729166671875 0.678125 0.38333333281250004 0.6625 0.40208333281249997 0.6546875 0.4583333328125 0.659375 0.4916666671875 0.640625 0.5125 0.60625
1 0.3333333328125 0.5765625 0.3583333328125 0.5640625 0.375 0.5359375 0.3958333328125 0.53125 0.40416666718750005 0.515625 0.3916666671875 0.4953125 0.3875 0.446875 0.3791666671875 0.4484375 0.3416666671875 0.50625 0.3333333328125 0.496875 0.3 0.503125 0.2520833328125 0.4875 0.1979166671875 0.4578125 0.18125 0.4578125 0.1729166671875 0.4640625 0.15 0.5 0.15 0.5125 0.1604166671875 0.5265625 0.1666666671875 0.5265625 0.1666666671875 0.5328125 0.19583333281249998 0.55 0.2416666671875 0.55 0.2979166671875 0.571875 0.30625 0.58125 0.3333333328125 0.5765625
1 0.17916666718750002 0.459375 0.1625 0.4484375 0.1416666671875 0.4578125 0.1395833328125 0.4921875 0.1395833328125 0.5015625 0.15 0.4984375 0.17916666718750002 0.459375