1 0.503125 0.43541666718750005 0.5203125 0.4875 0.5296875 0.48541666718750004 0.5328125 0.46666666718750005 0.553125 0.46666666718750005 0.5640625 0.45625 0.5875 0.3895833328125 0.5875 0.3791666671875 0.575 0.3729166671875 0.575 0.3604166671875 0.546875 0.35 0.5390625 0.35 0.5203125 0.3604166671875 0.4890625 0.43125 0.4890625 0.4375 0.503125 0.43541666718750005
1 0.6078125 0.41041666718750003 0.6546875 0.3875 0.6484375 0.38333333281250004 0.65 0.35625 0.6390625 0.35 0.6375 0.3291666671875 0.6265625 0.3229166671875 0.615625 0.3229166671875 0.6046875 0.33125 0.5921875 0.36875 0.590625 0.3916666671875 0.6078125 0.41041666718750003
1 0.4546875 0.38125 0.446875 0.3916666671875 0.45 0.40416666718750005 0.475 0.42083333281249996 0.490625 0.42083333281249996 0.5140625 0.3708333328125 0.5 0.325 0.4921875 0.3166666671875 0.484375 0.3166666671875 0.475 0.32083333281250004 0.4671875 0.3395833328125 0.453125 0.35208333281250004 0.4546875 0.38125
1 0.403125 0.51875 0.396875 0.4875 0.4015625 0.45 0.415625 0.43333333281249997 0.4375 0.42291666718750004 0.4359375 0.41041666718750003 0.41875 0.41041666718750003 0.40625 0.40208333281249997 0.3921875 0.40208333281249997 0.3828125 0.40833333281249995 0.3640625 0.43958333281249995 0.3625 0.5145833328125 0.403125 0.51875
1 0.3203125 0.59375 0.3296875 0.6416666671875 0.34375 0.6729166671875 0.365625 0.6916666671875 0.384375 0.6916666671875 0.4046875 0.6770833328125 0.41875 0.65 0.43125 0.5791666671875 0.4234375 0.5416666671875 0.415625 0.53125 0.3875 0.5166666671875 0.3791671875 0.5166666671875 0.3484375 0.5208333328125 0.3328125 0.53125 0.31875 0.55625 0.3203125 0.59375
1 0.525 0.8020833328125001 0.5375 0.825 0.5546875 0.8354166671875 0.609375 0.8375 0.6140625 0.83125 0.6140625 0.8145833328125001 0.60625 0.79375 0.61875 0.76875 0.61875 0.7333333328125 0.6015625 0.70625 0.578125 0.69375 0.56953125 0.69375 0.5515625 0.6979166671875 0.53125 0.71875 0.525 0.7583333328124999 0.525 0.8020833328125001
1 0.7234375 0.7395833328125 0.7515625 0.7604166671875 0.7875 0.7604166671875 0.80625 0.7375 0.80625 0.70625 0.7859375 0.6708333328125 0.7546875 0.6541666671875 0.74453125 0.6541666671875 0.7234375 0.6583333328125 0.709375 0.6770833328125 0.709375 0.7145833328125 0.7234375 0.7395833328125
1 0.696875 0.73125 0.7265625 0.7666666671875 0.7484375 0.7791666671875 0.7859375 0.7854166671875 0.8109375 0.775 0.825 0.7583333328124999 0.83125 0.7375 0.8234375 0.6895833328125 0.8109375 0.66875 0.7859375 0.6458333328125 0.746875 0.6291666671875 0.73671875 0.6291666671875 0.7140625 0.6333333328124999 0.6921875 0.6583333328125 0.6875 0.7020833328125 0.696875 0.73125
1 0.9078125 0.9520833328125 0.8921875 0.95 0.884375 0.9583333328125001 0.8765625 0.95 0.875 0.95 0.8359375 0.95625 0.809375 0.9979166671874999 0.921875 0.9979166671874999 0.9078125 0.9520833328125
1 0.425 0.96875 0.41875 0.9979166671874999 0.5609375 0.9979166671874999 0.5421875 0.9416666671874999 0.5484375 0.9125 0.5421875 0.8958333328125001 0.5296875 0.8958333328125001 0.5109375 0.9208333328125 0.4703125 0.9229166671875 0.4390625 0.94375 0.425 0.96875
1 0.6609375 0.9729166671874999 0.6390625 0.9583333328125001 0.628125 0.9583333328125001 0.6109375 0.9604166671875 0.590625 0.9979166671874999 0.66875 0.9979166671874999 0.6609375 0.9729166671874999
1 0.4640625 0.5458333328125 0.4828125 0.55625 0.4765625 0.5625 0.475 0.5791666671875 0.4859375 0.5895833328125 0.4953125 0.5875 0.5265625 0.5458333328125 0.5375 0.5458333328125 0.5421875 0.5520833328125 0.5421875 0.575 0.559375 0.5770833328125 0.5671875 0.5625 0.5671875 0.5416666671875 0.55625 0.5020833328125 0.565625 0.48541666718750004 0.5671875 0.46875 0.5625 0.46458333281249997 0.5421875 0.48541666718750004 0.5203125 0.4895833328125 0.496875 0.4375 0.49375 0.4375 0.4578125 0.47083333281249995 0.45 0.50625 0.465625 0.53125 0.4640625 0.5458333328125
1 0.36875 0.2625 0.3703125 0.2979166671875 0.3828125 0.325 0.3859375 0.3541666671875 0.3921875 0.36666666718749996 0.403125 0.3729166671875 0.45 0.35 0.475 0.31875 0.484375 0.3145833328125 0.4921875 0.2708333328125 0.490625 0.2604166671875 0.4703125 0.23541666718749998 0.446875 0.23125 0.434375 0.23958333281250002 0.4140625 0.225 0.4046875 0.225 0.39375 0.23125 0.3765625 0.22916666718749998 0.3625 0.23958333281250002 0.36875 0.2625
1 0.66875 0.30416666718749996 0.659375 0.36875 0.6609375 0.40833333281249995 0.678125 0.45208333281249996 0.665625 0.5270833328125 0.665625 0.5645833328125 0.684375 0.5979166671875 0.7171875 0.6145833328125 0.7453125 0.6104166671875 0.7640625 0.5916666671875 0.8328125 0.4125 0.85625 0.40416666718750005 0.8609375 0.3958333328125 0.8578125 0.325 0.853125 0.3125 0.8390625 0.29375 0.809375 0.2708333328125 0.759375 0.25833333281250004 0.7484375 0.25833333281250004 0.728125 0.2645833328125 0.703125 0.2625 0.68125 0.275 0.66875 0.30416666718749996
1 0.2 0.2666666671875 0.2484375 0.5479166671875 0.2609375 0.5729166671875 0.2890625 0.5875 0.315625 0.5854166671875001 0.315625 0.55625 0.3203125 0.54375 0.3328125 0.5270833328125 0.3578125 0.5125 0.36875 0.2708333328125 0.3546875 0.2375 0.303125 0.2104166671875 0.2953125 0.2104166671875 0.26875 0.2125 0.234375 0.225 0.2125 0.2416666671875 0.2 0.2666666671875