1 0.8921875 0.125 0.890625 0.1145833328125 0.8875 0.1145833328125 0.8828125 0.12291666718750001 0.8703125 0.1270833328125 0.821875 0.2625 0.796875 0.2479166671875 0.7859375 0.2479166671875 0.7734375 0.23541666718749998 0.75625 0.23333333281250002 0.7296875 0.2479166671875 0.7 0.2979166671875 0.690625 0.35208333281250004 0.690625 0.46666666718750005 0.76875 0.50625 0.784375 0.5083333328124999 0.8265625 0.5354166671875 0.85 0.50625 0.878125 0.5041666671875 0.921875 0.43958333281249995 0.934375 0.40625 0.9328125 0.39375 0.94375 0.35 0.9421875 0.3333333328125 0.9171875 0.30625 0.89375 0.3 0.853125 0.2770833328125 0.8953125 0.14375 0.9046875 0.1270833328125 0.9015625 0.1208333328125 0.8921875 0.125
1 0.69375 0.6104166671875 0.6640625 0.5979166671875 0.65625 0.5979166671875 0.6359375 0.6020833328124999 0.6125 0.6208333328125 0.5453125 0.7041666671875 0.5359375 0.7333333328125 0.5359375 0.8208333328125 0.4859375 0.9375 0.475 0.975 0.475 0.9979166671874999 0.640625 0.9979166671874999 0.675 0.90625 0.7171875 0.81875 0.734375 0.75625 0.7359375 0.73125 0.7328125 0.68125 0.7203125 0.6458333328125 0.69375 0.6104166671875
1 0.6078125 0.2770833328125 0.6 0.2666666671875 0.5875 0.2666666671875 0.5765625 0.2854166671875 0.5703125 0.2833333328125 0.5703125 0.2770833328125 0.5640625 0.2791666671875 0.5671875 0.2958333328125 0.5375 0.3 0.5234375 0.3125 0.48125 0.4270833328125 0.4546875 0.45208333281249996 0.45 0.4791666671875 0.4640625 0.5166666671875 0.4546875 0.5375 0.3796875 0.5541666671875001 0.3375 0.5958333328125 0.334375 0.625 0.3390625 0.6375 0.353125 0.6479166671875001 0.3671875 0.64375 0.3796875 0.6833333328125 0.4171875 0.7375 0.4359375 0.7354166671875 0.4640625 0.7145833328125 0.496875 0.6416666671875 0.565625 0.61875 0.6046875 0.5916666671875 0.61875 0.5645833328125 0.6234375 0.5270833328125 0.6078125 0.49375 0.58125 0.4625 0.5671875 0.45208333281249996 0.5515625 0.45 0.5734375 0.375 0.5921875 0.36666666718749996 0.5953125 0.35 0.6 0.3479166671875 0.6015625 0.325 0.5953125 0.3145833328125 0.603125 0.3083333328125 0.6078125 0.2770833328125
1 0.240625 0.5208333328125 0.190625 0.5 0.1890625 0.5020833328125 0.14375 0.5 0.109375 0.5104166671875 0.053125 0.5416666671875 0.0171875 0.58125 0.0015625 0.6083333328125 0.0015625 0.725 0.0203125 0.7541666671875 0.0796875 0.7979166671875 0.1359375 0.8083333328125001 0.171875 0.8 0.20625 0.78125 0.2515625 0.73125 0.2640625 0.7083333328125 0.284375 0.6458333328125 0.2859375 0.6 0.2796875 0.5729166671875 0.25625 0.5354166671875 0.240625 0.5208333328125
1 0.1390625 0.3375 0.1234375 0.3166666671875 0.121875 0.31875 0.090625 0.31875 0.0296875 0.34375 0.0015625 0.3625 0.0015625 0.4375 0.0078125 0.43958333281249995 0.0015625 0.45 0.0015625 0.49791666718750005 0.0078125 0.5041666671875 0.0015625 0.50625 0.0015625 0.6020833328124999 0.028125 0.5625 0.065625 0.5291666671875 0.1234375 0.5020833328125 0.1890625 0.49791666718750005 0.1921875 0.48541666718750004 0.2125 0.4625 0.2140625 0.45625 0.20625 0.44375 0.1796875 0.42291666718750004 0.1421875 0.3541666671875 0.1390625 0.3375
1 0.3140625 0.2520833328125 0.303125 0.2479166671875 0.303125 0.25 0.3015625 0.2791666671875 0.2875 0.3333333328125 0.29375 0.5083333328124999 0.3015625 0.5291666671875 0.3328125 0.5291666671875 0.340625 0.5208333328125 0.3421875 0.5041666671875 0.3390625 0.3333333328125 0.3203125 0.2625 0.315625 0.2666666671875 0.3140625 0.2520833328125
1 0.43125 0.2666666671875 0.4109375 0.2520833328125 0.4078125 0.2520833328125 0.384375 0.25625 0.359375 0.2791666671875 0.3640625 0.3083333328125 0.359375 0.3291666671875 0.3609375 0.3791666671875 0.3703125 0.3916666671875 0.4015625 0.3875 0.4296875 0.36875 0.4375 0.2791666671875 0.43125 0.2666666671875
1 0.38125 0.19583333281249998 0.3625 0.1833333328125 0.3609375 0.1833333328125 0.3328125 0.1895833328125 0.3046875 0.20625 0.303125 0.2166666671875 0.309375 0.23125 0.3 0.24375 0.259375 0.2625 0.240625 0.2875 0.24375 0.31875 0.2578125 0.3604166671875 0.271875 0.36875 0.271875 0.3770833328125 0.28125 0.3770833328125 0.284375 0.3625 0.290625 0.3770833328125 0.2921875 0.40208333281249997 0.2984375 0.40833333281249995 0.2921875 0.4145833328125 0.2953125 0.5166666671875 0.303125 0.5291666671875 0.334375 0.5270833328125 0.3390625 0.5104166671875 0.3359375 0.34375 0.3578125 0.35208333281250004 0.3609375 0.38333333281250004 0.3703125 0.39375 0.3875 0.39375 0.4203125 0.3791666671875 0.4328125 0.3583333328125 0.4359375 0.275 0.40625 0.24583333281250003 0.38125 0.19583333281249998
1 0.4859375 0.16875 0.478125 0.1604166671875 0.4671875 0.1604166671875 0.45625 0.1729166671875 0.4375 0.23333333281250002 0.4453125 0.2854166671875 0.453125 0.3 0.4640625 0.3 0.4953125 0.28125 0.503125 0.2604166671875 0.5 0.21458333281250003 0.4859375 0.16875
1 0.8921875 0.5125 0.861328125 0.5104166671875 0.853125 0.5104166671875 0.834375 0.5333333328125 0.8328125 0.5645833328125 0.784375 0.7020833328125 0.7828125 0.71875 0.7859375 0.7375 0.7984375 0.7625 0.8328125 0.7854166671875 0.8546875 0.7854166671875 0.8703125 0.775 0.9203125 0.6604166671875 0.9453125 0.5875 0.94375 0.5645833328125 0.9234375 0.5333333328125 0.8921875 0.5125
1 1 0.5229166671875001 0.9953125 0.5229166671875001 0.975 0.5354166671875 0.9546875 0.5645833328125 0.9234375 0.6604166671875 0.871875 0.7770833328125 0.8125 0.9354166671874999 0.80625 0.9625 0.80625 0.9979166671874999 1 0.9979166671874999 1 0.5229166671875001