1 0.45208333281249996 0.409375 0.40833333281249995 0.4859375 0.40416666718750005 0.5203125 0.3770833328125 0.5453125 0.38125 0.571875 0.4166666671875 0.5890625 0.45208333281249996 0.5859375 0.4791666671875 0.6078125 0.5229166671875001 0.6078125 0.54375 0.5921875 0.5833333328125 0.53125 0.6083333328125 0.46875 0.6083333328125 0.4609375 0.6020833328124999 0.4421875 0.5729166671875 0.4265625 0.5333333328125 0.428125 0.5145833328125 0.4078125 0.49375 0.403125 0.45208333281249996 0.409375
1 0.3375 0.4078125 0.3229166671875 0.4296875 0.26875 0.44375 0.23958333281250002 0.46875 0.23333333281250002 0.484375 0.23541666718749998 0.5109375 0.2541666671875 0.5359375 0.26875 0.546875 0.3083333328125 0.559375 0.3375 0.559375 0.3770833328125 0.5453125 0.39791666718749996 0.5265625 0.40625 0.503125 0.40625 0.49453125 0.39375 0.459375 0.3645833328125 0.4328125 0.36666666718749996 0.4046875 0.3604166671875 0.4 0.3479166671875 0.4 0.3375 0.4078125
1 0.3479166671875 0.203125 0.3083333328125 0.2234375 0.2979166671875 0.2546875 0.3083333328125 0.284375 0.3229166671875 0.303125 0.3479166671875 0.3140625 0.38333333281250004 0.3140625 0.39791666718749996 0.3078125 0.42291666718750004 0.3140625 0.43333333281249997 0.3109375 0.43333333281249997 0.3046875 0.4166666671875 0.2890625 0.4291666671875 0.2578125 0.4270833328125 0.2390625 0.40625 0.2140625 0.38333333281250004 0.2046875 0.3479166671875 0.203125
1 0.55 0.08125 0.525 0.1 0.5104166671875 0.1234375 0.5083333328124999 0.1484375 0.51875 0.1765625 0.5354166671875 0.19375 0.5791666671875 0.215625 0.6333333328124999 0.21875 0.6708333328125 0.209375 0.7020833328125 0.1828125 0.7104166671875001 0.1640625 0.7104166671875001 0.1546875 0.70625 0.125 0.6854166671875 0.0984375 0.6520833328125 0.0796875 0.625 0.071875 0.5791666671875 0.071875 0.55 0.08125
1 0.7333333328125 0.50625 0.7520833328125 0.51875 0.7645833328125 0.5203125 0.7708333328125 0.515625 0.7708333328125 0.5078125 0.76875 0.4609375 0.7604166671875 0.45625 0.7395833328125 0.4640625 0.7291666671875 0.475 0.7270833328124999 0.4953125 0.7333333328125 0.50625
1 0.7791666671875 0.3640625 0.7645833328125 0.35 0.7354166671875 0.3375 0.7229166671875 0.3375 0.6916666671875 0.36875 0.65625 0.434375 0.64375 0.4921875 0.64375 0.5625 0.65 0.596875 0.6666666671875 0.6125 0.675 0.64375 0.6895833328125 0.6484375 0.7083333328125 0.64375 0.7270833328124999 0.6296875 0.7895833328124999 0.63125 0.80625 0.6453125 0.8229166671874999 0.646875 0.8354166671875 0.6375 0.8458333328125001 0.60625 0.8458333328125001 0.5984375 0.8291666671875 0.4625 0.8104166671874999 0.3953125 0.8020833328125001 0.3859375 0.8020833328125001 0.3703125 0.7958333328125 0.3640625 0.7791666671875 0.3640625
1 1 0.3890625 0.9625 0.4046875 0.9395833328125001 0.4234375 0.9125 0.4765625 0.9166666671874999 0.5125 0.9291666671875 0.534375 0.9666666671874999 0.5671875 1 0.5828125 1 0.5203125 0.9791666671874999 0.5203125 0.9604166671875 0.4984375 0.9604166671875 0.4875 0.9708333328125001 0.475 1 0.4703125 1 0.46218750000000003 1 0.3890625
1 1 0.03125 0.9645833328125001 0.03125 0.91875 0.046875 0.8770833328125001 0.0828125 0.8541666671874999 0.0875 0.8416666671874999 0.103125 0.8333333328125001 0.1328125 0.8645833328125001 0.146875 0.875 0.1421875 0.8958333328125001 0.153125 0.8854166671874999 0.1578125 0.9395833328125001 0.171875 0.9833333328125 0.175 0.9916666671875 0.1796875 1 0.171875 1 0.1640625 1 0.03125
1 0.058333332812500006 0.6796875 0.058333332812500006 0.6328125 0.06875 0.6140625 0.06875 0.609375 0.060416667187499995 0.6015625 0.0020833328125000002 0.5875 0.0020833328125000002 0.7140625 0.0333333328125 0.7140625 0.0458333328125 0.70625 0.058333332812500006 0.6796875
1 0.0020833328125000002 0.23125 0.0333333328125 0.2390625 0.060416667187499995 0.2390625 0.0875 0.2296875 0.1020833328125 0.2125 0.10833333281249999 0.19375 0.14375 0.1765625 0.1583333328125 0.15 0.1583333328125 0.140625 0.15 0.1203125 0.13333333281249998 0.1109375 0.08541666718749999 0.1109375 0.060416667187499995 0.096875 0.0020833328125000002 0.028125 0.0020833328125000002 0.23125
1 0.0895833328125 0 0.0875 0.0046875 0.0958333328125 0.0515625 0.11875 0.059375 0.16458333281249998 0.0625 0.1604166671875 0.084375 0.17916666718750002 0.096875 0.1916666671875 0.096875 0.20416666718749998 0.0890625 0.22291666718749997 0.053125 0.2416666671875 0.0421875 0.25833333281250004 0.0453125 0.2604166671875 0.0609375 0.27291666718749996 0.0671875 0.2916666671875 0.0640625 0.3020833328125 0.0453125 0.3020833328125 0.0390625 0.275 0 0.0895833328125 0
1 0.45208333281249996 0 0.45208333281249996 0.00625 0.4625 0.0234375 0.4916666671875 0.046875 0.5104166671875 0.0546875 0.5520833328125 0.05625 0.5770833328125 0.05 0.5979166671875 0.0359375 0.6208333328125 0.0015625 0.6229166671875 0 0.45208333281249996 0
1 0.7145833328125 0 0.7020833328125 0.0515625 0.7354166671875 0.08125 0.7583333328124999 0.0859375 0.7791666671875 0.0828125 0.8020833328125001 0.075 0.8145833328125001 0.0546875 0.84375 0.053125 0.8625 0.0453125 0.8875 0.003125 0.8875 0 0.7145833328125 0