1 0.9421875 0.6666666671875 0.94375 0.65 0.9328125 0.60625 0.934375 0.59375 0.921875 0.5604166671875 0.878125 0.49583333281249997 0.85 0.49375 0.8265625 0.46458333281249997 0.784375 0.4916666671875 0.76875 0.49375 0.690625 0.5333333328125 0.690625 0.6479166671875001 0.7 0.7020833328125 0.7296875 0.7520833328125 0.75625 0.7666666671875 0.7734375 0.7645833328125 0.7859375 0.7520833328125 0.796875 0.7520833328125 0.821875 0.7375 0.8703125 0.8729166671874999 0.8828125 0.8770833328125001 0.8875 0.8854166671874999 0.890625 0.8854166671874999 0.8921875 0.875 0.9015625 0.8791666671874999 0.9046875 0.8729166671874999 0.8953125 0.85625 0.853125 0.7229166671875 0.89375 0.7 0.9171875 0.69375 0.9421875 0.6666666671875
1 0.640625 0.0020833328125000002 0.475 0.0020833328125000002 0.475 0.025 0.4859375 0.0625 0.5359375 0.17916666718750002 0.5359375 0.2666666671875 0.5453125 0.2958333328125 0.6125 0.3791666671875 0.6359375 0.39791666718749996 0.65625 0.40208333281249997 0.6640625 0.40208333281249997 0.69375 0.3895833328125 0.7203125 0.3541666671875 0.7328125 0.31875 0.7359375 0.26875 0.734375 0.24375 0.7171875 0.18125 0.675 0.09375 0.640625 0.0020833328125000002
1 0.5734375 0.625 0.5515625 0.55 0.5671875 0.5479166671875 0.58125 0.5375 0.6078125 0.50625 0.6234375 0.47291666718750003 0.61875 0.43541666718750005 0.6046875 0.40833333281249995 0.565625 0.38125 0.496875 0.3583333328125 0.4640625 0.2854166671875 0.4359375 0.2645833328125 0.4171875 0.2625 0.3796875 0.3166666671875 0.3671875 0.35625 0.353125 0.35208333281250004 0.3390625 0.3625 0.334375 0.375 0.3375 0.40416666718750005 0.3796875 0.4458333328125 0.4546875 0.4625 0.4640625 0.48333333281249996 0.45 0.5208333328125 0.4546875 0.5479166671875 0.48125 0.5729166671875 0.5234375 0.6875 0.5375 0.7 0.5671875 0.7041666671875 0.5640625 0.7208333328125 0.5703125 0.7229166671875 0.5703125 0.7166666671875 0.5765625 0.7145833328125 0.5875 0.7333333328125 0.6 0.7333333328125 0.6078125 0.7229166671875 0.603125 0.6916666671875 0.5953125 0.6854166671875 0.6015625 0.675 0.6 0.6520833328125 0.5953125 0.65 0.5921875 0.6333333328124999 0.5734375 0.625
1 0.20625 0.21875 0.171875 0.2 0.1359375 0.1916666671875 0.0796875 0.20208333281250002 0.0203125 0.24583333281250003 0.0015625 0.275 0.0015625 0.3916666671875 0.0171875 0.41875 0.053125 0.4583333328125 0.109375 0.4895833328125 0.14375 0.5 0.1890625 0.49791666718750005 0.190625 0.5 0.240625 0.4791666671875 0.25625 0.46458333281249997 0.2796875 0.4270833328125 0.2859375 0.4 0.284375 0.3541666671875 0.2640625 0.2916666671875 0.2515625 0.26875 0.20625 0.21875
1 0.1890625 0.5020833328125 0.1234375 0.49791666718750005 0.065625 0.47083333281249995 0.028125 0.4375 0.0015625 0.39791666718749996 0.0015625 0.49375 0.0078125 0.49583333281249997 0.0015625 0.5020833328125 0.0015625 0.55 0.0078125 0.5604166671875 0.0015625 0.5625 0.0015625 0.6375 0.0296875 0.65625 0.090625 0.68125 0.121875 0.68125 0.1234375 0.6833333328125 0.1390625 0.6625 0.1421875 0.6458333328125 0.1796875 0.5770833328125 0.20625 0.55625 0.2140625 0.54375 0.2125 0.5375 0.1921875 0.5145833328125 0.1890625 0.5020833328125
1 0.3015625 0.47083333281249995 0.29375 0.4916666671875 0.2875 0.6666666671875 0.3015625 0.7208333328125 0.303125 0.75 0.303125 0.7520833328125 0.3140625 0.7479166671875 0.315625 0.7333333328125 0.3203125 0.7375 0.3390625 0.6666666671875 0.3421875 0.49583333281249997 0.340625 0.4791666671875 0.3328125 0.47083333281249995 0.3015625 0.47083333281249995
1 0.3640625 0.6916666671875 0.359375 0.7208333328125 0.384375 0.74375 0.4078125 0.7479166671875 0.4109375 0.7479166671875 0.43125 0.7333333328125 0.4375 0.7208333328125 0.4296875 0.63125 0.4015625 0.6125 0.3703125 0.6083333328125 0.3609375 0.6208333328125 0.359375 0.6708333328125 0.3640625 0.6916666671875
1 0.3609375 0.6166666671875001 0.3578125 0.6479166671875001 0.3359375 0.65625 0.3390625 0.4895833328125 0.334375 0.47291666718750003 0.303125 0.47083333281249995 0.2953125 0.48333333281249996 0.2921875 0.5854166671875001 0.2984375 0.5916666671875 0.2921875 0.5979166671875 0.290625 0.6229166671875 0.284375 0.6375 0.28125 0.6229166671875 0.271875 0.6229166671875 0.271875 0.63125 0.2578125 0.6395833328125 0.24375 0.68125 0.240625 0.7125 0.259375 0.7375 0.3 0.75625 0.309375 0.76875 0.303125 0.7833333328125 0.3046875 0.79375 0.3328125 0.8104166671874999 0.3609375 0.8166666671874999 0.3625 0.8166666671874999 0.38125 0.8041666671875 0.40625 0.7541666671875 0.4359375 0.725 0.4328125 0.6416666671875 0.4203125 0.6208333328125 0.3875 0.60625 0.3703125 0.60625 0.3609375 0.6166666671875001
1 0.4375 0.7666666671875 0.45625 0.8270833328125 0.4671875 0.8395833328125001 0.478125 0.8395833328125001 0.4859375 0.83125 0.5 0.7854166671875 0.503125 0.7395833328125 0.4953125 0.71875 0.4640625 0.7 0.453125 0.7 0.4453125 0.7145833328125 0.4375 0.7666666671875
1 0.8328125 0.21458333281250003 0.7984375 0.2375 0.7859375 0.2625 0.7828125 0.28125 0.784375 0.2979166671875 0.8328125 0.43541666718750005 0.834375 0.46666666718750005 0.853125 0.4895833328125 0.861328125 0.4895833328125 0.8921875 0.4875 0.9234375 0.46666666718750005 0.94375 0.43541666718750005 0.9453125 0.4125 0.9203125 0.3395833328125 0.8703125 0.225 0.8546875 0.21458333281250003 0.8328125 0.21458333281250003
1 1 0.0020833328125000002 0.80625 0.0020833328125000002 0.80625 0.0375 0.8125 0.0645833328125 0.871875 0.22291666718749997 0.9234375 0.3395833328125 0.9546875 0.43541666718750005 0.975 0.46458333281249997 0.9953125 0.4770833328125 1 0.4770833328125 1 0.0020833328125000002