1 0.3640625 0.325 0.375 0.3145833328125 0.3796875 0.2958333328125 0.4015625 0.2791666671875 0.40625 0.2666666671875 0.4015625 0.2479166671875 0.3453125 0.1729166671875 0.321875 0.16875 0.3140625 0.1770833328125 0.2859375 0.2166666671875 0.290625 0.2520833328125 0.34375 0.31875 0.3640625 0.325
1 0.2515625 0.43958333281249995 0.2828125 0.4458333328125 0.2921875 0.43333333281249997 0.303125 0.36875 0.29375 0.35208333281250004 0.2765625 0.34375 0.26875 0.34375 0.2578125 0.3479166671875 0.246875 0.3791666671875 0.24375 0.4270833328125 0.2515625 0.43958333281249995
1 0.465625 0.38333333281250004 0.5015625 0.3708333328125 0.509375 0.3479166671875 0.5046875 0.3291666671875 0.4859375 0.3083333328125 0.4671875 0.30416666718749996 0.465625 0.3020833328125 0.44375 0.3104166671875 0.43125 0.3229166671875 0.43125 0.35625 0.465625 0.38333333281250004
1 0.659375 0.42291666718750004 0.6875 0.4270833328125 0.715625 0.41875 0.7296875 0.40416666718750005 0.796875 0.40416666718750005 0.8046875 0.3958333328125 0.80625 0.3416666671875 0.74375 0.3270833328125 0.715625 0.30416666718749996 0.6890625 0.29375 0.68046875 0.29375 0.6640625 0.2979166671875 0.6609375 0.3166666671875 0.65625 0.3604166671875 0.659375 0.42291666718750004
1 0.4890625 0.5375 0.5234375 0.5354166671875 0.534375 0.5208333328125 0.5359375 0.5083333328124999 0.5265625 0.4791666671875 0.5125 0.4604166671875 0.5046875 0.4604166671875 0.4890625 0.475 0.484375 0.5145833328125 0.484375 0.53125 0.4890625 0.5375
1 0.415625 0.5666666671875 0.4296875 0.56875 0.4453125 0.5583333328125 0.446875 0.5145833328125 0.434375 0.48333333281249996 0.4171875 0.4625 0.4078125 0.4625 0.39375 0.475 0.3921875 0.5208333328125 0.3984375 0.5416666671875 0.415625 0.5666666671875
1 0.25625 0.6958333328124999 0.265625 0.6895833328125 0.2796875 0.6916666671875 0.29375 0.6770833328125 0.29375 0.6666666671875 0.2828125 0.6479166671875001 0.296875 0.6229166671875 0.3 0.6041666671875 0.2859375 0.5791666671875 0.25 0.5625 0.24375 0.5625 0.2359375 0.6145833328125 0.2515625 0.6416666671875 0.2453125 0.6770833328125 0.25625 0.6958333328124999
1 0.403125 0.6604166671875 0.4171875 0.65625 0.4234375 0.64375 0.4234375 0.6270833328125 0.4125 0.6125 0.4 0.6125 0.3890625 0.625 0.3875 0.6395833328125 0.390625 0.65 0.403125 0.6604166671875
1 0.3 0.8458333328125001 0.3109375 0.8541666671874999 0.3140625 0.84375 0.325 0.84375 0.3984375 0.79375 0.4171875 0.7666666671875 0.46875 0.7208333328125 0.48125 0.69375 0.4703125 0.6645833328124999 0.4609375 0.6541666671875 0.4578125 0.65 0.415625 0.6729166671875 0.371875 0.7104166671875001 0.3 0.8125 0.3 0.8458333328125001
1 0.6046875 0.6541666671875 0.6203125 0.6645833328124999 0.6375 0.6666666671875 0.6671875 0.6416666671875 0.6734375 0.6208333328125 0.6734375 0.59375 0.6578125 0.5625 0.6359375 0.55 0.625 0.55 0.596875 0.5708333328124999 0.5875 0.5958333328125 0.5875 0.6166666671875001 0.6046875 0.6541666671875
1 0.73125 0.7333333328125 0.753125 0.7395833328125 0.7609375 0.75 0.7703125 0.7729166671875001 0.76875 0.7958333328125 0.7796875 0.8 0.80625 0.78125 0.875 0.69375 0.9015625 0.65 0.896875 0.60625 0.88125 0.6 0.8734375 0.6 0.821875 0.61875 0.7890625 0.6416666671875 0.75 0.68125 0.73125 0.7333333328125
1 0.7828125 0.6145833328125 0.79375 0.6145833328125 0.803125 0.60625 0.8203125 0.5791666671875 0.8296875 0.5520833328125 0.8296875 0.53125 0.790625 0.4895833328125 0.7875 0.4895833328125 0.7625 0.49791666718750005 0.7328125 0.55625 0.7359375 0.56875 0.7828125 0.6145833328125
1 0.7375 0.6375 0.7578125 0.625 0.7609375 0.6145833328125 0.75 0.5854166671875001 0.7234375 0.5604166671875 0.7109375 0.5604166671875 0.696875 0.5729166671875 0.6953125 0.5833333328125 0.725 0.6354166671875 0.7375 0.6375
1 0.7515625 0.5854166671875001 0.7625 0.6083333328125 0.7671875 0.6 0.7859375 0.6166666671875001 0.8015625 0.6083333328125 0.8171875 0.5854166671875001 0.828125 0.5604166671875 0.83125 0.5375 0.7921875 0.4895833328125 0.7859375 0.4895833328125 0.765625 0.49375 0.73125 0.5583333328125 0.7328125 0.56875 0.7515625 0.5854166671875001
1 0.8296875 0.4895833328125 0.8375 0.5041666671875 0.8609375 0.5208333328125 0.8875 0.5104166671875 0.9109375 0.4791666671875 0.91875 0.48125 0.934375 0.46458333281249997 0.93125 0.4458333328125 0.9140625 0.4125 0.890625 0.3916666671875 0.871875 0.3875 0.86875 0.3875 0.846875 0.39375 0.828125 0.42291666718750004 0.825 0.4375 0.8296875 0.4895833328125
1 0.7765625 0.8625 0.7828125 0.8791666671874999 0.7765625 0.9 0.7796875 0.91875 0.7734375 0.9229166671875 0.778125 0.9395833328125001 0.7890625 0.9416666671874999 0.8015625 0.9104166671874999 0.83125 0.94375 0.8828125 0.9541666671875 0.890625 0.9416666671874999 0.8890625 0.88125 0.903125 0.8729166671874999 0.903125 0.85625 0.890625 0.8479166671874999 0.871875 0.8479166671874999 0.8390625 0.8166666671874999 0.81875 0.8083333328125001 0.809375 0.8083333328125001 0.790625 0.8166666671874999 0.7828125 0.83125 0.778125 0.8291666671875 0.7765625 0.8625
1 0.5859375 0.83125 0.5921875 0.8645833328125001 0.60625 0.8895833328125 0.6265625 0.9104166671874999 0.646875 0.9166666671874999 0.68125 0.9104166671874999 0.70625 0.88125 0.715625 0.8791666671874999 0.71875 0.8625 0.7171875 0.8166666671874999 0.7046875 0.7770833328125 0.6890625 0.75625 0.6609375 0.7395833328125 0.6520828125 0.7395833328125 0.6203125 0.7458333328125 0.5984375 0.7708333328125 0.5890625 0.8 0.5859375 0.83125
1 0.4734375 0.7208333328125 0.4625 0.7270833328124999 0.5 0.7916666671875 0.4953125 0.8333333328125001 0.4984375 0.8520833328125 0.534375 0.9083333328125001 0.54375 0.9041666671874999 0.5671875 0.84375 0.5671875 0.81875 0.559375 0.8020833328125001 0.5578125 0.78125 0.584375 0.7104166671875001 0.5796875 0.6916666671875 0.5765625 0.6916666671875 0.53125 0.7875 0.51875 0.7833333328125 0.48125 0.7270833328124999 0.4734375 0.7208333328125
1 0.29375 0.8416666671874999 0.3078125 0.8645833328125001 0.3234375 0.8729166671874999 0.346875 0.8729166671874999 0.3578125 0.8666666671875 0.3765625 0.8458333328125001 0.384375 0.81875 0.3828125 0.8020833328125001 0.321875 0.8416666671874999 0.3140625 0.84375 0.3 0.8333333328125001 0.3 0.8125 0.3453125 0.7479166671875 0.3421875 0.7416666671875001 0.3296875 0.7416666671875001 0.3078125 0.7541666671875 0.2921875 0.7770833328125 0.2875 0.7958333328125 0.29375 0.8416666671874999
1 0.30625 0.9291666671875 0.315625 0.875 0.2953125 0.8479166671874999 0.2828125 0.8125 0.196875 0.7875 0.1953125 0.7875 0.1890625 0.8 0.178125 0.8604166671875 0.178125 0.8958333328125001 0.30625 0.9291666671875
1 0.190625 0.9979166671874999 0.265625 0.9979166671874999 0.2640625 0.9520833328125 0.246875 0.9333333328125001 0.23125 0.9375 0.2171875 0.9125 0.2125 0.9125 0.20625 0.9229166671875 0.20625 0.9520833328125 0.1921875 0.9770833328125 0.190625 0.9979166671874999
1 0.3359375 0.9958333328125001 0.4578125 0.9979166671874999 0.4515625 0.9833333328125 0.45 0.9375 0.44375 0.9145833328125 0.4375 0.90625 0.425 0.90625 0.41875 0.9229166671875 0.4078125 0.93125 0.4015625 0.9125 0.4 0.8729166671874999 0.3890625 0.8541666671874999 0.378125 0.8520833328125 0.3765625 0.85 0.346875 0.8770833328125001 0.3484375 0.9416666671874999 0.3359375 0.9770833328125 0.3359375 0.9958333328125001
1 0.48125 0.9520833328125 0.4828125 0.9645833328125001 0.478125 0.9729166671874999 0.4890625 0.9979166671874999 0.4984375 0.99375 0.490625 0.9833333328125 0.490625 0.93125 0.53125 0.925 0.5140625 0.9166666671874999 0.5046875 0.9166666671874999 0.4859375 0.9229166671875 0.4828125 0.9479166671874999 0.4875 0.95 0.48125 0.9520833328125
1 0.55 0.9416666671874999 0.546875 0.9270833328125001 0.5265625 0.9145833328125 0.4953125 0.9145833328125 0.4921875 0.9145833328125 0.484375 0.925 0.4703125 0.9979166671874999 0.5421875 0.9979166671874999 0.55 0.9416666671874999