1 0.3333333328125 0.1734375 0.33541666718749996 0.2 0.3583333328125 0.2390625 0.3895833328125 0.2640625 0.42083333281249996 0.2734375 0.45 0.271875 0.4791666671875 0.259375 0.5104166671875 0.23125 0.5270833328125 0.1953125 0.5270833328125 0.1859375 0.525 0.15 0.5104166671875 0.1265625 0.4770833328125 0.1015625 0.45208333281249996 0.0953125 0.3958333328125 0.1 0.375 0.1125 0.35 0.1359375 0.3333333328125 0.1734375
1 0.375 0.290625 0.375 0.3109375 0.40625 0.328125 0.42291666718750004 0.365625 0.45208333281249996 0.3859375 0.5166666671875 0.3875 0.54375 0.3984375 0.5666666671875 0.3984375 0.5958333328125 0.36875 0.5958333328125 0.3578125 0.5541666671875001 0.33125 0.5541666671875001 0.3171875 0.54375 0.2984375 0.5125 0.278125 0.49583333281249997 0.2734375 0.4375 0.278125 0.4 0.2734375 0.375 0.290625
1 0.5833333328125 0.446875 0.6041666671875 0.4625 0.625 0.46875 0.6708333328125 0.4609375 0.6666666671875 0.4484375 0.6729166671875 0.43125 0.6729166671875 0.42265625 0.66875 0.40625 0.65 0.396875 0.5979166671875 0.396875 0.5854166671875001 0.4046875 0.5708333328124999 0.403125 0.5604166671875 0.4109375 0.5625 0.425 0.5833333328125 0.446875
1 0.6375 0.5484375 0.65625 0.5390625 0.6729166671875 0.51875 0.675 0.49375 0.66875 0.4859375 0.675 0.48125 0.675 0.46875 0.6645833328124999 0.46875 0.65625 0.478125 0.6083333328125 0.4671875 0.5708333328124999 0.4734375 0.575 0.4984375 0.5666666671875 0.5140625 0.6083333328125 0.5453125 0.6375 0.5484375
1 0.7229166671875 0.5140625 0.7229166671875 0.503125 0.7229166671875 0.4921875 0.7083333328125 0.48125 0.68125 0.478125 0.6729166671875 0.4875 0.6770833328125 0.509375 0.66875 0.5328125 0.6979166671875 0.5375 0.7229166671875 0.5140625
1 0.7645833328125 0.5796875 0.7791666671875 0.5796875 0.7833333328125 0.5734375 0.8125 0.5796875 0.8208333328125 0.5765625 0.8229166671874999 0.575 0.7958333328125 0.5546875 0.7875 0.540625 0.7333333328125 0.5109375 0.7 0.5375 0.68125 0.540625 0.70625 0.5609375 0.75 0.5703125 0.7645833328125 0.5796875
1 0.61875 0.565625 0.5979166671875 0.5671875 0.5791666671875 0.5796875 0.5625 0.603125 0.53125 0.63125 0.51875 0.6609375 0.5208333328125 0.671875 0.56875 0.7046875 0.5645833328125 0.6953125 0.5708333328124999 0.690625 0.5875 0.690625 0.6 0.684375 0.6083333328125 0.671875 0.625 0.66875 0.61875 0.6609375 0.6395833328125 0.6546875 0.6416666671875 0.646875 0.6583333328125 0.6375 0.67237654375 0.6119212968750001 0.6708333328125 0.6125 0.6583333328125 0.5984375 0.6604166671875 0.5875 0.6479166671875001 0.590625 0.6270833328125 0.5734375 0.6333333328124999 0.5609375 0.6520833328125 0.578125 0.6395833328125 0.5546875 0.6208333328125 0.559375 0.61875 0.565625
1 0.4458333328125 0.54375 0.5083333328124999 0.55 0.5416666671875 0.546875 0.5583333328125 0.5328125 0.5708333328124999 0.5 0.5708333328124999 0.4890625 0.5625 0.475 0.45416666718750004 0.4609375 0.43333333281249997 0.4703125 0.43125 0.496875 0.4166666671875 0.50625 0.4166666671875 0.5203125 0.425 0.5328125 0.4458333328125 0.54375
1 0.3 0.3578125 0.3270833328125 0.353125 0.2979166671875 0.340625 0.2916666671875 0.3171875 0.3104166671875 0.30625 0.3395833328125 0.3109375 0.3416666671875 0.309375 0.3229166671875 0.2828125 0.2854166671875 0.265625 0.25625 0.271875 0.2375 0.2921875 0.2416666671875 0.3171875 0.2520833328125 0.334375 0.2708333328125 0.3484375 0.3 0.3578125
1 0.3541666671875 0.325 0.3458333328125 0.3140625 0.3458333328125 0.3453125 0.35208333281250004 0.3453125 0.3541666671875 0.3546875 0.3583333328125 0.3515625 0.3583333328125 0.3484375 0.3541666671875 0.325
1 0.1041666671875 0.415625 0.1604166671875 0.428125 0.20625 0.4171875 0.23541666718749998 0.390625 0.23541666718749998 0.38125 0.20833333281250002 0.353125 0.08125 0.296875 0.07291666718749999 0.296875 0.025 0.3296875 0.0020833328125000002 0.3609375 0.010416667187500001 0.3765625 0.0270833328125 0.3859375 0.1041666671875 0.415625
1 0.0354166671875 0.634375 0.0208333328125 0.6546875 0.05208333281250001 0.6859375 0.08125 0.690625 0.17916666718750002 0.64375 0.21875 0.640625 0.22291666718749997 0.6453125 0.24375 0.6390625 0.2833333328125 0.6171875 0.2979166671875 0.603125 0.2979166671875 0.5921875 0.2791666671875 0.559375 0.2479166671875 0.534375 0.20833333281250002 0.5140625 0.1854166671875 0.5140625 0.1520833328125 0.5296875 0.1145833328125 0.559375 0.11041666718750001 0.5875 0.0354166671875 0.634375
1 0.0979166671875 0.59375 0.11041666718750001 0.584375 0.1145833328125 0.553125 0.1166666671875 0.5515625 0.1020833328125 0.5265625 0.054166667187499996 0.5015625 0.0020833328125000002 0.51875 0.0020833328125000002 0.621875 0.0770833328125 0.596875 0.0791666671875 0.5890625 0.0895833328125 0.5953125 0.0979166671875 0.59375
1 0.0645833328125 0.4859375 0.05208333281250001 0.49375 0.08333333281250001 0.5140625 0.1125 0.521875 0.1625 0.5234375 0.19583333281249998 0.509375 0.1979166671875 0.509375 0.1895833328125 0.475 0.1770833328125 0.4671875 0.1583333328125 0.4703125 0.10833333281249999 0.4375 0.0895833328125 0.44375 0.0875 0.4609375 0.0666666671875 0.4734375 0.0645833328125 0.4859375
1 0.1375 0.7421875 0.14375 0.7546875 0.20625 0.7828125 0.2270833328125 0.7859375 0.25833333281250004 0.7640625 0.28958333281250004 0.7234375 0.28958333281250004 0.7171875 0.2604166671875 0.7 0.25625 0.6890625 0.24375 0.6828125 0.1895833328125 0.6921875 0.1708333328125 0.678125 0.13125 0.7140625 0.12291666718750001 0.7359375 0.1375 0.7421875
1 0.20625 0.7875 0.19375 0.78125 0.175 0.7828125 0.1125 0.8015625 0.07083333281250001 0.8234375 0.07291666718749999 0.8328125 0.1541666671875 0.8703125 0.16458333281249998 0.8796875 0.20625 0.884375 0.275 0.8859375 0.31875 0.878125 0.34375 0.871875 0.35625 0.8546875 0.35625 0.8484375 0.3458333328125 0.8078125 0.35 0.7875 0.33125 0.7859375 0.3145833328125 0.7734375 0.2979166671875 0.7703125 0.25833333281250004 0.7703125 0.22916666718749998 0.7875 0.20625 0.7875
1 0.3895833328125 0.778125 0.40625 0.7921875 0.40208333281249997 0.7984375 0.3770833328125 0.8078125 0.3770833328125 0.825 0.3916666671875 0.834375 0.4479166671875 0.85 0.49791666718750005 0.85 0.5208333328125 0.84375 0.5333333328125 0.8296875 0.5333333328125 0.81875 0.5229166671875001 0.8046875 0.4625 0.7921875 0.41875 0.75 0.3708333328125 0.71875 0.3541666671875 0.71875 0.3333333328125 0.7359375 0.325 0.7609375 0.3895833328125 0.778125
1 0.3645833328125 0.7 0.40833333281249995 0.740625 0.4458333328125 0.74375 0.43958333281249995 0.740625 0.43958333281249995 0.7359375 0.45208333281249996 0.73125 0.4458333328125 0.7234375 0.4583333328125 0.7171875 0.46666666718750005 0.71875 0.46875 0.70625 0.47083333281249995 0.7046875 0.46458333281249997 0.6921875 0.42083333281249996 0.6671875 0.3645833328125 0.625 0.3375 0.625 0.3166666671875 0.640625 0.3104166671875 0.65625 0.3145833328125 0.6640625 0.3645833328125 0.7
1 0.4875 0.734375 0.46875 0.715625 0.45625 0.715625 0.43958333281249995 0.728125 0.43333333281249997 0.74375 0.4583333328125 0.7546875 0.47083333281249995 0.7546875 0.4875 0.740625 0.4875 0.734375
1 0.46875 0.68125 0.48541666718750004 0.68125 0.50625 0.6734375 0.5145833328125 0.6671875 0.5229166671875001 0.6453125 0.5229166671875001 0.640625 0.5125 0.6203125 0.475 0.60625 0.43958333281249995 0.6046875 0.42291666718750004 0.6140625 0.4145833328125 0.6265625 0.4145833328125 0.6390625 0.4270833328125 0.6546875 0.46875 0.68125
1 0.5666666671875 0.709375 0.56875 0.7078125 0.5541666671875001 0.6921875 0.51875 0.671875 0.46875 0.6875 0.4791666671875 0.7078125 0.5270833328125 0.740625 0.5479166671875 0.7375 0.5625 0.7265625 0.5666666671875 0.709375
1 0.43541666718750005 0.746875 0.4479166671875 0.7578125 0.48125 0.7640625 0.49791666718750005 0.7640625 0.5083333328124999 0.75 0.5083333328124999 0.746875 0.5 0.7265625 0.4895833328125 0.7234375 0.4791666671875 0.7109375 0.475 0.7203125 0.4875 0.734375 0.48333333281249996 0.746875 0.47291666718750003 0.7546875 0.43541666718750005 0.746875
1 0.5875 0.6890625 0.6208333328125 0.653125 0.65625 0.6375 0.6666666671875 0.6125 0.6666666671875 0.609375 0.6375 0.5796875 0.6166666671875001 0.5671875 0.6 0.5671875 0.5270833328125 0.6390625 0.5229166671875001 0.6703125 0.5541666671875001 0.690625 0.5604166671875 0.6859375 0.5875 0.6890625