1 0.675 0.46666666718750005 0.7078125 0.4895833328125 0.7203125 0.4895833328125 0.74375 0.4583333328125 0.7609375 0.45 0.7703125 0.41875 0.771875 0.3895833328125 0.7390625 0.3416666671875 0.7171875 0.3229166671875 0.7078125 0.3229166671875 0.65625 0.36875 0.6484375 0.3916666671875 0.65625 0.425 0.675 0.46666666718750005
1 0.6296875 0.39375 0.646875 0.41041666718750003 0.6515625 0.41041666718750003 0.646875 0.3895833328125 0.65 0.3770833328125 0.6890625 0.3333333328125 0.678125 0.3166666671875 0.653125 0.3020833328125 0.646875 0.3020833328125 0.628125 0.31875 0.6328125 0.35 0.625 0.3583333328125 0.6296875 0.39375
1 0.584375 0.46458333281249997 0.603125 0.4625 0.621875 0.43125 0.6171875 0.3916666671875 0.603125 0.38333333281250004 0.5921875 0.39375 0.5796875 0.3770833328125 0.5609375 0.3708333328125 0.559375 0.3708333328125 0.55 0.3854166671875 0.559375 0.4125 0.559375 0.43333333281249997 0.584375 0.46458333281249997
1 0.4609375 0.5020833328125 0.4625 0.525 0.4703125 0.5375 0.4671875 0.5604166671875 0.4765625 0.58125 0.49375 0.5854166671875001 0.5359375 0.5666666671875 0.596875 0.5520833328125 0.5953125 0.5354166671875 0.5578125 0.475 0.5046875 0.41041666718750003 0.4796875 0.3958333328125 0.4671875 0.3958333328125 0.4421875 0.41041666718750003 0.434375 0.4291666671875 0.43125 0.4583333328125 0.4609375 0.5020833328125
1 0.4828125 0.6541666671875 0.4765625 0.6395833328125 0.4796875 0.6125 0.4734375 0.60625 0.46875 0.575 0.41875 0.5291666671875 0.4109375 0.5291666671875 0.4078125 0.525 0.4234375 0.55625 0.440625 0.6166666671875001 0.4671875 0.6583333328125 0.4828125 0.6541666671875
1 0.509375 0.6875 0.5 0.6875 0.5015625 0.7083333328125 0.5125 0.7104166671875001 0.5203125 0.7041666671875 0.509375 0.6875
1 0.39375 0.7666666671875 0.4203125 0.775 0.4453125 0.7916666671875 0.4890625 0.8395833328125001 0.5140625 0.8083333328125001 0.515625 0.79375 0.4828125 0.7125 0.490625 0.6916666671875 0.490625 0.675 0.48125 0.6583333328125 0.475 0.6583333328125 0.453125 0.6833333328125 0.4296875 0.69375 0.4046875 0.73125 0.39375 0.7666666671875
1 0.6375 0.6770833328125 0.6453125 0.66875 0.6453125 0.65 0.6328125 0.6 0.615625 0.5645833328125 0.6015625 0.5541666671875001 0.59375 0.5541666671875001 0.51875 0.5791666671875 0.534375 0.5895833328125 0.60625 0.6895833328125 0.6375 0.6770833328125
1 0.159375 0.9979166671874999 0.2859375 0.9979166671874999 0.2625 0.95 0.2671875 0.9395833328125001 0.25625 0.89375 0.246875 0.7916666671875 0.2359375 0.7729166671875001 0.228125 0.7729166671875001 0.2109375 0.7791666671875 0.2 0.8041666671875 0.16875 0.9166666671874999 0.159375 0.9979166671874999
1 0.259375 0.6145833328125 0.303125 0.7229166671875 0.328125 0.7354166671875 0.3171875 0.75625 0.2875 0.78125 0.2796875 0.8041666671875 0.2703125 0.8104166671874999 0.2671875 0.8333333328125001 0.2765625 0.85 0.2859375 0.85 0.2984375 0.8375 0.3265625 0.8458333328125001 0.3453125 0.8041666671875 0.378125 0.7708333328125 0.4015625 0.7645833328125 0.4046875 0.7354166671875 0.41875 0.7291666671875 0.4234375 0.7166666671875 0.434375 0.7145833328125 0.4359375 0.6958333328124999 0.4421875 0.6916666671875 0.4421875 0.68125 0.428125 0.65625 0.4078125 0.6520833328125 0.3953125 0.6354166671875 0.3671875 0.6416666671875 0.3484375 0.6604166671875 0.3390625 0.6583333328125 0.3109375 0.6041666671875 0.309375 0.5833333328125 0.290625 0.5520833328125 0.284375 0.5520833328125 0.2703125 0.575 0.2765625 0.5833333328125 0.2609375 0.6041666671875 0.259375 0.6145833328125
1 0.315625 0.94375 0.2890625 0.9979166671874999 0.471875 0.9979166671874999 0.48125 0.9833333328125 0.50625 0.9208333328125 0.5078125 0.89375 0.5 0.8708333328125001 0.4921875 0.85 0.45625 0.8041666671875 0.434375 0.7854166671875 0.4046875 0.7729166671875001 0.39375 0.7729166671875001 0.3703125 0.78125 0.334375 0.8333333328125001 0.328125 0.85 0.315625 0.94375
1 0.496875 0.3958333328125 0.55625 0.47291666718750003 0.565625 0.46875 0.571875 0.45416666718750004 0.55625 0.43125 0.55 0.3791666671875 0.55625 0.3708333328125 0.5703125 0.36875 0.590625 0.3916666671875 0.603125 0.38333333281250004 0.6171875 0.3895833328125 0.6203125 0.3854166671875 0.6203125 0.375 0.6 0.3395833328125 0.584375 0.325 0.5765625 0.325 0.559375 0.3291666671875 0.5453125 0.3583333328125 0.5140625 0.3604166671875 0.496875 0.3958333328125
1 0.4109375 0.5229166671875001 0.421875 0.5291666671875 0.440625 0.55 0.459375 0.5541666671875001 0.465625 0.55 0.4671875 0.5333333328125 0.4546875 0.49375 0.4375 0.47291666718750003 0.4328125 0.45416666718750004 0.43125 0.45208333281249996 0.4109375 0.48541666718750004 0.403125 0.5229166671875001 0.4078125 0.5291666671875 0.4109375 0.5229166671875001
1 0.453125 0.4770833328125 0.46875 0.48541666718750004 0.4921875 0.45208333281249996 0.503125 0.4458333328125 0.503125 0.4375 0.4875 0.42291666718750004 0.471875 0.41875 0.4703125 0.41875 0.45625 0.42291666718750004 0.453125 0.43541666718750005 0.4453125 0.44166666718750003 0.453125 0.4770833328125
1 0.9171875 0.5979166671875 0.95 0.6708333328125 0.9984375 0.6583333328125 0.9984375 0.425 0.9796875 0.42291666718750004 0.978125 0.42083333281249996 0.9375 0.44166666718750003 0.9234375 0.4625 0.9 0.4770833328125 0.9171875 0.5979166671875
1 0.678125 0.65 0.684375 0.65 0.696875 0.6333333328124999 0.7296875 0.6125 0.746875 0.59375 0.759375 0.5916666671875 0.8203125 0.7 0.8421875 0.725 0.8703125 0.6729166671875 0.88125 0.6166666671875001 0.88125 0.575 0.875 0.5520833328125 0.8609375 0.5333333328125 0.84375 0.5208333328125 0.8109375 0.51875 0.809375 0.5166666671875 0.7625 0.5333333328125 0.709375 0.5770833328125 0.6875 0.6145833328125 0.678125 0.65
1 0.5015625 0.6770833328125 0.5046875 0.6708333328125 0.509375 0.6833333328125 0.5203125 0.6895833328125 0.5625 0.75 0.5046875 0.8208333328125 0.490625 0.8458333328125001 0.509375 0.8916666671875 0.5328125 0.8916666671875 0.55625 0.9208333328125 0.571875 0.9270833328125001 0.6578125 0.81875 0.6625 0.8 0.6515625 0.7729166671875001 0.64375 0.73125 0.628125 0.7 0.61875 0.6875 0.6015625 0.6895833328125 0.540625 0.5979166671875 0.525 0.5833333328125 0.515625 0.5833333328125 0.4859375 0.6166666671875001 0.48125 0.63125 0.484375 0.65 0.5015625 0.6770833328125
1 0.6375 0.17916666718750002 0.6375 0.1854166671875 0.65 0.19583333281249998 0.65625 0.30416666718749996 0.66875 0.30625 0.69375 0.3291666671875 0.7109375 0.31875 0.7421875 0.3270833328125 0.809375 0.3020833328125 0.8640625 0.2666666671875 0.8609375 0.25 0.83125 0.2166666671875 0.7890625 0.17916666718750002 0.778125 0.1625 0.7625 0.16458333281249998 0.75625 0.1541666671875 0.75 0.1541666671875 0.74375 0.1604166671875 0.69375 0.1625 0.659375 0.1854166671875 0.6375 0.17916666718750002
1 0.9671875 0.9979166671874999 0.928125 0.9 0.9 0.8604166671875 0.9 0.8479166671874999 0.8875 0.8333333328125001 0.834375 0.7229166671875 0.759375 0.59375 0.7484375 0.59375 0.6546875 0.6729166671875 0.6546875 0.69375 0.7078125 0.9979166671874999 0.9671875 0.9979166671874999