1 0.0859375 0.43958333281249995 0.115625 0.4479166671875 0.1203125 0.4479166671875 0.175 0.43541666718750005 0.203125 0.41875 0.2328125 0.3875 0.2375 0.36875 0.234375 0.3458333328125 0.2171875 0.325 0.20625 0.2854166671875 0.1984375 0.21458333281250003 0.184375 0.1875 0.1703125 0.18125 0.125 0.1770833328125 0.090625 0.1833333328125 0.0609375 0.20208333281250002 0.04375 0.225 0.04375 0.27291666718749996 0.0484375 0.2770833328125 0.0640625 0.3625 0.06875 0.42083333281249996 0.0859375 0.43958333281249995
1 0.3671875 0.1625 0.3890625 0.1666666671875 0.39375 0.1666666671875 0.44375 0.15 0.4921875 0.1020833328125 0.5078125 0.06875 0.5125 0.04375 0.503125 0.0020833328125000002 0.29375 0.0020833328125000002 0.2984375 0.0458333328125 0.3453125 0.14791666718750002 0.3671875 0.1625
1 0.096875 0.44375 0.1276046875 0.4458333328125 0.1375 0.4458333328125 0.184375 0.43125 0.2109375 0.4125 0.23125 0.3895833328125 0.2390625 0.3625 0.234375 0.3458333328125 0.215625 0.32083333281250004 0.203125 0.27291666718749996 0.2 0.21875 0.1890625 0.19375 0.171875 0.18125 0.125 0.1770833328125 0.090625 0.1833333328125 0.0609375 0.20208333281250002 0.04375 0.2270833328125 0.0421875 0.24583333281250003 0.0671875 0.3791666671875 0.0703125 0.425 0.096875 0.44375
1 0 0.1666666671875 0.0203125 0.1708333328125 0.021875 0.1708333328125 0.059375 0.1604166671875 0.084375 0.13333333281249998 0.0875 0.1041666671875 0.06875 0.0020833328125000002 0 0.0020833328125000002 0 0.1666666671875
1 0.6484375 0.1583333328125 0.6682296875 0.1583333328125 0.678125 0.1583333328125 0.7171875 0.1375 0.7671875 0.08125 0.7796875 0.0479166671875 0.7796875 0.0229166671875 0.771875 0.0020833328125000002 0.6078125 0.00625 0.6125 0.0416666671875 0.60625 0.05625 0.5796875 0.08125 0.5765625 0.10625 0.58125 0.12291666718750001 0.5875 0.13333333281249998 0.621875 0.13333333281249998 0.6484375 0.1583333328125
1 0.578125 0.1666666671875 0.5890625 0.1666666671875 0.6 0.1666666671875 0.625 0.15625 0.6296875 0.14375 0.5828125 0.1375 0.578125 0.12291666718750001 0.5765625 0.1291666671875 0.56875 0.125 0.56875 0.10833333281249999 0.5765625 0.08541666718749999 0.6109375 0.04375 0.609375 0.01875 0.603125 0.014583332812499999 0.5875 0.01875 0.571875 0.0354166671875 0.5515625 0.0666666671875 0.546875 0.0875 0.55 0.1125 0.5671875 0.15625 0.578125 0.1666666671875
1 0.9109375 0.2416666671875 0.921875 0.2479166671875 0.928125 0.2479166671875 0.9484375 0.23541666718749998 0.96875 0.23541666718749998 0.9859375 0.225 0.9984375 0.23958333281250002 0.9984375 0.0166666671875 0.9296875 0.0666666671875 0.9125 0.07083333281250001 0.9 0.058333332812500006 0.8859375 0.0791666671875 0.8828125 0.1 0.896875 0.1270833328125 0.89375 0.14791666718750002 0.9046875 0.1583333328125 0.9015625 0.225 0.9109375 0.2416666671875
1 0.9 0.054166667187499996 0.915625 0.06875 0.91875 0.06875 0.98125 0.0270833328125 0.9984375 0.0125 0.9984375 0.0020833328125000002 0.8734375 0.0020833328125000002 0.875 0.014583332812499999 0.8875 0.0229166671875 0.9 0.054166667187499996
1 0.790625 0.19583333281249998 0.803125 0.2104166671875 0.809375 0.2104166671875 0.853125 0.17916666718750002 0.884375 0.1354166671875 0.8875 0.12291666718750001 0.8828125 0.1125 0.8640625 0.1041666671875 0.8375 0.07291666718749999 0.8203125 0.07291666718749999 0.796875 0.0895833328125 0.7671875 0.1354166671875 0.7703125 0.1541666671875 0.790625 0.19583333281249998
1 0.8328125 0.5104166671875 0.8453125 0.51875 0.8578125 0.51875 0.8765625 0.49583333281249997 0.875 0.47291666718750003 0.865625 0.45208333281249996 0.8640625 0.41041666718750003 0.8453125 0.3791666671875 0.821875 0.3604166671875 0.8078125 0.325 0.825 0.3125 0.825 0.2958333328125 0.79375 0.26875 0.75 0.2979166671875 0.725 0.325 0.728125 0.3416666671875 0.7453125 0.3541666671875 0.7609375 0.38333333281250004 0.7484375 0.42291666718750004 0.746875 0.45416666718750004 0.7546875 0.48125 0.778125 0.5083333328124999 0.796875 0.5166666671875 0.8328125 0.5104166671875
1 0.6890625 0.4458333328125 0.6890625 0.45625 0.6921875 0.45625 0.7078125 0.43958333281249995 0.715625 0.40416666718750005 0.709375 0.35208333281250004 0.7109375 0.3145833328125 0.709375 0.3 0.7 0.2854166671875 0.6796875 0.28125 0.6671875 0.2854166671875 0.665625 0.2916666671875 0.6875 0.35208333281250004 0.671875 0.38125 0.6875 0.40833333281249995 0.6875 0.43333333281249997 0.6921875 0.4145833328125 0.7 0.425 0.7015625 0.43958333281249995 0.69375 0.45208333281249996 0.6890625 0.4458333328125
1 0.603125 0.3479166671875 0.621875 0.39375 0.6234375 0.39375 0.646875 0.3916666671875 0.66875 0.3791666671875 0.68125 0.36666666718749996 0.684375 0.3458333328125 0.640625 0.23125 0.6296875 0.2125 0.61875 0.2104166671875 0.596875 0.225 0.584375 0.2416666671875 0.5796875 0.2645833328125 0.603125 0.3479166671875
1 0.4453125 0.6854166671875 0.4625 0.6979166671875 0.4640625 0.6979166671875 0.475 0.6958333328124999 0.565625 0.625 0.6 0.58125 0.5984375 0.575 0.6421875 0.5291666671875 0.6546875 0.5020833328125 0.653125 0.475 0.6265625 0.4458333328125 0.6078125 0.45208333281249996 0.5984375 0.46875 0.584375 0.4770833328125 0.5671875 0.475 0.534375 0.3604166671875 0.5328125 0.33125 0.5265625 0.325 0.496875 0.3270833328125 0.428125 0.3895833328125 0.4375 0.41041666718750003 0.446875 0.4145833328125 0.4625 0.4166666671875 0.4703125 0.40833333281249995 0.4859375 0.40833333281249995 0.4984375 0.43125 0.5078125 0.47083333281249995 0.5078125 0.5395833328124999 0.5 0.5541666671875001 0.4984375 0.5729166671875 0.446875 0.6666666671875 0.4453125 0.6854166671875
1 0.434375 0.7041666671875 0.44375 0.7208333328125 0.45625 0.7208333328125 0.478125 0.70625 0.478125 0.6916666671875 0.459375 0.6958333328124999 0.4453125 0.6854166671875 0.446875 0.6666666671875 0.4609375 0.6395833328125 0.446875 0.5979166671875 0.4125 0.6208333328125 0.434375 0.7041666671875
1 0.4765625 0.55 0.4875 0.5625 0.496875 0.5625 0.50625 0.5375 0.5015625 0.5083333328124999 0.50625 0.47083333281249995 0.496875 0.43333333281249997 0.4921875 0.42291666718750004 0.484375 0.42083333281249996 0.4390625 0.45 0.4234375 0.46875 0.4234375 0.48125 0.4421875 0.5395833328124999 0.4515625 0.5479166671875 0.4765625 0.55
1 0.334375 0.6354166671875 0.3421875 0.6479166671875001 0.35 0.6479166671875001 0.4484375 0.5958333328125 0.453125 0.58125 0.440625 0.55 0.4296875 0.5354166671875 0.415625 0.5291666671875 0.43125 0.5541666671875001 0.428125 0.56875 0.4 0.6 0.334375 0.6354166671875
1 0.2875 0.6395833328125 0.2984375 0.6416666671875 0.303125 0.6416666671875 0.334375 0.6354166671875 0.3984375 0.6 0.425 0.5729166671875 0.4296875 0.5625 0.428125 0.5458333328125 0.409375 0.5208333328125 0.3796875 0.5 0.35 0.49791666718750005 0.3171875 0.5125 0.290625 0.5416666671875 0.28125 0.5666666671875 0.2765625 0.6270833328125 0.2875 0.6395833328125
1 0.175 0.6604166671875 0.1859375 0.6625 0.19375 0.6625 0.2046875 0.65 0.209375 0.60625 0.2171875 0.5916666671875 0.215625 0.5729166671875 0.1546875 0.58125 0.15 0.5875 0.146875 0.6145833328125 0.1625 0.625 0.175 0.6604166671875
1 0 0.65 0.0328125 0.6666666671875 0.0546875 0.6895833328125 0.0625 0.6895833328125 0.0703125 0.6791666671875001 0.075 0.6458333328125 0.0859375 0.6166666671875001 0.0890625 0.5833333328125 0.115625 0.5875 0.1359375 0.6125 0.1609375 0.6229166671875 0.1703125 0.6541666671875 0.178125 0.6625 0.190625 0.6625 0.2046875 0.6479166671875001 0.2078125 0.6125 0.2171875 0.5875 0.215625 0.575 0.16875 0.58125 0.1546875 0.59375 0.146875 0.5875 0.1328125 0.5625 0.1359375 0.5 0.128125 0.4625 0.1046875 0.46458333281249997 0.096875 0.4770833328125 0.1 0.4916666671875 0.0875 0.49791666718750005 0.0703125 0.49375 0.04375 0.46666666718750005 0.0234375 0.46666666718750005 0.0078125 0.4791666671875 0.00625 0.49375 0 0.5 0 0.5354166671875 0.0078125 0.5416666671875 0 0.5541666671875001 0 0.65
1 0.6375 0.5395833328124999 0.5796875 0.6083333328125 0.5921875 0.6083333328125 0.628125 0.5875 0.65625 0.55625 0.65625 0.5458333328125 0.6703125 0.5229166671875001 0.66875 0.475 0.6578125 0.48125 0.65625 0.5020833328125 0.6375 0.5395833328124999
1 0.6140625 0.5666666671875 0.5859375 0.6083333328125 0.590625 0.6083333328125 0.6296875 0.5854166671875001 0.65 0.5604166671875 0.6625 0.5604166671875 0.665625 0.5458333328125 0.6734375 0.5395833328124999 0.6703125 0.5020833328125 0.675 0.4916666671875 0.6703125 0.47083333281249995 0.625 0.40833333281249995 0.615625 0.40416666718750005 0.596875 0.4166666671875 0.5984375 0.4458333328125 0.60625 0.45208333281249996 0.6109375 0.43958333281249995 0.6296875 0.43958333281249995 0.653125 0.47291666718750003 0.65625 0.5041666671875 0.6484375 0.5354166671875 0.6140625 0.5666666671875
1 0.6296875 0.4125 0.6703125 0.47083333281249995 0.675 0.47083333281249995 0.6890625 0.45625 0.68125 0.40833333281249995 0.671875 0.3854166671875 0.66875 0.38125 0.6265625 0.4 0.6296875 0.4125
1 0.671875 0.475 0.684375 0.5 0.69375 0.5 0.696875 0.4895833328125 0.6921875 0.47291666718750003 0.6875 0.46458333281249997 0.6796875 0.46458333281249997 0.671875 0.475