1 0.5734375 0.2416666671875 0.55625 0.2375 0.54375 0.2416666671875 0.5265625 0.25833333281250004 0.5203125 0.2791666671875 0.528125 0.34375 0.5515625 0.4270833328125 0.55625 0.43333333281249997 0.5671875 0.43333333281249997 0.571875 0.42291666718750004 0.5765625 0.43541666718750005 0.5875 0.4291666671875 0.609375 0.4458333328125 0.6296875 0.43333333281249997 0.6375 0.4604166671875 0.6421875 0.5166666671875 0.65625 0.5291666671875 0.7140625 0.5208333328125 0.7875 0.4479166671875 0.7859375 0.4291666671875 0.7796875 0.425 0.7546875 0.4270833328125 0.746875 0.43541666718750005 0.734375 0.4291666671875 0.7078125 0.43333333281249997 0.7 0.41875 0.684375 0.3625 0.6703125 0.3395833328125 0.66875 0.3125 0.703125 0.2520833328125 0.70625 0.23333333281250002 0.696875 0.20625 0.675 0.1895833328125 0.66875 0.1895833328125 0.6578125 0.19375 0.60625 0.25 0.5796875 0.2520833328125 0.5734375 0.2416666671875
1 0.3140625 0.8770833328125001 0.3078125 0.9083333328125001 0.315625 0.9166666671874999 0.3515625 0.8916666671875 0.43125 0.8645833328125001 0.44375 0.8458333328125001 0.4546875 0.7916666671875 0.453125 0.7604166671875 0.446875 0.7520833328125 0.41875 0.7541666671875 0.396875 0.7270833328124999 0.40625 0.6729166671875 0.415625 0.6541666671875 0.4109375 0.6395833328125 0.4015625 0.6395833328125 0.3203125 0.7354166671875 0.290625 0.8020833328125001 0.284375 0.8375 0.3140625 0.8770833328125001
1 0.371875 0.36875 0.3890625 0.40208333281249997 0.4234375 0.43958333281249995 0.446875 0.49583333281249997 0.4453125 0.50625 0.425 0.5166666671875 0.409375 0.5416666671875 0.396875 0.5708333328124999 0.396875 0.5875 0.4171875 0.625 0.4203125 0.6520833328125 0.415625 0.65625 0.4140625 0.6833333328125 0.4375 0.7041666671875 0.45 0.7041666671875 0.4734375 0.69375 0.4875 0.6791666671875001 0.5265625 0.6229166671875 0.5296875 0.6020833328124999 0.5671875 0.6166666671875001 0.5828125 0.6166666671875001 0.6 0.60625 0.6078125 0.5895833328125 0.609375 0.5645833328125 0.5953125 0.51875 0.596875 0.4770833328125 0.5890625 0.4604166671875 0.559375 0.4458333328125 0.525 0.4770833328125 0.4453125 0.34375 0.4359375 0.3375 0.434375 0.33541666718749996 0.4015625 0.35 0.3765625 0.3479166671875 0.371875 0.3541666671875 0.371875 0.36875
1 0.2328125 0.7333333328125 0.2921875 0.6979166671875 0.3 0.6791666671875001 0.2890625 0.6645833328124999 0.2859375 0.6645833328124999 0.221875 0.7 0.19375 0.7 0.2234375 0.7479166671875 0.2328125 0.7333333328125
1 0.109375 0.7208333328125 0.121875 0.74375 0.134375 0.8145833328125001 0.153125 0.8708333328125001 0.1625 0.8854166671874999 0.1703125 0.89375 0.1859375 0.8916666671875 0.20625 0.875 0.2359375 0.8291666671875 0.240625 0.8166666671874999 0.2390625 0.8020833328125001 0.21875 0.74375 0.2046875 0.71875 0.134375 0.6208333328125 0.125 0.625 0.1203125 0.59375 0.10625 0.59375 0.0984375 0.5958333328125 0.1125 0.6270833328125 0.115625 0.6916666671875 0.109375 0.7208333328125
1 0.040625 0.6833333328125 0.0546875 0.6833333328125 0.053125 0.6895833328125 0.04375 0.6875 0.04375 0.69375 0.0796875 0.7833333328125 0.0953125 0.80625 0.125 0.7791666671875 0.121875 0.75 0.1078125 0.7208333328125 0.1140625 0.69375 0.1125 0.6583333328125 0.0953125 0.6375 0.053125 0.6375 0.0484375 0.6291666671875 0.0484375 0.6270833328125 0.0390625 0.6375 0.025 0.6375 0.0234375 0.64375 0.040625 0.6833333328125
1 0 0.9145833328125 0.028125 0.9208333328125 0.09375 0.8604166671875 0.1015625 0.8458333328125001 0.090625 0.8083333328125001 0.0015625 0.59375 0 0.5916666671875 0 0.9145833328125
1 0.2 0.6229166671875 0.2125 0.5979166671875 0.20625 0.5791666671875 0.1953125 0.5770833328125 0.1859375 0.5541666671875001 0.16875 0.5395833328124999 0.159375 0.5395833328124999 0.15 0.5541666671875001 0.178125 0.6333333328124999 0.184375 0.6333333328124999 0.2 0.6229166671875
1 0.103125 0.5916666671875 0.1171875 0.5916666671875 0.1296875 0.6208333328125 0.1375 0.6229166671875 0.1421875 0.6354166671875 0.16875 0.6645833328124999 0.18125 0.6520833328125 0.18125 0.6416666671875 0.1453125 0.5479166671875 0.1375 0.5479166671875 0.0984375 0.5708333328124999 0.0921875 0.5833333328125 0.0984375 0.5979166671875 0.103125 0.5916666671875
1 0.253125 0.5583333328125 0.26875 0.5708333328124999 0.3203125 0.5708333328124999 0.34375 0.55625 0.3453125 0.5083333328124999 0.3296875 0.44375 0.29375 0.3333333328125 0.290625 0.3333333328125 0.228125 0.3541666671875 0.1984375 0.3708333328125 0.1953125 0.3791666671875 0.253125 0.5583333328125
1 0.3640625 0.5104166671875 0.3921875 0.4895833328125 0.384375 0.45625 0.3546875 0.4270833328125 0.3484375 0.4270833328125 0.3359375 0.4625 0.3375 0.48125 0.3515625 0.5083333328124999 0.3640625 0.5104166671875
1 0.3453125 0.54375 0.36875 0.5729166671875 0.3921875 0.5833333328125 0.403125 0.5479166671875 0.3984375 0.54375 0.40625 0.5416666671875 0.4234375 0.5145833328125 0.44375 0.49791666718750005 0.428125 0.4791666671875 0.4234375 0.4791666671875 0.3640625 0.5125 0.3546875 0.5125 0.3453125 0.525 0.3453125 0.54375
1 0.2125 0.5875 0.234375 0.5604166671875 0.2515625 0.5604166671875 0.2265625 0.4770833328125 0.2234375 0.47291666718750003 0.1984375 0.48125 0.184375 0.49583333281249997 0.1875 0.5354166671875 0.2125 0.5875
1 0.25 0.6229166671875 0.25 0.63125 0.2578125 0.63125 0.2640625 0.625 0.259375 0.6166666671875001 0.259375 0.575 0.25 0.5604166671875 0.2375 0.5604166671875 0.2234375 0.5729166671875 0.2234375 0.5833333328125 0.234375 0.60625 0.25 0.6229166671875
1 0.5171875 0.4 0.5078125 0.4 0.4859375 0.41041666718750003 0.496875 0.43541666718750005 0.528125 0.4291666671875 0.5171875 0.4