1 0.9140625 0.5604166671875 0.884375 0.5520833328125 0.8796875 0.5520833328125 0.825 0.5645833328125 0.796875 0.58125 0.7671875 0.6125 0.7625 0.63125 0.765625 0.6541666671875 0.7828125 0.675 0.79375 0.7145833328125 0.8015625 0.7854166671875 0.815625 0.8125 0.8296875 0.81875 0.875 0.8229166671874999 0.909375 0.8166666671874999 0.9390625 0.7979166671875 0.95625 0.775 0.95625 0.7270833328124999 0.9515625 0.7229166671875 0.9359375 0.6375 0.93125 0.5791666671875 0.9140625 0.5604166671875
1 0.6328125 0.8375 0.6109375 0.8333333328125001 0.60625 0.8333333328125001 0.55625 0.85 0.5078125 0.8979166671875 0.4921875 0.93125 0.4875 0.95625 0.496875 0.9979166671874999 0.70625 0.9979166671874999 0.7015625 0.9541666671875 0.6546875 0.8520833328125 0.6328125 0.8375
1 0.903125 0.55625 0.8723953124999999 0.5541666671875001 0.8625 0.5541666671875001 0.815625 0.56875 0.7890625 0.5875 0.76875 0.6104166671875 0.7609375 0.6375 0.765625 0.6541666671875 0.784375 0.6791666671875001 0.796875 0.7270833328124999 0.8 0.78125 0.8109375 0.80625 0.828125 0.81875 0.875 0.8229166671874999 0.909375 0.8166666671874999 0.9390625 0.7979166671875 0.95625 0.7729166671875001 0.9578125 0.7541666671875 0.9328125 0.6208333328125 0.9296875 0.575 0.903125 0.55625
1 1 0.8333333328125001 0.9796875 0.8291666671875 0.978125 0.8291666671875 0.940625 0.8395833328125001 0.915625 0.8666666671875 0.9125 0.8958333328125001 0.93125 0.9979166671874999 1 0.9979166671874999 1 0.8333333328125001
1 0.3515625 0.8416666671874999 0.3317703125 0.8416666671874999 0.321875 0.8416666671874999 0.2828125 0.8625 0.2328125 0.91875 0.2203125 0.9520833328125 0.2203125 0.9770833328125 0.228125 0.9979166671874999 0.3921875 0.99375 0.3875 0.9583333328125001 0.39375 0.94375 0.4203125 0.91875 0.4234375 0.89375 0.41875 0.8770833328125001 0.4125 0.8666666671875 0.378125 0.8666666671875 0.3515625 0.8416666671874999
1 0.421875 0.8333333328125001 0.4109375 0.8333333328125001 0.4 0.8333333328125001 0.375 0.84375 0.3703125 0.85625 0.4171875 0.8625 0.421875 0.8770833328125001 0.4234375 0.8708333328125001 0.43125 0.875 0.43125 0.8916666671875 0.4234375 0.9145833328125 0.3890625 0.95625 0.390625 0.98125 0.396875 0.9854166671875 0.4125 0.98125 0.428125 0.9645833328125001 0.4484375 0.9333333328125001 0.453125 0.9125 0.45 0.8875 0.4328125 0.84375 0.421875 0.8333333328125001
1 0.0890625 0.7583333328124999 0.078125 0.7520833328125 0.071875 0.7520833328125 0.0515625 0.7645833328125 0.03125 0.7645833328125 0.0140625 0.775 0.0015625 0.7604166671875 0.0015625 0.9833333328125 0.0703125 0.9333333328125001 0.0875 0.9291666671875 0.1 0.9416666671874999 0.1140625 0.9208333328125 0.1171875 0.9 0.103125 0.8729166671874999 0.10625 0.8520833328125 0.0953125 0.8416666671874999 0.0984375 0.775 0.0890625 0.7583333328124999
1 0.1 0.9458333328125 0.084375 0.93125 0.08125 0.93125 0.01875 0.9729166671874999 0.0015625 0.9875 0.0015625 0.9979166671874999 0.1265625 0.9979166671874999 0.125 0.9854166671875 0.1125 0.9770833328125 0.1 0.9458333328125
1 0.209375 0.8041666671875 0.196875 0.7895833328124999 0.190625 0.7895833328124999 0.146875 0.8208333328125 0.115625 0.8645833328125001 0.1125 0.8770833328125001 0.1171875 0.8875 0.1359375 0.8958333328125001 0.1625 0.9270833328125001 0.1796875 0.9270833328125001 0.203125 0.9104166671874999 0.2328125 0.8645833328125001 0.2296875 0.8458333328125001 0.209375 0.8041666671875
1 0.1671875 0.4895833328125 0.1546875 0.48125 0.1421875 0.48125 0.1234375 0.5041666671875 0.125 0.5270833328125 0.134375 0.5479166671875 0.1359375 0.5895833328125 0.1546875 0.6208333328125 0.178125 0.6395833328125 0.1921875 0.675 0.175 0.6875 0.175 0.7041666671875 0.20625 0.73125 0.25 0.7020833328125 0.275 0.675 0.271875 0.6583333328125 0.2546875 0.6458333328125 0.2390625 0.6166666671875001 0.2515625 0.5770833328125 0.253125 0.5458333328125 0.2453125 0.51875 0.221875 0.4916666671875 0.203125 0.48333333281249996 0.1671875 0.4895833328125
1 0.3109375 0.5541666671875001 0.3109375 0.54375 0.3078125 0.54375 0.2921875 0.5604166671875 0.284375 0.5958333328125 0.290625 0.6479166671875001 0.2890625 0.6854166671875 0.290625 0.7 0.3 0.7145833328125 0.3203125 0.71875 0.3328125 0.7145833328125 0.334375 0.7083333328125 0.3125 0.6479166671875001 0.328125 0.61875 0.3125 0.5916666671875 0.3125 0.5666666671875 0.3078125 0.5854166671875001 0.3 0.575 0.2984375 0.5604166671875 0.30625 0.5479166671875 0.3109375 0.5541666671875001
1 0.396875 0.6520833328125 0.378125 0.60625 0.3765625 0.60625 0.353125 0.6083333328125 0.33125 0.6208333328125 0.31875 0.6333333328124999 0.315625 0.6541666671875 0.359375 0.76875 0.3703125 0.7875 0.38125 0.7895833328124999 0.403125 0.775 0.415625 0.7583333328124999 0.4203125 0.7354166671875 0.396875 0.6520833328125
1 0.5546875 0.3145833328125 0.5375 0.3020833328125 0.5359375 0.3020833328125 0.525 0.30416666718749996 0.434375 0.375 0.4 0.41875 0.4015625 0.425 0.3578125 0.47083333281249995 0.3453125 0.49791666718750005 0.346875 0.525 0.3734375 0.5541666671875001 0.3921875 0.5479166671875 0.4015625 0.53125 0.415625 0.5229166671875001 0.4328125 0.525 0.465625 0.6395833328125 0.4671875 0.66875 0.4734375 0.675 0.503125 0.6729166671875 0.571875 0.6104166671875 0.5625 0.5895833328125 0.553125 0.5854166671875001 0.5375 0.5833333328125 0.5296875 0.5916666671875 0.5140625 0.5916666671875 0.5015625 0.56875 0.4921875 0.5291666671875 0.4921875 0.4604166671875 0.5 0.4458333328125 0.5015625 0.4270833328125 0.553125 0.3333333328125 0.5546875 0.3145833328125
1 0.565625 0.2958333328125 0.55625 0.2791666671875 0.54375 0.2791666671875 0.521875 0.29375 0.521875 0.3083333328125 0.540625 0.30416666718749996 0.5546875 0.3145833328125 0.553125 0.3333333328125 0.5390625 0.3604166671875 0.553125 0.40208333281249997 0.5875 0.3791666671875 0.565625 0.2958333328125
1 0.5234375 0.45 0.5125 0.4375 0.503125 0.4375 0.49375 0.4625 0.4984375 0.4916666671875 0.49375 0.5291666671875 0.503125 0.5666666671875 0.5078125 0.5770833328125 0.515625 0.5791666671875 0.5609375 0.55 0.5765625 0.53125 0.5765625 0.51875 0.5578125 0.4604166671875 0.5484375 0.45208333281249996 0.5234375 0.45
1 0.665625 0.3645833328125 0.6578125 0.35208333281250004 0.65 0.35208333281250004 0.5515625 0.40416666718750005 0.546875 0.41875 0.559375 0.45 0.5703125 0.46458333281249997 0.584375 0.47083333281249995 0.56875 0.4458333328125 0.571875 0.43125 0.6 0.4 0.665625 0.3645833328125
1 0.7125 0.3604166671875 0.7015625 0.3583333328125 0.696875 0.3583333328125 0.665625 0.3645833328125 0.6015625 0.4 0.575 0.4270833328125 0.5703125 0.4375 0.571875 0.45416666718750004 0.590625 0.4791666671875 0.6203125 0.5 0.65 0.5020833328125 0.6828125 0.4875 0.709375 0.4583333328125 0.71875 0.43333333281249997 0.7234375 0.3729166671875 0.7125 0.3604166671875
1 0.825 0.3395833328125 0.8140625 0.3375 0.80625 0.3375 0.7953125 0.35 0.790625 0.39375 0.7828125 0.40833333281249995 0.784375 0.4270833328125 0.8453125 0.41875 0.85 0.4125 0.853125 0.3854166671875 0.8375 0.375 0.825 0.3395833328125
1 1 0.35 0.9671875 0.3333333328125 0.9453125 0.3104166671875 0.9375 0.3104166671875 0.9296875 0.32083333281250004 0.925 0.3541666671875 0.9140625 0.38333333281250004 0.9109375 0.4166666671875 0.884375 0.4125 0.8640625 0.3875 0.8390625 0.3770833328125 0.8296875 0.3458333328125 0.821875 0.3375 0.809375 0.3375 0.7953125 0.35208333281250004 0.7921875 0.3875 0.7828125 0.4125 0.784375 0.425 0.83125 0.41875 0.8453125 0.40625 0.853125 0.4125 0.8671875 0.4375 0.8640625 0.5 0.871875 0.5375 0.8953125 0.5354166671875 0.903125 0.5229166671875001 0.9 0.5083333328124999 0.9125 0.5020833328125 0.9296875 0.50625 0.95625 0.5333333328125 0.9765625 0.5333333328125 0.9921875 0.5208333328125 0.99375 0.50625 1 0.5 1 0.46458333281249997 0.9921875 0.4583333328125 1 0.4458333328125 1 0.35
1 0.3625 0.4604166671875 0.4203125 0.3916666671875 0.4078125 0.3916666671875 0.371875 0.4125 0.34375 0.44375 0.34375 0.45416666718750004 0.3296875 0.4770833328125 0.33125 0.525 0.3421875 0.51875 0.34375 0.49791666718750005 0.3625 0.4604166671875
1 0.3859375 0.43333333281249997 0.4140625 0.3916666671875 0.409375 0.3916666671875 0.3703125 0.4145833328125 0.35 0.43958333281249995 0.3375 0.43958333281249995 0.334375 0.45416666718750004 0.3265625 0.4604166671875 0.3296875 0.49791666718750005 0.325 0.5083333328124999 0.3296875 0.5291666671875 0.375 0.5916666671875 0.384375 0.5958333328125 0.403125 0.5833333328125 0.4015625 0.5541666671875001 0.39375 0.5479166671875 0.3890625 0.5604166671875 0.3703125 0.5604166671875 0.346875 0.5270833328125 0.34375 0.49583333281249997 0.3515625 0.46458333281249997 0.3859375 0.43333333281249997
1 0.3703125 0.5875 0.3296875 0.5291666671875 0.325 0.5291666671875 0.3109375 0.54375 0.31875 0.5916666671875 0.328125 0.6145833328125 0.33125 0.61875 0.3734375 0.6 0.3703125 0.5875
1 0.328125 0.525 0.315625 0.5 0.30625 0.5 0.303125 0.5104166671875 0.3078125 0.5270833328125 0.3125 0.5354166671875 0.3203125 0.5354166671875 0.328125 0.525