1 0.3421875 0.19375 0.33125 0.1895833328125 0.325 0.1895833328125 0.303125 0.20625 0.29375 0.23333333281250002 0.296875 0.2520833328125 0.33125 0.3125 0.3296875 0.3395833328125 0.315625 0.3625 0.3 0.41875 0.2921875 0.43333333281249997 0.265625 0.4291666671875 0.253125 0.43541666718750005 0.2453125 0.4270833328125 0.2203125 0.425 0.2140625 0.4291666671875 0.2125 0.4479166671875 0.2859375 0.5208333328125 0.34375 0.5291666671875 0.3578125 0.5166666671875 0.3625 0.4604166671875 0.3703125 0.43333333281249997 0.390625 0.4458333328125 0.4125 0.4291666671875 0.4234375 0.43541666718750005 0.428125 0.42291666718750004 0.4328125 0.43333333281249997 0.44375 0.43333333281249997 0.4484375 0.4270833328125 0.471875 0.34375 0.4796875 0.2791666671875 0.4734375 0.25833333281250004 0.45625 0.2416666671875 0.44375 0.2375 0.4265625 0.2416666671875 0.4203125 0.2520833328125 0.39375 0.25 0.3421875 0.19375
1 0.6796875 0.7354166671875 0.5984375 0.6395833328125 0.5890625 0.6395833328125 0.584375 0.6541666671875 0.59375 0.6729166671875 0.603125 0.7270833328124999 0.58125 0.7541666671875 0.553125 0.7520833328125 0.546875 0.7604166671875 0.5453125 0.7916666671875 0.55625 0.8458333328125001 0.56875 0.8645833328125001 0.6484375 0.8916666671875 0.684375 0.9166666671874999 0.6921875 0.9083333328125001 0.6859375 0.8770833328125001 0.715625 0.8375 0.709375 0.8020833328125001 0.6796875 0.7354166671875
1 0.5984375 0.35 0.565625 0.33541666718749996 0.5640625 0.3375 0.5546875 0.34375 0.475 0.4770833328125 0.440625 0.4458333328125 0.4109375 0.4604166671875 0.403125 0.4770833328125 0.4046875 0.51875 0.390625 0.5645833328125 0.3921875 0.5895833328125 0.4 0.60625 0.4171875 0.6166666671875001 0.4328125 0.6166666671875001 0.4703125 0.6020833328124999 0.4734375 0.6229166671875 0.5125 0.6791666671875001 0.5265625 0.69375 0.55 0.7041666671875 0.5625 0.7041666671875 0.5859375 0.6833333328125 0.584375 0.65625 0.5796875 0.6520833328125 0.5828125 0.625 0.603125 0.5875 0.603125 0.5708333328124999 0.590625 0.5416666671875 0.575 0.5166666671875 0.5546875 0.50625 0.553125 0.49583333281249997 0.5765625 0.43958333281249995 0.6109375 0.40208333281249997 0.628125 0.36875 0.628125 0.3541666671875 0.6234375 0.3479166671875 0.5984375 0.35
1 0.778125 0.7 0.7140625 0.6645833328124999 0.7109375 0.6645833328124999 0.7 0.6791666671875001 0.7078125 0.6979166671875 0.7671875 0.7333333328125 0.7765625 0.7479166671875 0.80625 0.7 0.778125 0.7
1 0.9015625 0.5958333328125 0.89375 0.59375 0.8796875 0.59375 0.875 0.625 0.865625 0.6208333328125 0.7953125 0.71875 0.78125 0.74375 0.7609375 0.8020833328125001 0.759375 0.8166666671874999 0.7640625 0.8291666671875 0.79375 0.875 0.8140625 0.8916666671875 0.8296875 0.89375 0.8375 0.8854166671874999 0.846875 0.8708333328125001 0.865625 0.8145833328125001 0.878125 0.74375 0.890625 0.7208333328125 0.884375 0.6916666671875 0.8875 0.6270833328125 0.9015625 0.5958333328125
1 0.9609375 0.6375 0.9515625 0.6270833328125 0.9515625 0.6291666671875 0.946875 0.6375 0.9046875 0.6375 0.8875 0.6583333328125 0.8859375 0.69375 0.8921875 0.7208333328125 0.878125 0.75 0.875 0.7791666671875 0.9046875 0.80625 0.9203125 0.7833333328125 0.95625 0.69375 0.95625 0.6875 0.946875 0.6895833328125 0.9453125 0.6833333328125 0.959375 0.6833333328125 0.9765625 0.64375 0.975 0.6375 0.9609375 0.6375
1 1 0.5916666671875 0.9984375 0.59375 0.909375 0.8083333328125001 0.8984375 0.8458333328125001 0.90625 0.8604166671875 0.971875 0.9208333328125 1 0.9145833328125 1 0.5916666671875
1 0.85 0.5541666671875001 0.840625 0.5395833328124999 0.83125 0.5395833328124999 0.8140625 0.5541666671875001 0.8046875 0.5770833328125 0.79375 0.5791666671875 0.7875 0.5979166671875 0.8 0.6229166671875 0.815625 0.6333333328124999 0.821875 0.6333333328124999 0.85 0.5541666671875001
1 0.9015625 0.5708333328124999 0.8625 0.5479166671875 0.8546875 0.5479166671875 0.81875 0.6416666671875 0.81875 0.6520833328125 0.83125 0.6645833328124999 0.8578125 0.6354166671875 0.8625 0.6229166671875 0.8703125 0.6208333328125 0.8828125 0.5916666671875 0.896875 0.5916666671875 0.9015625 0.5979166671875 0.9078125 0.5833333328125 0.9015625 0.5708333328124999
1 0.771875 0.3541666671875 0.709375 0.3333333328125 0.70625 0.3333333328125 0.6703125 0.44375 0.6546875 0.5083333328124999 0.65625 0.55625 0.6796875 0.5708333328124999 0.73125 0.5708333328124999 0.746875 0.5583333328125 0.8046875 0.3791666671875 0.8015625 0.3708333328125 0.771875 0.3541666671875
1 0.6640625 0.4625 0.6515625 0.4270833328125 0.6453125 0.4270833328125 0.615625 0.45625 0.6078125 0.4895833328125 0.6359375 0.5104166671875 0.6484375 0.5083333328124999 0.6625 0.48125 0.6640625 0.4625
1 0.6359375 0.5125 0.5765625 0.4791666671875 0.571875 0.4791666671875 0.55625 0.49791666718750005 0.5765625 0.5145833328125 0.59375 0.5416666671875 0.6015625 0.54375 0.596875 0.5479166671875 0.6078125 0.5833333328125 0.63125 0.5729166671875 0.6546875 0.54375 0.6546875 0.525 0.6453125 0.5125 0.6359375 0.5125
1 0.8015625 0.48125 0.7765625 0.47291666718750003 0.7734375 0.4770833328125 0.7484375 0.5604166671875 0.765625 0.5604166671875 0.7875 0.5875 0.8125 0.5354166671875 0.815625 0.49583333281249997 0.8015625 0.48125
1 0.7765625 0.5729166671875 0.7625 0.5604166671875 0.75 0.5604166671875 0.740625 0.575 0.740625 0.6166666671875001 0.7359375 0.625 0.7421875 0.63125 0.75 0.63125 0.75 0.6229166671875 0.765625 0.60625 0.7765625 0.5833333328125 0.7765625 0.5729166671875
1 0.5140625 0.41041666718750003 0.4921875 0.4 0.4828125 0.4 0.471875 0.4291666671875 0.503125 0.43541666718750005 0.5140625 0.41041666718750003