1 0.7145833328125 0.7453125 0.7104166671875001 0.765625 0.7104166671875001 0.7734375 0.7145833328125 0.7859375 0.7375 0.809375 0.78125 0.821875 0.7833333328125 0.840625 0.7916666671875 0.8515625 0.825 0.8734375 0.8604166671875 0.8796875 0.8895833328125 0.871875 0.9979166671874999 0.803125 0.9979166671874999 0.6734375 0.9854166671875 0.6390625 0.93125 0.609375 0.8833333328125 0.61875 0.84375 0.6421875 0.7354166671875 0.7234375 0.7145833328125 0.7453125
1 0.6270833328125 0.3796875 0.6208333328125 0.390625 0.6208333328125 0.3921875 0.7375 0.4609375 0.75 0.475 0.7729166671875001 0.4765625 0.8229166671874999 0.4578125 0.8666666671875 0.4234375 0.8833333328125 0.403125 0.8833333328125 0.3921875 0.91875 0.3578125 0.9229166671875 0.3421875 0.8875 0.3109375 0.8020833328125001 0.25625 0.78125 0.2453125 0.7666666671875 0.24375 0.7270833328124999 0.2671875 0.6604166671875 0.325 0.6229166671875 0.3640625 0.6270833328125 0.3796875
1 0.43333333281249997 0.309375 0.42083333281249996 0.3203125 0.42083333281249996 0.3265625 0.44166666718750003 0.3421875 0.45208333281249996 0.371875 0.475 0.3921875 0.5 0.4046875 0.5333333328125 0.4078125 0.5395833328124999 0.4046875 0.5395833328124999 0.390625 0.5270833328125 0.371875 0.5291666671875 0.3578125 0.55 0.346875 0.59375 0.3484375 0.6083333328125 0.3265625 0.6104166671875 0.3125 0.5895833328125 0.29375 0.5666666671875 0.2828125 0.5291666671875 0.2828125 0.5041666671875 0.2765625 0.4583333328125 0.30625 0.43333333281249997 0.309375
1 0.34375 0.4859375 0.3375 0.50390625 0.3375 0.5125 0.34375 0.5234375 0.38333333281250004 0.5515625 0.3895833328125 0.5671875 0.42291666718750004 0.5984375 0.40833333281249995 0.6359375 0.42291666718750004 0.646875 0.4479166671875 0.646875 0.46666666718750005 0.6296875 0.4625 0.61875 0.46875 0.6140625 0.5354166671875 0.60625 0.6041666671875 0.5734375 0.6375 0.55 0.6520833328125 0.5140625 0.6520833328125 0.4984375 0.6375 0.46875 0.6020833328124999 0.4390625 0.6 0.3984375 0.6208333328125 0.38125 0.6166666671875001 0.365625 0.5791666671875 0.3484375 0.5416666671875 0.3515625 0.53125 0.3578125 0.53125 0.3734375 0.5395833328124999 0.375 0.5375 0.3875 0.5458333328125 0.390625 0.5354166671875 0.4296875 0.46875 0.4296875 0.425 0.4421875 0.3875 0.4703125 0.35625 0.4765625 0.34375 0.4859375
1 0.54375 0.8265625 0.5395833328124999 0.846875 0.5395833328124999 0.8578125 0.5479166671875 0.8671875 0.5875 0.8859375 0.5916666671875 0.896875 0.6125 0.9125 0.6541666671875 0.921875 0.6895833328125 0.90625 0.73125 0.9015625 0.7375 0.8859375 0.7541666671875 0.8734375 0.7583333328124999 0.8421875 0.7479166671875 0.821875 0.70625 0.796875 0.6791666671875001 0.7875 0.6354166671875 0.784375 0.5916666671875 0.7921875 0.5645833328125 0.8046875 0.54375 0.8265625
1 0.40833333281249995 0.725 0.4 0.734375 0.4 0.7421875 0.41041666718750003 0.7578125 0.40625 0.7875 0.425 0.80625 0.4458333328125 0.8078125 0.4791666671875 0.790625 0.49791666718750005 0.8140625 0.5125 0.815625 0.54375 0.7921875 0.55 0.7453125 0.54375 0.71875 0.53125 0.7046875 0.5145833328125 0.696875 0.4916666671875 0.69375 0.46666666718750005 0.7 0.40833333281249995 0.725
1 0.1458333328125 0.7796875 0.1416666671875 0.8015625 0.14375 0.803125 0.1520833328125 0.828125 0.1770833328125 0.8453125 0.2 0.84375 0.20416666718749998 0.8484375 0.21458333281250003 0.8421875 0.2270833328125 0.846875 0.2625 0.840625 0.30416666718749996 0.8421875 0.31875 0.8609375 0.2916666671875 0.8765625 0.28958333281250004 0.896875 0.30416666718749996 0.9109375 0.3375 0.9203125 0.36875 0.9203125 0.41875 0.909375 0.43958333281249995 0.89375 0.46458333281249997 0.8609375 0.4479166671875 0.8109375 0.41875 0.8046875 0.40625 0.790625 0.40833333281249995 0.7546875 0.4 0.7453125 0.4 0.73125 0.4125 0.7203125 0.3958333328125 0.6890625 0.3729166671875 0.6765625 0.3479166671875 0.6796875 0.29375 0.7 0.2645833328125 0.734375 0.24583333281250003 0.7390625 0.2125 0.7609375 0.1541666671875 0.771875 0.1458333328125 0.7796875
1 0 0.696875 0.0395833328125 0.7375 0.0916666671875 0.7625 0.1520833328125 0.76875 0.20833333281250002 0.7578125 0.2541666671875 0.7265625 0.26875 0.703125 0.2833333328125 0.65625 0.28125 0.61875 0.2708333328125 0.5953125 0.23125 0.5546875 0.1729166671875 0.528125 0.1020833328125 0.5203125 0.060416667187499995 0.5296875 0.0125 0.559375 0 0.575 0 0.68875 0 0.696875
1 0 0.303125 0.03125 0.3 0.04375 0.3109375 0.0625 0.3125 0.0958333328125 0.3296875 0.13125 0.328125 0.1458333328125 0.315625 0.1458333328125 0.3015625 0.1395833328125 0.2953125 0.10833333281249999 0.2859375 0.1145833328125 0.2578125 0.1020833328125 0.2390625 0.0979166671875 0.21875 0.0354166671875 0.215625 0.01875 0.2015625 0.014583332812499999 0.1828125 0.00625 0.178125 0 0.178125 0 0.1979171875 0 0.2078125 0.03125 0.2375 0.0125 0.271875 0 0.28125 0 0.303125
1 0 0.1703125 0.029166667187500002 0.178125 0.0208333328125 0.1359375 0 0.15 0 0.16015625 0 0.1703125
1 0.5104166671875 0.103125 0.5083333328124999 0.1265625 0.5083333328124999 0.134375 0.53125 0.175 0.6 0.209375 0.6104166671875 0.2484375 0.6354166671875 0.2546875 0.6458333328125 0.24375 0.65 0.2078125 0.6916666671875 0.184375 0.7229166671875 0.146875 0.7291666671875 0.11875 0.725 0.0765625 0.70625 0.0515625 0.675 0.0328125 0.6395833328125 0.025 0.5895833328125 0.03125 0.55625 0.046875 0.5270833328125 0.0734375 0.5104166671875 0.103125
1 0.85 0 0.7958333328125 0.0625 0.7916666671875 0.0901046875 0.7916666671875 0.0984375 0.84375 0.184375 0.90625 0.25625 0.9333333328125001 0.26875 0.95625 0.26875 0.9979166671874999 0.2546875 0.9979166671874999 0 0.85 0
1 0.5520833328125 0.9734375 0.54375 0.9796875 0.54375 0.9859375 0.5479166671875 0.9984375 0.9979166671874999 0.9984375 0.9979166671874999 0.9578125 0.9333333328125001 0.9421875 0.85625 0.93125 0.70625 0.9296875 0.6645833328124999 0.9328125 0.6270833328125 0.9421875 0.5979166671875 0.965625 0.5520833328125 0.9734375