1 0.7583333328124999 0.8890625 0.7666666671875 0.8578125 0.7666666671875 0.85625 0.7458333328125 0.83125 0.6979166671875 0.80625 0.7416666671875001 0.746875 0.7583333328124999 0.7109375 0.7625 0.6859375 0.7541666671875 0.6671875 0.7270833328124999 0.646875 0.6666666671875 0.6203125 0.6083333328125 0.60625 0.5791666671875 0.6109375 0.55625 0.625 0.5145833328125 0.665625 0.45 0.7421875 0.4291666671875 0.778125 0.4291666671875 0.7953125 0.43958333281249995 0.8140625 0.4625 0.8328125 0.4895833328125 0.8328125 0.5291666671875 0.853125 0.5333333328125 0.8578125 0.525 0.8625 0.53125 0.871875 0.5770833328125 0.884375 0.64375 0.9234375 0.68125 0.9390625 0.7208333328125 0.9359375 0.7583333328124999 0.8890625
1 0.6395833328125 0.559375 0.6458333328125 0.5421875 0.6458333328125 0.534375 0.6333333328124999 0.48125 0.60625 0.4109375 0.5958333328125 0.396875 0.58125 0.3890625 0.5666666671875 0.3875 0.40208333281249997 0.421875 0.36666666718749996 0.459375 0.36875 0.4859375 0.39375 0.5625 0.40625 0.584375 0.41875 0.5921875 0.4479166671875 0.5984375 0.46458333281249997 0.596875 0.6083333328125 0.571875 0.6395833328125 0.559375
1 0.4 0.421875 0.40625 0.39140625 0.40625 0.38125 0.39375 0.3453125 0.35208333281250004 0.303125 0.3583333328125 0.2671875 0.3395833328125 0.253125 0.3229166671875 0.2578125 0.3 0.2859375 0.2479166671875 0.29375 0.2125 0.30625 0.1833333328125 0.328125 0.1625 0.365625 0.16458333281249998 0.3984375 0.18125 0.4296875 0.22291666718749997 0.459375 0.2604166671875 0.4703125 0.30625 0.471875 0.36666666718749996 0.4546875 0.4 0.421875
1 0.5916666671875 0.3140625 0.6354166671875 0.2953125 0.6354166671875 0.2859375 0.6125 0.2359375 0.5583333328125 0.15 0.55625 0.1296875 0.5020833328125 0.0765625 0.47291666718750003 0.08125 0.46458333281249997 0.0734375 0.45625 0.0734375 0.4604166671875 0.0765625 0.41875 0.109375 0.4125 0.125 0.3854166671875 0.140625 0.3770833328125 0.1578125 0.3604166671875 0.171875 0.3625 0.190625 0.45416666718750004 0.340625 0.46458333281249997 0.3484375 0.4770833328125 0.3484375 0.5229166671875001 0.3359375 0.5333333328125 0.325 0.5291666671875 0.30625 0.49375 0.240625 0.49375 0.2328125 0.5020833328125 0.2296875 0.5166666671875 0.2390625 0.5666666671875 0.315625 0.5916666671875 0.3140625
1 0.8833333328125 0.4640625 0.8916666671875 0.4453125 0.8916666671875 0.4375 0.8708333328125001 0.4125 0.8229166671874999 0.40625 0.7916666671875 0.425 0.7541666671875 0.43125 0.7416666671875001 0.4421875 0.7458333328125 0.465625 0.7604166671875 0.475 0.7791666671875 0.471875 0.7833333328125 0.484375 0.8145833328125001 0.4765625 0.83125 0.48125 0.8583333328125 0.4796875 0.8833333328125 0.4640625
1 0.8979166671875 0.6609375 0.90625 0.6375 0.90625 0.628125 0.89375 0.6109375 0.8791666671874999 0.603125 0.8666666671875 0.5984375 0.8354166671875 0.5984375 0.76875 0.6078125 0.7645833328125 0.6125 0.7708333328125 0.6234375 0.7583333328124999 0.6328125 0.7583333328124999 0.64375 0.7770833328125 0.653125 0.7833333328125 0.6671875 0.8208333328125 0.6671875 0.8354166671875 0.675 0.8583333328125 0.6765625 0.8833333328125 0.6703125 0.8979166671875 0.6609375
1 1 0.7203125 0.9854166671875 0.7125 0.9125 0.696875 0.8270833328125 0.684375 0.8 0.6875 0.7604166671875 0.7125 0.75 0.74375 0.7166666671875 0.7796875 0.7104166671875001 0.8078125 0.7666666671875 0.840625 0.7916666671875 0.8390625 0.8791666671874999 0.865625 0.9958333328125001 0.890625 1 0.7282734375000001 1 0.7203125
1 0.96875 1 0.98125 0.96875 0.98125 0.9337500000000001 0.98125 0.925 0.9541666671875 0.8921875 0.9604166671875 0.8859375 0.9520833328125 0.890625 0.9229166671875 0.8765625 0.8041666671875 0.846875 0.7854166671875 0.846875 0.76875 0.8546875 0.76875 0.8796875 0.7270833328124999 0.9390625 0.7458333328125 0.96875 0.7770833328125 1 0.96875 1
1 0.45416666718750004 1 0.45625 0.99375 0.47291666718750003 0.9875 0.49791666718750005 0.984375 0.53125 0.9578125 0.5416666671875 0.9359375 0.5395833328124999 0.934375 0.53125 0.884375 0.5125 0.8546875 0.4916666671875 0.8390625 0.47083333281249995 0.8375 0.375 0.8546875 0.3 0.871875 0.2541666671875 0.8890625 0.24583333281250003 0.8875 0.0770833328125 0.925 0.0020833328125000002 0.9546875 0.0020833328125000002 1 0.45416666718750004 1
1 0.30416666718749996 0.86875 0.3104166671875 0.846875 0.3104166671875 0.8453125 0.3020833328125 0.8140625 0.2541666671875 0.78125 0.20416666718749998 0.78125 0.1458333328125 0.7953125 0.0770833328125 0.803125 0.05 0.8125 0.03125 0.8359375 0.029166667187500002 0.8890625 0.0458333328125 0.928125 0.05208333281250001 0.93125 0.1458333328125 0.9046875 0.1666666671875 0.9046875 0.2645833328125 0.8828125 0.30416666718749996 0.86875
1 0.1833333328125 0.7125 0.20416666718749998 0.7 0.20416666718749998 0.6859375 0.1895833328125 0.6515625 0.18125 0.60625 0.1270833328125 0.5265625 0.0645833328125 0.4515625 0.0020833328125000002 0.4015625 0.0020833328125000002 0.7828125 0.0166666671875 0.771875 0.0229166671875 0.753125 0.0416666671875 0.7453125 0.025 0.71875 0.0375 0.71875 0.0416666671875 0.7140625 0.0458333328125 0.7171875 0.05 0.70625 0.0645833328125 0.7140625 0.058333332812500006 0.728125 0.06875 0.73125 0.0625 0.7421875 0.06875 0.75625 0.07083333281250001 0.73125 0.0770833328125 0.7328125 0.13125 0.70625 0.1833333328125 0.7125
1 0.35 0.15 0.35625 0.1234375 0.3541666671875 0.121875 0.3479166671875 0.078125 0.3291666671875 0.0640625 0.28958333281250004 0.059375 0.2375 0.0609375 0.19583333281249998 0.0765625 0.1875 0.06875 0.175 0.034375 0.14791666718750002 0.0015625 0.01875 0.0015625 0.0333333328125 0.0125 0.0333333328125 0.021875 0.025 0.0296875 0.0395833328125 0.040625 0.0416666671875 0.0515625 0.0458333328125 0.0484375 0.05 0.053125 0.0458333328125 0.059375 0.0416666671875 0.05625 0.0333333328125 0.0625 0.0479166671875 0.071875 0.05 0.0796875 0.0020833328125000002 0.11875 0.00625 0.2109375 0.0666666671875 0.20625 0.13333333281249998 0.18125 0.1395833328125 0.1828125 0.1354166671875 0.190625 0.1458333328125 0.190625 0.175 0.18125 0.17916666718750002 0.1859375 0.16875 0.190625 0.1708333328125 0.19375 0.20208333281250002 0.2171875 0.26875 0.221875 0.3020833328125 0.2078125 0.31875 0.165625 0.35 0.15
1 0.3708333328125 0.0734375 0.3875 0.0515625 0.3875 0.0421875 0.3541666671875 0.0015625 0.15 0.0015625 0.1916666671875 0.05625 0.3145833328125 0.0546875 0.3333333328125 0.059375 0.35 0.0734375 0.3708333328125 0.0734375
1 0.7770833328125 0.25625 0.825 0.1671875 0.825 0.1578125 0.7583333328124999 0.125 0.74375 0.15 0.7104166671875001 0.1765625 0.6854166671875 0.190625 0.64375 0.2015625 0.6229166671875 0.2375 0.6270833328125 0.2453125 0.7125 0.2828125 0.75 0.2734375 0.7770833328125 0.25625
1 0.7375 0.1546875 0.75625 0.125 0.75625 0.11875 0.75 0.0984375 0.6770833328125 0.0015625 0.3604166671875 0.0015625 0.36666666718749996 0.015625 0.39375 0.0375 0.4375 0.05625 0.48333333281249996 0.059375 0.49583333281249997 0.065625 0.6229166671875 0.19375 0.65625 0.1953125 0.6979166671875 0.18125 0.7375 0.1546875