1 0.3703125 0.7166666671875 0.390625 0.7208333328125 0.4203125 0.7145833328125 0.4265625 0.7041666671875 0.428125 0.6520833328125 0.4375 0.5833333328125 0.434375 0.55625 0.3984375 0.54375 0.3875 0.54375 0.36875 0.5458333328125 0.3609375 0.5583333328125 0.3515625 0.6979166671875 0.3703125 0.7166666671875
1 0.6125 0.85625 0.634375 0.8291666671875 0.6421875 0.7645833328125 0.621875 0.74375 0.5765625 0.725 0.5703125 0.725 0.546875 0.74375 0.540625 0.8104166671874999 0.6015625 0.85625 0.6125 0.85625
1 0.4703125 0.7166666671875 0.4765625 0.65625 0.4859375 0.6395833328125 0.5078125 0.63125 0.4921875 0.6229166671875 0.48359375 0.6229166671875 0.4375 0.6375 0.4359375 0.6958333328124999 0.4453125 0.7083333328125 0.4703125 0.7166666671875
1 0.465625 0.8270833328125 0.475 0.8375 0.496875 0.8458333328125001 0.51875 0.84375 0.5296875 0.83125 0.5484375 0.6979166671875 0.5484375 0.65 0.51875 0.6354166671875 0.509375 0.6354166671875 0.484375 0.6416666671875 0.4765625 0.6583333328125 0.4625 0.7895833328124999 0.465625 0.8270833328125
1 0.2890625 0.5208333328125 0.2875 0.5395833328124999 0.25 0.6479166671875001 0.24375 0.7 0.2453125 0.7354166671875 0.2515625 0.7479166671875 0.296875 0.7541666671875 0.3328125 0.7541666671875 0.3390625 0.7479166671875 0.346875 0.66875 0.3375 0.6041666671875 0.340625 0.5770833328125 0.3390625 0.5666666671875 0.3265625 0.5541666671875001 0.321875 0.51875 0.3125 0.5041666671875 0.3171875 0.49375 0.3140625 0.46666666718750005 0.3125 0.46666666718750005 0.303125 0.46875 0.2984375 0.4770833328125 0.2984375 0.5041666671875 0.2890625 0.5208333328125
1 0.1296875 0.43541666718750005 0.11875 0.4270833328125 0.1203125 0.46458333281249997 0.1109375 0.4875 0.11875 0.5041666671875 0.115625 0.5229166671875001 0.1203125 0.5208333328125 0.121875 0.5020833328125 0.1390625 0.5125 0.178125 0.50625 0.209375 0.475 0.21875 0.4583333328125 0.21875 0.4458333328125 0.18125 0.42291666718750004 0.1671875 0.40625 0.165625 0.40416666718750005 0.1609375 0.40625 0.14375 0.4625 0.1328125 0.45 0.1296875 0.43541666718750005
1 0 0.6041666671875 0.0046875 0.60625 0.0484375 0.5979166671875 0.075 0.5833333328125 0.0921875 0.5645833328125 0.1140625 0.5166666671875 0.1140625 0.49791666718750005 0.1015625 0.48125 0.040625 0.4625 0.0325 0.4625 0 0.4625 0 0.6041666671875
1 0.496875 0.5583333328125 0.509375 0.5583333328125 0.5359375 0.49791666718750005 0.540625 0.4625 0.5 0.4479166671875 0.4859375 0.4479166671875 0.475 0.45 0.46875 0.4625 0.478125 0.5458333328125 0.496875 0.5583333328125
1 0.7125 0.5541666671875001 0.71875 0.5541666671875001 0.7234375 0.5416666671875 0.7390625 0.45416666718750004 0.7390625 0.43125 0.71875 0.4166666671875 0.70625 0.4166666671875 0.6953125 0.43125 0.678125 0.5333333328125 0.6703125 0.5395833328124999 0.7125 0.5541666671875001
1 0.575 0.50625 0.59375 0.5479166671875 0.5953125 0.5729166671875 0.6 0.5791666671875 0.625 0.5375 0.6671875 0.5416666671875 0.6796875 0.51875 0.68125 0.4916666671875 0.6609375 0.4875 0.634375 0.46666666718750005 0.625 0.46666666718750005 0.615625 0.46666666718750005 0.60625 0.4791666671875 0.5859375 0.48125 0.575 0.50625
1 0.5421875 0.4625 0.540625 0.48541666718750004 0.5296875 0.5208333328125 0.5515625 0.5208333328125 0.5578125 0.5125 0.5703125 0.3604166671875 0.5609375 0.3416666671875 0.54375 0.3333333328125 0.53125 0.3333333328125 0.5078125 0.3604166671875 0.496875 0.4458333328125 0.5328125 0.45416666718750004 0.5421875 0.4625
1 0.3578125 0.3645833328125 0.3578125 0.3020833328125 0.3453125 0.2854166671875 0.3203125 0.275 0.3 0.2541666671875 0.29375 0.2541666671875 0.2796875 0.2666666671875 0.2859375 0.3875 0.3390625 0.3895833328125 0.3578125 0.3645833328125
1 0.36875 0.51875 0.4203125 0.5229166671875001 0.4390625 0.5395833328124999 0.440625 0.5520833328125 0.45625 0.45 0.4640625 0.44166666718750003 0.4609375 0.43333333281249997 0.4734375 0.425 0.4734375 0.41875 0.4609375 0.4270833328125 0.4609375 0.41875 0.475 0.40416666718750005 0.4640625 0.3958333328125 0.475 0.30625 0.4609375 0.2958333328125 0.4 0.28125 0.3953125 0.28125 0.3640625 0.2854166671875 0.359375 0.2958333328125 0.353125 0.5291666671875 0.36875 0.51875
1 0.565625 0.675 0.584375 0.6895833328125 0.5875 0.70625 0.5953125 0.7166666671875 0.63125 0.7479166671875 0.7375 0.7895833328124999 0.8046875 0.8041666671875 0.8453125 0.7979166671875 0.8484375 0.7833333328125 0.828125 0.7104166671875001 0.83125 0.7 0.815625 0.6645833328124999 0.8140625 0.6416666671875 0.809375 0.65 0.8046875 0.6479166671875001 0.7953125 0.6229166671875 0.7828125 0.6166666671875001 0.778125 0.6041666671875 0.721875 0.5583333328125 0.6828125 0.5458333328125 0.6328125 0.54375 0.6296875 0.5395833328124999 0.6109375 0.5583333328125 0.5859375 0.6333333328124999 0.5609375 0.6645833328124999 0.565625 0.675