1 0.1109375 0.7583333328124999 0.1421875 0.7666666671875 0.14375 0.7666666671875 0.16875 0.7458333328125 0.19375 0.6979166671875 0.253125 0.7416666671875001 0.2890625 0.7583333328124999 0.3140625 0.7625 0.3328125 0.7541666671875 0.353125 0.7270833328124999 0.3796875 0.6666666671875 0.39375 0.6083333328125 0.3890625 0.5791666671875 0.375 0.55625 0.334375 0.5145833328125 0.2578125 0.45 0.221875 0.4291666671875 0.2046875 0.4291666671875 0.1859375 0.43958333281249995 0.1671875 0.4625 0.1671875 0.4895833328125 0.146875 0.5291666671875 0.1421875 0.5333333328125 0.1375 0.525 0.128125 0.53125 0.115625 0.5770833328125 0.0765625 0.64375 0.0609375 0.68125 0.0640625 0.7208333328125 0.1109375 0.7583333328124999
1 0.440625 0.6395833328125 0.4578125 0.6458333328125 0.465625 0.6458333328125 0.51875 0.6333333328124999 0.5890625 0.60625 0.603125 0.5958333328125 0.6109375 0.58125 0.6125 0.5666666671875 0.578125 0.40208333281249997 0.540625 0.36666666718749996 0.5140625 0.36875 0.4375 0.39375 0.415625 0.40625 0.4078125 0.41875 0.4015625 0.4479166671875 0.403125 0.46458333281249997 0.428125 0.6083333328125 0.440625 0.6395833328125
1 0.578125 0.4 0.60859375 0.40625 0.61875 0.40625 0.6546875 0.39375 0.696875 0.35208333281250004 0.7328125 0.3583333328125 0.746875 0.3395833328125 0.7421875 0.3229166671875 0.7140625 0.3 0.70625 0.2479166671875 0.69375 0.2125 0.671875 0.1833333328125 0.634375 0.1625 0.6015625 0.16458333281249998 0.5703125 0.18125 0.540625 0.22291666718749997 0.5296875 0.2604166671875 0.528125 0.30625 0.5453125 0.36666666718749996 0.578125 0.4
1 0.6859375 0.5916666671875 0.7046875 0.6354166671875 0.7140625 0.6354166671875 0.7640625 0.6125 0.85 0.5583333328125 0.8703125 0.55625 0.9234375 0.5020833328125 0.91875 0.47291666718750003 0.9265625 0.46458333281249997 0.9265625 0.45625 0.9234375 0.4604166671875 0.890625 0.41875 0.875 0.4125 0.859375 0.3854166671875 0.8421875 0.3770833328125 0.828125 0.3604166671875 0.809375 0.3625 0.659375 0.45416666718750004 0.6515625 0.46458333281249997 0.6515625 0.4770833328125 0.6640625 0.5229166671875001 0.675 0.5333333328125 0.69375 0.5291666671875 0.759375 0.49375 0.7671875 0.49375 0.7703125 0.5020833328125 0.7609375 0.5166666671875 0.684375 0.5666666671875 0.6859375 0.5916666671875
1 0.5359375 0.8833333328125 0.5546875 0.8916666671875 0.5625 0.8916666671875 0.5875 0.8708333328125001 0.59375 0.8229166671874999 0.575 0.7916666671875 0.56875 0.7541666671875 0.5578125 0.7416666671875001 0.534375 0.7458333328125 0.525 0.7604166671875 0.528125 0.7791666671875 0.515625 0.7833333328125 0.5234375 0.8145833328125001 0.51875 0.83125 0.5203125 0.8583333328125 0.5359375 0.8833333328125
1 0.3390625 0.8979166671875 0.3625 0.90625 0.371875 0.90625 0.3890625 0.89375 0.396875 0.8791666671874999 0.4015625 0.8666666671875 0.4015625 0.8354166671875 0.3921875 0.76875 0.3875 0.7645833328125 0.3765625 0.7708333328125 0.3671875 0.7583333328124999 0.35625 0.7583333328124999 0.346875 0.7770833328125 0.3328125 0.7833333328125 0.3328125 0.8208333328125 0.325 0.8354166671875 0.3234375 0.8583333328125 0.3296875 0.8833333328125 0.3390625 0.8979166671875
1 0.2796875 1 0.2875 0.9854166671875 0.303125 0.9125 0.315625 0.8270833328125 0.3125 0.8 0.2875 0.7604166671875 0.25625 0.75 0.2203125 0.7166666671875 0.1921875 0.7104166671875001 0.159375 0.7666666671875 0.1609375 0.7916666671875 0.134375 0.8791666671874999 0.109375 0.9958333328125001 0.2717265625 1 0.2796875 1
1 0 0.96875 0.03125 0.98125 0.06625 0.98125 0.075 0.98125 0.1078125 0.9541666671875 0.1140625 0.9604166671875 0.109375 0.9520833328125 0.1234375 0.9229166671875 0.153125 0.8041666671875 0.153125 0.7854166671875 0.1453125 0.76875 0.1203125 0.76875 0.0609375 0.7270833328124999 0.03125 0.7458333328125 0 0.7770833328125 0 0.96875
1 0 0.45416666718750004 0.00625 0.45625 0.0125 0.47291666718750003 0.015625 0.49791666718750005 0.0421875 0.53125 0.0640625 0.5416666671875 0.065625 0.5395833328124999 0.115625 0.53125 0.1453125 0.5125 0.1609375 0.4916666671875 0.1625 0.47083333281249995 0.1453125 0.375 0.128125 0.3 0.1109375 0.2541666671875 0.1125 0.24583333281250003 0.075 0.0770833328125 0.0453125 0.0020833328125000002 0 0.0020833328125000002 0 0.45416666718750004
1 0.13125 0.30416666718749996 0.153125 0.3104166671875 0.1546875 0.3104166671875 0.1859375 0.3020833328125 0.21875 0.2541666671875 0.21875 0.20416666718749998 0.2046875 0.1458333328125 0.196875 0.0770833328125 0.1875 0.05 0.1640625 0.03125 0.1109375 0.029166667187500002 0.071875 0.0458333328125 0.06875 0.05208333281250001 0.0953125 0.1458333328125 0.0953125 0.1666666671875 0.1171875 0.2645833328125 0.13125 0.30416666718749996
1 0.2875 0.1833333328125 0.3 0.20416666718749998 0.3140625 0.20416666718749998 0.3484375 0.1895833328125 0.39375 0.18125 0.4734375 0.1270833328125 0.5484375 0.0645833328125 0.5984375 0.0020833328125000002 0.2171875 0.0020833328125000002 0.228125 0.0166666671875 0.246875 0.0229166671875 0.2546875 0.0416666671875 0.28125 0.025 0.28125 0.0375 0.2859375 0.0416666671875 0.2828125 0.0458333328125 0.29375 0.05 0.2859375 0.0645833328125 0.271875 0.058333332812500006 0.26875 0.06875 0.2578125 0.0625 0.24375 0.06875 0.26875 0.07083333281250001 0.2671875 0.0770833328125 0.29375 0.13125 0.2875 0.1833333328125
1 0.85 0.35 0.8765625 0.35625 0.878125 0.3541666671875 0.921875 0.3479166671875 0.9359375 0.3291666671875 0.940625 0.28958333281250004 0.9390625 0.2375 0.9234375 0.19583333281249998 0.93125 0.1875 0.965625 0.175 0.9984375 0.14791666718750002 0.9984375 0.01875 0.9875 0.0333333328125 0.978125 0.0333333328125 0.9703125 0.025 0.959375 0.0395833328125 0.9484375 0.0416666671875 0.9515625 0.0458333328125 0.946875 0.05 0.940625 0.0458333328125 0.94375 0.0416666671875 0.9375 0.0333333328125 0.928125 0.0479166671875 0.9203125 0.05 0.88125 0.0020833328125000002 0.7890625 0.00625 0.79375 0.0666666671875 0.81875 0.13333333281249998 0.8171875 0.1395833328125 0.809375 0.1354166671875 0.809375 0.1458333328125 0.81875 0.175 0.8140625 0.17916666718750002 0.809375 0.16875 0.80625 0.1708333328125 0.7828125 0.20208333281250002 0.778125 0.26875 0.7921875 0.3020833328125 0.834375 0.31875 0.85 0.35
1 0.9265625 0.3708333328125 0.9484375 0.3875 0.9578125 0.3875 0.9984375 0.3541666671875 0.9984375 0.15 0.94375 0.1916666671875 0.9453125 0.3145833328125 0.940625 0.3333333328125 0.9265625 0.35 0.9265625 0.3708333328125
1 0.74375 0.7770833328125 0.8328125 0.825 0.8421875 0.825 0.875 0.7583333328124999 0.85 0.74375 0.8234375 0.7104166671875001 0.809375 0.6854166671875 0.7984375 0.64375 0.7625 0.6229166671875 0.7546875 0.6270833328125 0.7171875 0.7125 0.7265625 0.75 0.74375 0.7770833328125
1 0.8453125 0.7375 0.875 0.75625 0.88125 0.75625 0.9015625 0.75 0.9984375 0.6770833328125 0.9984375 0.3604166671875 0.984375 0.36666666718749996 0.9625 0.39375 0.94375 0.4375 0.940625 0.48333333281249996 0.934375 0.49583333281249997 0.80625 0.6229166671875 0.8046875 0.65625 0.81875 0.6979166671875 0.8453125 0.7375