1 0.0484375 0.7229166671875 0.04375 0.7270833328124999 0.04375 0.775 0.0609375 0.7979166671875 0.090625 0.8166666671874999 0.125 0.8229166671874999 0.1703125 0.81875 0.184375 0.8125 0.1984375 0.7854166671875 0.20625 0.7145833328125 0.2171875 0.675 0.234375 0.6541666671875 0.2375 0.63125 0.2328125 0.6125 0.203125 0.58125 0.175 0.5645833328125 0.1203125 0.5520833328125 0.115625 0.5520833328125 0.0859375 0.5604166671875 0.06875 0.5791666671875 0.0640625 0.6375 0.0484375 0.7229166671875
1 0.29375 0.9979166671874999 0.503125 0.9979166671874999 0.5125 0.95625 0.5078125 0.93125 0.4921875 0.8979166671875 0.44375 0.85 0.39375 0.8333333328125001 0.3890625 0.8333333328125001 0.3671875 0.8375 0.3453125 0.8520833328125 0.2984375 0.9541666671875 0.29375 0.9979166671874999
1 0.0421875 0.7541666671875 0.04375 0.7729166671875001 0.0609375 0.7979166671875 0.090625 0.8166666671874999 0.125 0.8229166671874999 0.171875 0.81875 0.1890625 0.80625 0.2 0.78125 0.203125 0.7270833328124999 0.215625 0.6791666671875001 0.234375 0.6541666671875 0.2390625 0.6375 0.23125 0.6104166671875 0.2109375 0.5875 0.184375 0.56875 0.1375 0.5541666671875001 0.1276046875 0.5541666671875001 0.096875 0.55625 0.0703125 0.575 0.0671875 0.6208333328125 0.0421875 0.7541666671875
1 0 0.9979166671874999 0.06875 0.9979166671874999 0.0875 0.8958333328125001 0.084375 0.8666666671875 0.059375 0.8395833328125001 0.021875 0.8291666671875 0.0203125 0.8291666671875 0 0.8333333328125001 0 0.9979166671874999
1 0.58125 0.8770833328125001 0.5765625 0.89375 0.5796875 0.91875 0.60625 0.94375 0.6125 0.9583333328125001 0.6078125 0.99375 0.771875 0.9979166671874999 0.7796875 0.9770833328125 0.7796875 0.9520833328125 0.7671875 0.91875 0.7171875 0.8625 0.678125 0.8416666671874999 0.6682296875 0.8416666671874999 0.6484375 0.8416666671874999 0.621875 0.8666666671875 0.5875 0.8666666671875 0.58125 0.8770833328125001
1 0.546875 0.9125 0.5515625 0.9333333328125001 0.571875 0.9645833328125001 0.5875 0.98125 0.603125 0.9854166671875 0.609375 0.98125 0.6109375 0.95625 0.5765625 0.9145833328125 0.56875 0.8916666671875 0.56875 0.875 0.5765625 0.8708333328125001 0.578125 0.8770833328125001 0.5828125 0.8625 0.6296875 0.85625 0.625 0.84375 0.6 0.8333333328125001 0.5890625 0.8333333328125001 0.578125 0.8333333328125001 0.5671875 0.84375 0.55 0.8875 0.546875 0.9125
1 0.89375 0.8520833328125 0.896875 0.8729166671874999 0.8828125 0.9 0.8859375 0.9208333328125 0.9 0.9416666671874999 0.9125 0.9291666671875 0.9296875 0.9333333328125001 0.9984375 0.9833333328125 0.9984375 0.7604166671875 0.9859375 0.775 0.96875 0.7645833328125 0.9484375 0.7645833328125 0.928125 0.7520833328125 0.921875 0.7520833328125 0.9109375 0.7583333328124999 0.9015625 0.775 0.9046875 0.8416666671874999 0.89375 0.8520833328125
1 0.8734375 0.9979166671874999 0.9984375 0.9979166671874999 0.9984375 0.9875 0.98125 0.9729166671874999 0.91875 0.93125 0.915625 0.93125 0.9 0.9458333328125 0.8875 0.9770833328125 0.875 0.9854166671875 0.8734375 0.9979166671874999
1 0.796875 0.9104166671874999 0.8203125 0.9270833328125001 0.8375 0.9270833328125001 0.8640625 0.8958333328125001 0.8828125 0.8875 0.8875 0.8770833328125001 0.884375 0.8645833328125001 0.853125 0.8208333328125 0.809375 0.7895833328124999 0.803125 0.7895833328124999 0.790625 0.8041666671875 0.7703125 0.8458333328125001 0.7671875 0.8645833328125001 0.796875 0.9104166671874999
1 0.7546875 0.51875 0.746875 0.5458333328125 0.7484375 0.5770833328125 0.7609375 0.6166666671875001 0.7453125 0.6458333328125 0.728125 0.6583333328125 0.725 0.675 0.75 0.7020833328125 0.79375 0.73125 0.825 0.7041666671875 0.825 0.6875 0.8078125 0.675 0.821875 0.6395833328125 0.8453125 0.6208333328125 0.8640625 0.5895833328125 0.865625 0.5479166671875 0.875 0.5270833328125 0.8765625 0.5041666671875 0.8578125 0.48125 0.8453125 0.48125 0.8328125 0.4895833328125 0.796875 0.48333333281249996 0.778125 0.4916666671875 0.7546875 0.51875
1 0.7 0.575 0.6921875 0.5854166671875001 0.6875 0.5666666671875 0.6875 0.5916666671875 0.671875 0.61875 0.6875 0.6479166671875001 0.665625 0.7083333328125 0.6671875 0.7145833328125 0.6796875 0.71875 0.7 0.7145833328125 0.709375 0.7 0.7109375 0.6854166671875 0.709375 0.6479166671875001 0.715625 0.5958333328125 0.7078125 0.5604166671875 0.6921875 0.54375 0.6890625 0.54375 0.6890625 0.5541666671875001 0.69375 0.5479166671875 0.7015625 0.5604166671875 0.7 0.575
1 0.596875 0.775 0.61875 0.7895833328124999 0.6296875 0.7875 0.640625 0.76875 0.684375 0.6541666671875 0.68125 0.6333333328124999 0.66875 0.6208333328125 0.646875 0.6083333328125 0.6234375 0.60625 0.621875 0.60625 0.603125 0.6520833328125 0.5796875 0.7354166671875 0.584375 0.7583333328124999 0.596875 0.775
1 0.5 0.4458333328125 0.5078125 0.4604166671875 0.5078125 0.5291666671875 0.4984375 0.56875 0.4859375 0.5916666671875 0.4703125 0.5916666671875 0.4625 0.5833333328125 0.446875 0.5854166671875001 0.4375 0.5895833328125 0.428125 0.6104166671875 0.496875 0.6729166671875 0.5265625 0.675 0.5328125 0.66875 0.534375 0.6395833328125 0.5671875 0.525 0.584375 0.5229166671875001 0.5984375 0.53125 0.6078125 0.5479166671875 0.6265625 0.5541666671875001 0.653125 0.525 0.6546875 0.49791666718750005 0.6421875 0.47083333281249995 0.5984375 0.425 0.6 0.41875 0.565625 0.375 0.475 0.30416666718749996 0.4640625 0.3020833328125 0.4625 0.3020833328125 0.4453125 0.3145833328125 0.446875 0.3333333328125 0.4984375 0.4270833328125 0.5 0.4458333328125
1 0.4609375 0.3604166671875 0.446875 0.3333333328125 0.4453125 0.3145833328125 0.459375 0.30416666718749996 0.478125 0.3083333328125 0.478125 0.29375 0.45625 0.2791666671875 0.44375 0.2791666671875 0.434375 0.2958333328125 0.4125 0.3791666671875 0.446875 0.40208333281249997 0.4609375 0.3604166671875
1 0.4234375 0.51875 0.4234375 0.53125 0.4390625 0.55 0.484375 0.5791666671875 0.4921875 0.5770833328125 0.496875 0.5666666671875 0.50625 0.5291666671875 0.5015625 0.4916666671875 0.50625 0.4625 0.496875 0.4375 0.4875 0.4375 0.4765625 0.45 0.4515625 0.45208333281249996 0.4421875 0.4604166671875 0.4234375 0.51875
1 0.43125 0.4458333328125 0.415625 0.47083333281249995 0.4296875 0.46458333281249997 0.440625 0.45 0.453125 0.41875 0.4484375 0.40416666718750005 0.35 0.35208333281250004 0.3421875 0.35208333281250004 0.334375 0.3645833328125 0.4 0.4 0.428125 0.43125 0.43125 0.4458333328125
1 0.290625 0.4583333328125 0.3171875 0.4875 0.35 0.5020833328125 0.3796875 0.5 0.409375 0.4791666671875 0.428125 0.45416666718750004 0.4296875 0.4375 0.425 0.4270833328125 0.3984375 0.4 0.334375 0.3645833328125 0.303125 0.3583333328125 0.2984375 0.3583333328125 0.2875 0.3604166671875 0.2765625 0.3729166671875 0.28125 0.43333333281249997 0.290625 0.4583333328125
1 0.15 0.4125 0.1546875 0.41875 0.215625 0.4270833328125 0.2171875 0.40833333281249995 0.209375 0.39375 0.2046875 0.35 0.19375 0.3375 0.1859375 0.3375 0.175 0.3395833328125 0.1625 0.375 0.146875 0.3854166671875 0.15 0.4125
1 0 0.5 0.00625 0.50625 0.0078125 0.5208333328125 0.0234375 0.5333333328125 0.04375 0.5333333328125 0.0703125 0.50625 0.0875 0.5020833328125 0.1 0.5083333328124999 0.096875 0.5229166671875001 0.1046875 0.5354166671875 0.128125 0.5375 0.1359375 0.5 0.1328125 0.4375 0.146875 0.4125 0.1546875 0.40625 0.16875 0.41875 0.215625 0.425 0.2171875 0.4125 0.2078125 0.3875 0.2046875 0.35208333281250004 0.190625 0.3375 0.178125 0.3375 0.1703125 0.3458333328125 0.1609375 0.3770833328125 0.1359375 0.3875 0.115625 0.4125 0.0890625 0.4166666671875 0.0859375 0.38333333281250004 0.075 0.3541666671875 0.0703125 0.32083333281250004 0.0625 0.3104166671875 0.0546875 0.3104166671875 0.0328125 0.3333333328125 0 0.35 0 0.4458333328125 0.0078125 0.4583333328125 0 0.46458333281249997 0 0.5
1 0.66875 0.525 0.6703125 0.4770833328125 0.65625 0.45416666718750004 0.65625 0.44375 0.628125 0.4125 0.5921875 0.3916666671875 0.5796875 0.3916666671875 0.6375 0.4604166671875 0.65625 0.49791666718750005 0.6578125 0.51875 0.66875 0.525
1 0.653125 0.5270833328125 0.6296875 0.5604166671875 0.6109375 0.5604166671875 0.60625 0.5479166671875 0.5984375 0.5541666671875001 0.596875 0.5833333328125 0.615625 0.5958333328125 0.625 0.5916666671875 0.6703125 0.5291666671875 0.675 0.5083333328124999 0.6703125 0.49791666718750005 0.6734375 0.4604166671875 0.665625 0.45416666718750004 0.6625 0.43958333281249995 0.65 0.43958333281249995 0.6296875 0.4145833328125 0.590625 0.3916666671875 0.5859375 0.3916666671875 0.6140625 0.43333333281249997 0.6484375 0.46458333281249997 0.65625 0.49583333281249997 0.653125 0.5270833328125
1 0.671875 0.6145833328125 0.68125 0.5916666671875 0.6890625 0.54375 0.675 0.5291666671875 0.6703125 0.5291666671875 0.6296875 0.5875 0.6265625 0.6 0.66875 0.61875 0.671875 0.6145833328125
1 0.6921875 0.5270833328125 0.696875 0.5104166671875 0.69375 0.5 0.684375 0.5 0.671875 0.525 0.6796875 0.5354166671875 0.6875 0.5354166671875 0.6921875 0.5270833328125