1 0.2546875 0.7145833328125 0.234375 0.7104166671875001 0.2265625 0.7104166671875001 0.2140625 0.7145833328125 0.190625 0.7375 0.178125 0.78125 0.159375 0.7833333328125 0.1484375 0.7916666671875 0.1265625 0.825 0.1203125 0.8604166671875 0.128125 0.8895833328125 0.196875 0.9979166671874999 0.3265625 0.9979166671874999 0.3609375 0.9854166671875 0.390625 0.93125 0.38125 0.8833333328125 0.3578125 0.84375 0.2765625 0.7354166671875 0.2546875 0.7145833328125
1 0.6203125 0.6270833328125 0.609375 0.6208333328125 0.6078125 0.6208333328125 0.5390625 0.7375 0.525 0.75 0.5234375 0.7729166671875001 0.5421875 0.8229166671874999 0.5765625 0.8666666671875 0.596875 0.8833333328125 0.6078125 0.8833333328125 0.6421875 0.91875 0.6578125 0.9229166671875 0.6890625 0.8875 0.74375 0.8020833328125001 0.7546875 0.78125 0.75625 0.7666666671875 0.7328125 0.7270833328124999 0.675 0.6604166671875 0.6359375 0.6229166671875 0.6203125 0.6270833328125
1 0.690625 0.43333333281249997 0.6796875 0.42083333281249996 0.6734375 0.42083333281249996 0.6578125 0.44166666718750003 0.628125 0.45208333281249996 0.6078125 0.475 0.5953125 0.5 0.5921875 0.5333333328125 0.5953125 0.5395833328124999 0.609375 0.5395833328124999 0.628125 0.5270833328125 0.6421875 0.5291666671875 0.653125 0.55 0.6515625 0.59375 0.6734375 0.6083333328125 0.6875 0.6104166671875 0.70625 0.5895833328125 0.7171875 0.5666666671875 0.7171875 0.5291666671875 0.7234375 0.5041666671875 0.69375 0.4583333328125 0.690625 0.43333333281249997
1 0.5140625 0.34375 0.49609375 0.3375 0.4875 0.3375 0.4765625 0.34375 0.4484375 0.38333333281250004 0.4328125 0.3895833328125 0.4015625 0.42291666718750004 0.3640625 0.40833333281249995 0.353125 0.42291666718750004 0.353125 0.4479166671875 0.3703125 0.46666666718750005 0.38125 0.4625 0.3859375 0.46875 0.39375 0.5354166671875 0.4265625 0.6041666671875 0.45 0.6375 0.4859375 0.6520833328125 0.5015625 0.6520833328125 0.53125 0.6375 0.5609375 0.6020833328124999 0.6015625 0.6 0.61875 0.6208333328125 0.634375 0.6166666671875001 0.6515625 0.5791666671875 0.6484375 0.5416666671875 0.6421875 0.53125 0.6265625 0.53125 0.625 0.5395833328124999 0.6125 0.5375 0.609375 0.5458333328125 0.5703125 0.5354166671875 0.5703125 0.46875 0.5578125 0.425 0.5296875 0.3875 0.5234375 0.35625 0.5140625 0.34375
1 0.1734375 0.54375 0.153125 0.5395833328124999 0.1421875 0.5395833328124999 0.1328125 0.5479166671875 0.1140625 0.5875 0.103125 0.5916666671875 0.0875 0.6125 0.078125 0.6541666671875 0.09375 0.6895833328125 0.0984375 0.73125 0.1140625 0.7375 0.1265625 0.7541666671875 0.1578125 0.7583333328124999 0.178125 0.7479166671875 0.203125 0.70625 0.2125 0.6791666671875001 0.215625 0.6354166671875 0.2078125 0.5916666671875 0.1953125 0.5645833328125 0.1734375 0.54375
1 0.275 0.40833333281249995 0.265625 0.4 0.2578125 0.4 0.2421875 0.41041666718750003 0.2125 0.40625 0.19375 0.425 0.1921875 0.4458333328125 0.209375 0.4791666671875 0.1859375 0.49791666718750005 0.184375 0.5125 0.2078125 0.54375 0.2546875 0.55 0.28125 0.54375 0.2953125 0.53125 0.303125 0.5145833328125 0.30625 0.4916666671875 0.3 0.46666666718750005 0.275 0.40833333281249995
1 0.2203125 0.1458333328125 0.1984375 0.1416666671875 0.196875 0.14375 0.171875 0.1520833328125 0.1546875 0.1770833328125 0.15625 0.2 0.1515625 0.20416666718749998 0.1578125 0.21458333281250003 0.153125 0.2270833328125 0.159375 0.2625 0.1578125 0.30416666718749996 0.1390625 0.31875 0.1234375 0.2916666671875 0.103125 0.28958333281250004 0.0890625 0.30416666718749996 0.0796875 0.3375 0.0796875 0.36875 0.090625 0.41875 0.10625 0.43958333281249995 0.1390625 0.46458333281249997 0.1890625 0.4479166671875 0.1953125 0.41875 0.209375 0.40625 0.2453125 0.40833333281249995 0.2546875 0.4 0.26875 0.4 0.2796875 0.4125 0.3109375 0.3958333328125 0.3234375 0.3729166671875 0.3203125 0.3479166671875 0.3 0.29375 0.265625 0.2645833328125 0.2609375 0.24583333281250003 0.2390625 0.2125 0.228125 0.1541666671875 0.2203125 0.1458333328125
1 0.303125 0 0.2625 0.0395833328125 0.2375 0.0916666671875 0.23125 0.1520833328125 0.2421875 0.20833333281250002 0.2734375 0.2541666671875 0.296875 0.26875 0.34375 0.2833333328125 0.38125 0.28125 0.4046875 0.2708333328125 0.4453125 0.23125 0.471875 0.1729166671875 0.4796875 0.1020833328125 0.4703125 0.060416667187499995 0.440625 0.0125 0.425 0 0.31124999999999997 0 0.303125 0
1 0.696875 0 0.7 0.03125 0.6890625 0.04375 0.6875 0.0625 0.6703125 0.0958333328125 0.671875 0.13125 0.684375 0.1458333328125 0.6984375 0.1458333328125 0.7046875 0.1395833328125 0.7140625 0.10833333281249999 0.7421875 0.1145833328125 0.7609375 0.1020833328125 0.78125 0.0979166671875 0.784375 0.0354166671875 0.7984375 0.01875 0.8171875 0.014583332812499999 0.821875 0.00625 0.821875 0 0.8020828124999999 0 0.7921875 0 0.7625 0.03125 0.728125 0.0125 0.71875 0 0.696875 0
1 0.8296875 0 0.821875 0.029166667187500002 0.8640625 0.0208333328125 0.85 0 0.83984375 0 0.8296875 0
1 0.896875 0.5104166671875 0.8734375 0.5083333328124999 0.865625 0.5083333328124999 0.825 0.53125 0.790625 0.6 0.7515625 0.6104166671875 0.7453125 0.6354166671875 0.75625 0.6458333328125 0.7921875 0.65 0.815625 0.6916666671875 0.853125 0.7229166671875 0.88125 0.7291666671875 0.9234375 0.725 0.9484375 0.70625 0.9671875 0.675 0.975 0.6395833328125 0.96875 0.5895833328125 0.953125 0.55625 0.9265625 0.5270833328125 0.896875 0.5104166671875
1 1 0.85 0.9375 0.7958333328125 0.9098953125 0.7916666671875 0.9015625 0.7916666671875 0.815625 0.84375 0.74375 0.90625 0.73125 0.9333333328125001 0.73125 0.95625 0.7453125 0.9979166671874999 1 0.9979166671874999 1 0.85
1 0.0265625 0.5520833328125 0.0203125 0.54375 0.0140625 0.54375 0.0015625 0.5479166671875 0.0015625 0.9979166671874999 0.0421875 0.9979166671874999 0.0578125 0.9333333328125001 0.06875 0.85625 0.0703125 0.70625 0.0671875 0.6645833328124999 0.0578125 0.6270833328125 0.034375 0.5979166671875 0.0265625 0.5520833328125