1 0.2390625 0.55 0.2296875 0.58125 0.228125 0.6104166671875 0.2609375 0.6583333328125 0.2828125 0.6770833328125 0.2921875 0.6770833328125 0.34375 0.63125 0.3515625 0.6083333328125 0.34375 0.575 0.325 0.5333333328125 0.2921875 0.5104166671875 0.2796875 0.5104166671875 0.25625 0.5416666671875 0.2390625 0.55
1 0.35 0.6229166671875 0.3109375 0.6666666671875 0.321875 0.6833333328125 0.346875 0.6979166671875 0.353125 0.6979166671875 0.371875 0.68125 0.3671875 0.65 0.375 0.6416666671875 0.3703125 0.60625 0.353125 0.5895833328125 0.3484375 0.5895833328125 0.353125 0.6104166671875 0.35 0.6229166671875
1 0.396875 0.6166666671875001 0.4078125 0.60625 0.4203125 0.6229166671875 0.4390625 0.6291666671875 0.440625 0.6291666671875 0.45 0.6145833328125 0.440625 0.5875 0.440625 0.5666666671875 0.415625 0.5354166671875 0.396875 0.5375 0.378125 0.56875 0.3828125 0.6083333328125 0.396875 0.6166666671875001
1 0.5234375 0.41875 0.50625 0.4145833328125 0.4640625 0.43333333281249997 0.403125 0.4479166671875 0.4046875 0.46458333281249997 0.4421875 0.525 0.4953125 0.5895833328125 0.5203125 0.6041666671875 0.5328125 0.6041666671875 0.5578125 0.5895833328125 0.565625 0.5708333328124999 0.56875 0.5416666671875 0.5390625 0.49791666718750005 0.5375 0.475 0.5296875 0.4625 0.5328125 0.43958333281249995 0.5234375 0.41875
1 0.53125 0.425 0.58125 0.47083333281249995 0.5890625 0.47083333281249995 0.5921875 0.475 0.5765625 0.44375 0.559375 0.38333333281250004 0.5328125 0.3416666671875 0.5171875 0.3458333328125 0.5234375 0.3604166671875 0.5203125 0.3875 0.5265625 0.39375 0.53125 0.425
1 0.4796875 0.2958333328125 0.490625 0.3125 0.5 0.3125 0.4984375 0.2916666671875 0.4875 0.28958333281250004 0.4796875 0.2958333328125
1 0.4859375 0.1916666671875 0.484375 0.20625 0.5171875 0.2875 0.509375 0.3083333328125 0.509375 0.325 0.51875 0.3416666671875 0.525 0.3416666671875 0.546875 0.3166666671875 0.5703125 0.30625 0.5953125 0.26875 0.60625 0.23333333281250002 0.5796875 0.225 0.5546875 0.20833333281250002 0.5109375 0.1604166671875 0.4859375 0.1916666671875
1 0.384375 0.43541666718750005 0.3984375 0.4458333328125 0.40625 0.4458333328125 0.48125 0.42083333281249996 0.465625 0.41041666718750003 0.39375 0.3104166671875 0.3625 0.3229166671875 0.3546875 0.33125 0.3546875 0.35 0.3671875 0.4 0.384375 0.43541666718750005
1 0.74375 0.10625 0.753125 0.20833333281250002 0.7640625 0.2270833328125 0.771875 0.2270833328125 0.7890625 0.2208333328125 0.8 0.19583333281249998 0.83125 0.08333333281250001 0.840625 0.0020833328125000002 0.7140625 0.0020833328125000002 0.7375 0.05 0.7328125 0.060416667187499995 0.74375 0.10625
1 0.7125 0.21875 0.7203125 0.19583333281249998 0.7296875 0.1895833328125 0.7328125 0.1666666671875 0.7234375 0.15 0.7140625 0.15 0.7015625 0.1625 0.6734375 0.1541666671875 0.6546875 0.19583333281249998 0.621875 0.22916666718749998 0.5984375 0.23541666718749998 0.5953125 0.2645833328125 0.58125 0.2708333328125 0.5765625 0.2833333328125 0.565625 0.2854166671875 0.5640625 0.30416666718749996 0.5578125 0.3083333328125 0.5578125 0.31875 0.571875 0.34375 0.5921875 0.3479166671875 0.6046875 0.3645833328125 0.6328125 0.3583333328125 0.6515625 0.3395833328125 0.6609375 0.3416666671875 0.6890625 0.3958333328125 0.690625 0.4166666671875 0.709375 0.4479166671875 0.715625 0.4479166671875 0.7296875 0.425 0.7234375 0.4166666671875 0.7390625 0.3958333328125 0.740625 0.3854166671875 0.696875 0.2770833328125 0.671875 0.2645833328125 0.6828125 0.24375 0.7125 0.21875
1 0.49375 0.0791666671875 0.4921875 0.10625 0.5 0.1291666671875 0.5078125 0.15 0.54375 0.19583333281249998 0.565625 0.21458333281250003 0.5953125 0.2270833328125 0.60625 0.2270833328125 0.6296875 0.21875 0.665625 0.1666666671875 0.671875 0.15 0.684375 0.05625 0.7109375 0.0020833328125000002 0.528125 0.0020833328125000002 0.51875 0.0166666671875 0.49375 0.0791666671875
1 0.44375 0.56875 0.45 0.6208333328125 0.44375 0.6291666671875 0.4296875 0.63125 0.409375 0.6083333328125 0.396875 0.6166666671875001 0.3828125 0.6104166671875 0.3796875 0.6145833328125 0.3796875 0.625 0.4 0.6604166671875 0.415625 0.675 0.4234375 0.675 0.440625 0.6708333328125 0.4546875 0.6416666671875 0.4859375 0.6395833328125 0.503125 0.6041666671875 0.44375 0.5270833328125 0.434375 0.53125 0.428125 0.5458333328125 0.44375 0.56875
1 0.534375 0.45 0.5328125 0.46666666718750005 0.5453125 0.50625 0.5625 0.5270833328125 0.5671875 0.5458333328125 0.56875 0.5479166671875 0.5890625 0.5145833328125 0.596875 0.4770833328125 0.5921875 0.47083333281249995 0.5890625 0.4770833328125 0.578125 0.47083333281249995 0.559375 0.45 0.540625 0.4458333328125 0.534375 0.45
1 0.496875 0.5625 0.5125 0.5770833328125 0.528125 0.58125 0.5296875 0.58125 0.54375 0.5770833328125 0.546875 0.5645833328125 0.5546875 0.5583333328125 0.546875 0.5229166671875001 0.53125 0.5145833328125 0.5078125 0.5479166671875 0.496875 0.5541666671875001 0.496875 0.5625
1 0.0203125 0.5770833328125 0.021875 0.5791666671875 0.0625 0.5583333328125 0.0765625 0.5375 0.1 0.5229166671875001 0.0828125 0.40208333281249997 0.05 0.3291666671875 0.0015625 0.3416666671875 0.0015625 0.575 0.0203125 0.5770833328125
1 0.253125 0.40625 0.240625 0.40833333281249995 0.1796875 0.3 0.1578125 0.275 0.1296875 0.3270833328125 0.11875 0.38333333281250004 0.11875 0.425 0.125 0.4479166671875 0.1390625 0.46666666718750005 0.15625 0.4791666671875 0.1890625 0.48125 0.190625 0.48333333281249996 0.2375 0.46666666718750005 0.290625 0.42291666718750004 0.3125 0.3854166671875 0.321875 0.35 0.315625 0.35 0.303125 0.36666666718749996 0.2703125 0.3875 0.253125 0.40625
1 0.4375 0.25 0.4953125 0.17916666718750002 0.509375 0.1541666671875 0.490625 0.10833333281249999 0.4671875 0.10833333281249999 0.44375 0.0791666671875 0.428125 0.07291666718749999 0.3421875 0.18125 0.3375 0.2 0.3484375 0.2270833328125 0.35625 0.26875 0.371875 0.3 0.38125 0.3125 0.3984375 0.3104166671875 0.459375 0.40208333281249997 0.475 0.4166666671875 0.484375 0.4166666671875 0.5140625 0.38333333281250004 0.51875 0.36875 0.515625 0.35 0.4984375 0.3229166671875 0.4953125 0.3291666671875 0.490625 0.3166666671875 0.4796875 0.3104166671875 0.4375 0.25
1 0.33125 0.69375 0.30625 0.6708333328125 0.2890625 0.68125 0.2578125 0.6729166671875 0.190625 0.6979166671875 0.1359375 0.7333333328125 0.1390625 0.75 0.16875 0.7833333328125 0.2109375 0.8208333328125 0.221875 0.8375 0.2375 0.8354166671875 0.24375 0.8458333328125001 0.25 0.8458333328125001 0.25625 0.8395833328125001 0.30625 0.8375 0.340625 0.8145833328125001 0.3625 0.8208333328125 0.3625 0.8145833328125001 0.35 0.8041666671875 0.34375 0.6958333328124999 0.33125 0.69375
1 0.1125 0.1666666671875 0.165625 0.2770833328125 0.240625 0.40625 0.2515625 0.40625 0.3453125 0.3270833328125 0.3453125 0.30625 0.2921875 0.0020833328125000002 0.0328125 0.0020833328125000002 0.071875 0.1 0.1 0.1395833328125 0.1 0.1520833328125 0.1125 0.1666666671875