1 0.0765625 0.35625 0.115625 0.42291666718750004 0.128125 0.46875 0.1375 0.475 0.1421875 0.46666666718750005 0.146875 0.47083333281249995 0.1671875 0.5104166671875 0.1671875 0.5375 0.1859375 0.5604166671875 0.2046875 0.5708333328124999 0.221875 0.5708333328124999 0.2578125 0.55 0.334375 0.48541666718750004 0.375 0.44375 0.3890625 0.42083333281249996 0.39375 0.3916666671875 0.3796875 0.3333333328125 0.353125 0.27291666718749996 0.3328125 0.24583333281250003 0.3140625 0.2375 0.2890625 0.2416666671875 0.253125 0.25833333281250004 0.19375 0.3020833328125 0.16875 0.2541666671875 0.14375 0.23333333281250002 0.1421875 0.23333333281250002 0.1109375 0.2416666671875 0.0640625 0.2791666671875 0.0609375 0.31875 0.0765625 0.35625
1 0.4015625 0.5520833328125 0.4078125 0.58125 0.415625 0.59375 0.4375 0.60625 0.5140625 0.63125 0.540625 0.6333333328124999 0.578125 0.5979166671875 0.6125 0.43333333281249997 0.6109375 0.41875 0.603125 0.40416666718750005 0.5890625 0.39375 0.51875 0.36666666718749996 0.465625 0.3541666671875 0.4578125 0.3541666671875 0.440625 0.3604166671875 0.428125 0.3916666671875 0.403125 0.5354166671875 0.4015625 0.5520833328125
1 0.5296875 0.7395833328125 0.540625 0.7770833328125 0.5703125 0.81875 0.6015625 0.8354166671875 0.634375 0.8375 0.671875 0.8166666671874999 0.69375 0.7875 0.70625 0.7520833328125 0.7140625 0.7 0.7421875 0.6770833328125 0.746875 0.6604166671875 0.7328125 0.6416666671875 0.696875 0.6479166671875001 0.6546875 0.60625 0.61875 0.59375 0.60859375 0.59375 0.578125 0.6 0.5453125 0.6333333328124999 0.528125 0.69375 0.5296875 0.7395833328125
1 0.7703125 0.49791666718750005 0.7671875 0.50625 0.759375 0.50625 0.69375 0.47083333281249995 0.675 0.46666666718750005 0.6640625 0.4770833328125 0.6515625 0.5229166671875001 0.6515625 0.5354166671875 0.659375 0.5458333328125 0.809375 0.6375 0.828125 0.6395833328125 0.8421875 0.6229166671875 0.859375 0.6145833328125 0.875 0.5875 0.890625 0.58125 0.9234375 0.5395833328124999 0.9265625 0.54375 0.9265625 0.5354166671875 0.91875 0.5270833328125 0.9234375 0.49791666718750005 0.8703125 0.44375 0.85 0.44166666718750003 0.7640625 0.3875 0.7140625 0.3645833328125 0.7046875 0.3645833328125 0.6859375 0.40833333281249995 0.684375 0.43333333281249997 0.7609375 0.48333333281249996 0.7703125 0.49791666718750005
1 0.5234375 0.1854166671875 0.515625 0.2166666671875 0.528125 0.2208333328125 0.525 0.23958333281250002 0.534375 0.2541666671875 0.5578125 0.25833333281250004 0.56875 0.24583333281250003 0.575 0.20833333281250002 0.59375 0.1770833328125 0.5875 0.1291666671875 0.5625 0.10833333281249999 0.5546875 0.10833333281249999 0.5359375 0.1166666671875 0.5203125 0.1416666671875 0.51875 0.16875 0.5234375 0.1854166671875
1 0.325 0.16458333281249998 0.3328125 0.17916666718750002 0.3328125 0.2166666671875 0.346875 0.22291666718749997 0.35625 0.2416666671875 0.3671875 0.2416666671875 0.3765625 0.22916666718749998 0.3875 0.23541666718749998 0.3921875 0.23125 0.4015625 0.16458333281249998 0.4015625 0.13333333281249998 0.396875 0.1208333328125 0.3890625 0.10625 0.371875 0.09375 0.3625 0.09375 0.3390625 0.1020833328125 0.3296875 0.1166666671875 0.3234375 0.1416666671875 0.325 0.16458333281249998
1 0.2717265625 0 0.109375 0.0041666671875 0.134375 0.1208333328125 0.1609375 0.20833333281250002 0.159375 0.23333333281250002 0.1921875 0.28958333281250004 0.2203125 0.2833333328125 0.25625 0.25 0.2875 0.23958333281250002 0.3125 0.2 0.315625 0.1729166671875 0.303125 0.0875 0.2875 0.014583332812499999 0.2796875 0 0.2717265625 0
1 0 0.22291666718749997 0.03125 0.2541666671875 0.0609375 0.27291666718749996 0.1203125 0.23125 0.1453125 0.23125 0.153125 0.21458333281250003 0.153125 0.19583333281249998 0.1234375 0.0770833328125 0.109375 0.0479166671875 0.1140625 0.0395833328125 0.1078125 0.0458333328125 0.075 0.01875 0.06625 0.01875 0.03125 0.01875 0 0.03125 0 0.22291666718749997
1 0 0.9979166671874999 0.0453125 0.9979166671874999 0.075 0.9229166671875 0.1125 0.7541666671875 0.1109375 0.7458333328125 0.128125 0.7 0.1453125 0.625 0.1625 0.5291666671875 0.1609375 0.5083333328124999 0.1453125 0.4875 0.115625 0.46875 0.065625 0.4604166671875 0.0640625 0.4583333328125 0.0421875 0.46875 0.015625 0.5020833328125 0.0125 0.5270833328125 0.00625 0.54375 0 0.5458333328125 0 0.9979166671874999
1 0.0953125 0.8541666671874999 0.06875 0.9479166671874999 0.071875 0.9541666671875 0.1109375 0.9708333328125001 0.1640625 0.96875 0.1875 0.95 0.196875 0.9229166671875 0.2046875 0.8541666671874999 0.21875 0.7958333328125 0.21875 0.7458333328125 0.1859375 0.6979166671875 0.1546875 0.6895833328125 0.153125 0.6895833328125 0.13125 0.6958333328124999 0.1171875 0.7354166671875 0.0953125 0.8333333328125001 0.0953125 0.8541666671874999
1 0.26875 0.9291666671875 0.24375 0.93125 0.2578125 0.9375 0.26875 0.93125 0.271875 0.9416666671874999 0.2859375 0.9354166671874999 0.29375 0.95 0.2828125 0.9541666671875 0.2859375 0.9583333328125001 0.28125 0.9625 0.28125 0.975 0.2546875 0.9583333328125001 0.246875 0.9770833328125 0.228125 0.9833333328125 0.2171875 0.9979166671874999 0.5984375 0.9979166671874999 0.5484375 0.9354166671874999 0.4734375 0.8729166671874999 0.39375 0.81875 0.3484375 0.8104166671874999 0.3140625 0.7958333328125 0.3 0.7958333328125 0.2875 0.8166666671874999 0.29375 0.86875 0.2671875 0.9229166671875 0.26875 0.9291666671875
1 0.778125 0.73125 0.7828125 0.7979166671875 0.80625 0.8291666671875 0.809375 0.83125 0.8140625 0.8208333328125 0.81875 0.825 0.809375 0.8541666671874999 0.809375 0.8645833328125001 0.8171875 0.8604166671875 0.81875 0.8666666671875 0.79375 0.9333333328125001 0.7890625 0.99375 0.88125 0.9979166671874999 0.9203125 0.95 0.928125 0.9520833328125 0.9375 0.9666666671874999 0.94375 0.9583333328125001 0.940625 0.9541666671875 0.946875 0.95 0.9515625 0.9541666671875 0.9484375 0.9583333328125001 0.959375 0.9604166671875 0.9703125 0.975 0.978125 0.9666666671874999 0.9875 0.9666666671874999 0.9984375 0.98125 0.9984375 0.8520833328125 0.965625 0.825 0.93125 0.8125 0.9234375 0.8041666671875 0.9390625 0.7625 0.940625 0.7104166671875001 0.9359375 0.6708333328125 0.921875 0.6520833328125 0.878125 0.6458333328125 0.8765625 0.64375 0.85 0.65 0.834375 0.68125 0.7921875 0.6979166671875 0.778125 0.73125
1 0.9453125 0.6854166671875 0.94375 0.8083333328125001 0.9984375 0.85 0.9984375 0.6458333328125 0.9578125 0.6125 0.9484375 0.6125 0.9265625 0.6291666671875 0.9265625 0.65 0.940625 0.6666666671875 0.9453125 0.6854166671875
1 0.7546875 0.3729166671875 0.7625 0.3770833328125 0.7984375 0.35625 0.809375 0.3145833328125 0.8234375 0.28958333281250004 0.85 0.25625 0.875 0.2416666671875 0.8421875 0.175 0.8328125 0.175 0.74375 0.22291666718749997 0.7265625 0.25 0.7171875 0.2875 0.7546875 0.3729166671875
1 0.80625 0.3770833328125 0.934375 0.5041666671875 0.940625 0.5166666671875 0.94375 0.5625 0.9625 0.60625 0.984375 0.6333333328124999 0.9984375 0.6395833328125 0.9984375 0.3229166671875 0.9015625 0.25 0.88125 0.24375 0.875 0.24375 0.8453125 0.2625 0.81875 0.3020833328125 0.8046875 0.34375 0.80625 0.3770833328125