1 0.45625 0.7583333328124999 0.4734375 0.7416666671875001 0.4796875 0.7208333328125 0.471875 0.65625 0.4484375 0.5729166671875 0.44375 0.5666666671875 0.4328125 0.5666666671875 0.428125 0.5770833328125 0.4234375 0.5645833328125 0.4125 0.5708333328124999 0.390625 0.5541666671875001 0.3703125 0.5666666671875 0.3625 0.5395833328124999 0.3578125 0.48333333281249996 0.34375 0.47083333281249995 0.2859375 0.4791666671875 0.2125 0.5520833328125 0.2140625 0.5708333328124999 0.2203125 0.575 0.2453125 0.5729166671875 0.253125 0.5645833328125 0.265625 0.5708333328124999 0.2921875 0.5666666671875 0.3 0.58125 0.315625 0.6375 0.3296875 0.6604166671875 0.33125 0.6875 0.296875 0.7479166671875 0.29375 0.7666666671875 0.303125 0.79375 0.325 0.8104166671874999 0.33125 0.8104166671874999 0.3421875 0.80625 0.39375 0.75 0.4203125 0.7479166671875 0.4265625 0.7583333328124999 0.44375 0.7625 0.45625 0.7583333328124999
1 0.684375 0.08333333281250001 0.6484375 0.10833333281249999 0.56875 0.1354166671875 0.55625 0.1541666671875 0.5453125 0.20833333281250002 0.546875 0.23958333281250002 0.553125 0.2479166671875 0.58125 0.24583333281250003 0.603125 0.27291666718749996 0.59375 0.3270833328125 0.584375 0.3458333328125 0.5890625 0.3604166671875 0.5984375 0.3604166671875 0.6796875 0.2645833328125 0.709375 0.1979166671875 0.715625 0.1625 0.6859375 0.12291666718750001 0.6921875 0.0916666671875 0.684375 0.08333333281250001
1 0.5765625 0.5604166671875 0.553125 0.5041666671875 0.5546875 0.49375 0.575 0.48333333281249996 0.590625 0.4583333328125 0.603125 0.4291666671875 0.603125 0.4125 0.5828125 0.375 0.5796875 0.3479166671875 0.584375 0.34375 0.5859375 0.3166666671875 0.5625 0.2958333328125 0.55 0.2958333328125 0.5265625 0.30625 0.5125 0.32083333281250004 0.4734375 0.3770833328125 0.4703125 0.39791666718749996 0.4328125 0.38333333281250004 0.4171875 0.38333333281250004 0.4 0.39375 0.3921875 0.41041666718750003 0.390625 0.43541666718750005 0.4046875 0.48125 0.403125 0.5229166671875001 0.4109375 0.5395833328124999 0.440625 0.5541666671875001 0.475 0.5229166671875001 0.5546875 0.65625 0.5640625 0.6625 0.565625 0.6645833328124999 0.5984375 0.65 0.6234375 0.6520833328125 0.628125 0.6458333328125 0.628125 0.63125 0.6109375 0.5979166671875 0.5765625 0.5604166671875
1 0.7 0.32083333281250004 0.7109375 0.33541666718749996 0.7140625 0.33541666718749996 0.778125 0.3 0.80625 0.3 0.7765625 0.2520833328125 0.7671875 0.2666666671875 0.7078125 0.3020833328125 0.7 0.32083333281250004
1 0.865625 0.1854166671875 0.846875 0.1291666671875 0.8375 0.1145833328125 0.8296875 0.10625 0.8140625 0.10833333281249999 0.79375 0.125 0.7640625 0.1708333328125 0.759375 0.1833333328125 0.7609375 0.1979166671875 0.78125 0.25625 0.7953125 0.28125 0.865625 0.3791666671875 0.875 0.375 0.8796875 0.40625 0.89375 0.40625 0.9015625 0.40416666718750005 0.8875 0.3729166671875 0.884375 0.3083333328125 0.890625 0.2791666671875 0.878125 0.25625 0.865625 0.1854166671875
1 0.946875 0.3104166671875 0.95625 0.3125 0.95625 0.30625 0.9203125 0.2166666671875 0.9046875 0.19375 0.875 0.2208333328125 0.878125 0.25 0.8921875 0.2791666671875 0.8859375 0.30625 0.8875 0.3416666671875 0.9046875 0.3625 0.946875 0.3625 0.9515625 0.3708333328125 0.9515625 0.3729166671875 0.9609375 0.3625 0.975 0.3625 0.9765625 0.35625 0.959375 0.3166666671875 0.9453125 0.3166666671875 0.946875 0.3104166671875
1 1 0.08541666718749999 0.971875 0.0791666671875 0.90625 0.1395833328125 0.8984375 0.1541666671875 0.909375 0.1916666671875 0.9984375 0.40625 1 0.40833333281249995 1 0.08541666718749999
1 0.79375 0.42083333281249996 0.8046875 0.42291666718750004 0.8140625 0.4458333328125 0.83125 0.4604166671875 0.840625 0.4604166671875 0.85 0.4458333328125 0.821875 0.36666666718749996 0.815625 0.36666666718749996 0.8 0.3770833328125 0.7875 0.40208333281249997 0.79375 0.42083333281249996
1 0.8703125 0.3791666671875 0.8625 0.3770833328125 0.8578125 0.3645833328125 0.83125 0.33541666718749996 0.81875 0.3479166671875 0.81875 0.3583333328125 0.8546875 0.45208333281249996 0.8625 0.45208333281249996 0.9015625 0.4291666671875 0.9078125 0.4166666671875 0.9015625 0.40208333281249997 0.896875 0.40833333281249995 0.8828125 0.40833333281249995 0.8703125 0.3791666671875
1 0.6796875 0.4291666671875 0.65625 0.44375 0.6546875 0.4916666671875 0.6703125 0.55625 0.70625 0.6666666671875 0.709375 0.6666666671875 0.771875 0.6458333328125 0.8015625 0.6291666671875 0.8046875 0.6208333328125 0.746875 0.44166666718750003 0.73125 0.4291666671875 0.6796875 0.4291666671875
1 0.615625 0.54375 0.6453125 0.5729166671875 0.6515625 0.5729166671875 0.6640625 0.5375 0.6625 0.51875 0.6484375 0.4916666671875 0.6359375 0.4895833328125 0.6078125 0.5104166671875 0.615625 0.54375
1 0.6078125 0.4166666671875 0.596875 0.45208333281249996 0.6015625 0.45625 0.59375 0.4583333328125 0.5765625 0.48541666718750004 0.55625 0.5020833328125 0.571875 0.5208333328125 0.5765625 0.5208333328125 0.6359375 0.4875 0.6453125 0.4875 0.6546875 0.475 0.6546875 0.45625 0.63125 0.4270833328125 0.6078125 0.4166666671875
1 0.7484375 0.43958333281249995 0.7734375 0.5229166671875001 0.7765625 0.5270833328125 0.8015625 0.51875 0.815625 0.5041666671875 0.8125 0.46458333281249997 0.7875 0.4125 0.765625 0.43958333281249995 0.7484375 0.43958333281249995
1 0.7421875 0.36875 0.7359375 0.375 0.740625 0.38333333281250004 0.740625 0.425 0.75 0.43958333281249995 0.7625 0.43958333281249995 0.7765625 0.4270833328125 0.7765625 0.4166666671875 0.765625 0.39375 0.75 0.3770833328125 0.75 0.36875 0.7421875 0.36875
1 0.5140625 0.5895833328125 0.503125 0.5645833328125 0.471875 0.5708333328124999 0.4828125 0.6 0.4921875 0.6 0.5140625 0.5895833328125