1 0.85 0.475 0.8140625 0.47291666718750003 0.8046875 0.47291666718750003 0.76875 0.4895833328125 0.740625 0.5208333328125 0.728125 0.55 0.7265625 0.5791666671875 0.7359375 0.6104166671875 0.7609375 0.6416666671875 0.8 0.6645833328124999 0.8265625 0.6666666671875 0.8640625 0.65 0.8875 0.625 0.9 0.6041666671875 0.9046875 0.5479166671875 0.8984375 0.5229166671875001 0.8734375 0.4895833328125 0.85 0.475
1 0.66875 0.4458333328125 0.6421875 0.40416666718750005 0.63125 0.40416666718750005 0.6015625 0.43333333281249997 0.6015625 0.45625 0.6125 0.48333333281249996 0.6140625 0.5479166671875 0.634375 0.5770833328125 0.671875 0.59375 0.6890625 0.625 0.709375 0.625 0.7265625 0.6 0.721875 0.5625 0.7265625 0.5041666671875 0.721875 0.4875 0.7015625 0.45625 0.6828125 0.4458333328125 0.66875 0.4458333328125
1 0.59375 0.33125 0.57734375 0.3270833328125 0.56875 0.3270833328125 0.5515625 0.3333333328125 0.5390625 0.3291666671875 0.53125 0.375 0.5375 0.3958333328125 0.553125 0.4166666671875 0.575 0.4375 0.5890625 0.43958333281249995 0.596875 0.4291666671875 0.5953125 0.4145833328125 0.603125 0.40208333281249997 0.603125 0.35 0.59375 0.33125
1 0.53125 0.33541666718749996 0.53125 0.325 0.51875 0.325 0.5140625 0.33125 0.50625 0.325 0.48125 0.3270833328125 0.4609375 0.34375 0.4515625 0.3625 0.4546875 0.3916666671875 0.4859375 0.43333333281249997 0.5015625 0.425 0.5265625 0.4291666671875 0.5328125 0.3916666671875 0.521875 0.34375 0.53125 0.33541666718749996
1 0.5078125 0.2770833328125 0.496875 0.2770833328125 0.4859375 0.2770833328125 0.4625 0.3020833328125 0.4671875 0.33125 0.490625 0.3229166671875 0.5125 0.3270833328125 0.521875 0.31875 0.51875 0.2916666671875 0.5078125 0.2770833328125
1 0.4453125 0.20416666718749998 0.425 0.1770833328125 0.4234375 0.17916666718750002 0.4203125 0.1875 0.4265625 0.2166666671875 0.4203125 0.2208333328125 0.4203125 0.23541666718749998 0.4296875 0.25 0.4390625 0.29375 0.459375 0.31875 0.4625 0.3 0.4890625 0.2666666671875 0.459375 0.2125 0.4453125 0.20416666718749998
1 0.4125 0.3395833328125 0.4015625 0.3416666671875 0.3875 0.3291666671875 0.38807870312500004 0.32762345625 0.3625 0.3416666671875 0.353125 0.3583333328125 0.3453125 0.3604166671875 0.3390625 0.38125 0.33125 0.375 0.328125 0.3916666671875 0.315625 0.4 0.309375 0.4125 0.309375 0.4291666671875 0.3046875 0.43541666718750005 0.2953125 0.43125 0.328125 0.4791666671875 0.3390625 0.48125 0.36875 0.46875 0.396875 0.4375 0.4203125 0.42083333281249996 0.4328125 0.40208333281249997 0.434375 0.38125 0.440625 0.3791666671875 0.4453125 0.3604166671875 0.421875 0.3479166671875 0.4390625 0.36666666718749996 0.4265625 0.3729166671875 0.409375 0.35208333281250004 0.4125 0.3395833328125
1 0.525 0.4375 0.5109375 0.4291666671875 0.5 0.4291666671875 0.4671875 0.44166666718750003 0.453125 0.4583333328125 0.45 0.4916666671875 0.45625 0.5541666671875001 0.4671875 0.575 0.4796875 0.5833333328125 0.49375 0.5833333328125 0.503125 0.56875 0.5296875 0.5666666671875 0.5390625 0.5458333328125 0.525 0.4375
1 0.7171875 0.6770833328125 0.690625 0.6583333328125 0.6890625 0.6604166671875 0.69375 0.6895833328125 0.6828125 0.7083333328125 0.659375 0.7020833328125 0.646875 0.6729166671875 0.6421875 0.7 0.6515625 0.7291666671875 0.665625 0.7479166671875 0.6828125 0.7583333328124999 0.7078125 0.7625 0.728125 0.74375 0.734375 0.7145833328125 0.7171875 0.6770833328125
1 0.675 0.6458333328125 0.6515625 0.6416666671875 0.6484375 0.6416666671875 0.6453125 0.6458333328125 0.6546875 0.6479166671875001 0.6546875 0.6541666671875 0.6859375 0.6541666671875 0.675 0.6458333328125
1 0.646875 0.7916666671875 0.61875 0.7645833328125 0.609375 0.7645833328125 0.5828125 0.79375 0.571875 0.8395833328125001 0.584375 0.8958333328125001 0.6140625 0.9729166671874999 0.6234375 0.9895833328125001 0.6390625 0.9979166671874999 0.6703125 0.975 0.703125 0.9270833328125001 0.703125 0.91875 0.646875 0.7916666671875
1 0.440625 0.7208333328125 0.4078125 0.7020833328125 0.396875 0.7020833328125 0.3828125 0.7166666671875 0.3609375 0.75625 0.3546875 0.7770833328125 0.359375 0.78125 0.35625 0.8208333328125 0.309375 0.91875 0.3140625 0.9479166671874999 0.3453125 0.9791666671874999 0.365625 0.9645833328125001 0.4125 0.8895833328125 0.440625 0.8854166671874999 0.4703125 0.8479166671874999 0.4859375 0.8145833328125001 0.4859375 0.7916666671875 0.465625 0.7520833328125 0.440625 0.7208333328125
1 0.4734375 0.8979166671875 0.4484375 0.8833333328125 0.446875 0.8854166671874999 0.415625 0.8895833328125 0.40625 0.9020833328125001 0.4046875 0.9104166671874999 0.4109375 0.9208333328125 0.403125 0.9229166671875 0.378125 0.9979166671874999 0.48125 0.9979166671874999 0.4984375 0.9458333328125 0.4734375 0.8979166671875
1 0.525 0.8104166671874999 0.490625 0.8020833328125001 0.490625 0.8041666671875 0.4765625 0.8375 0.478125 0.8875 0.4859375 0.9166666671874999 0.50625 0.9479166671874999 0.5140625 0.9354166671874999 0.5265625 0.9333333328125001 0.5390625 0.9125 0.55625 0.9104166671874999 0.5625 0.8916666671875 0.5296875 0.8416666671874999 0.5328125 0.8229166671874999 0.525 0.8104166671874999
1 0.3 0.7395833328125 0.2828125 0.7104166671875001 0.2765625 0.7104166671875001 0.2359375 0.7416666671875001 0.2140625 0.7729166671875001 0.2171875 0.79375 0.2453125 0.85625 0.2578125 0.8625 0.2640625 0.8770833328125001 0.2859375 0.86875 0.321875 0.8291666671875 0.3078125 0.8104166671874999 0.3171875 0.75625 0.3109375 0.74375 0.3 0.7395833328125
1 0.1921875 0.6541666671875 0.1515625 0.64375 0.1453125 0.64375 0.128125 0.65625 0.121875 0.68125 0.1140625 0.725 0.115625 0.79375 0.1203125 0.8354166671875 0.1296875 0.8458333328125001 0.1671875 0.9270833328125001 0.1765625 0.9291666671875 0.1984375 0.8875 0.2171875 0.825 0.21875 0.80625 0.2125 0.79375 0.2125 0.7708333328125 0.2296875 0.7416666671875001 0.2296875 0.7020833328125 0.2265625 0.6854166671875 0.2140625 0.66875 0.2125 0.65 0.1921875 0.6541666671875
1 0.1953125 0.4770833328125 0.18125 0.46666666718750005 0.1703125 0.46666666718750005 0.15625 0.4791666671875 0.15 0.5020833328125 0.15 0.5520833328125 0.165625 0.6083333328125 0.175 0.6229166671875 0.1921875 0.6229166671875 0.2015625 0.5979166671875 0.2078125 0.59375 0.221875 0.6104166671875 0.2390625 0.675 0.2640625 0.6666666671875 0.28125 0.6458333328125 0.28125 0.6291666671875 0.25 0.58125 0.2078125 0.5375 0.1953125 0.4770833328125
1 0.3078125 0.5354166671875 0.2953125 0.5291666671875 0.29375 0.53125 0.28125 0.5333333328125 0.2828125 0.5416666671875 0.2765625 0.5541666671875001 0.26875 0.5479166671875 0.2640625 0.5604166671875 0.259375 0.5604166671875 0.25625 0.5541666671875001 0.259375 0.5916666671875 0.3 0.6354166671875 0.3359375 0.6854166671875 0.34375 0.6895833328125 0.359375 0.6833333328125 0.375 0.6625 0.375 0.6354166671875 0.3328125 0.5791666671875 0.3078125 0.5354166671875
1 0.284375 0.53125 0.265625 0.5125 0.259375 0.5125 0.2453125 0.5291666671875 0.2453125 0.5416666671875 0.25625 0.5666666671875 0.271875 0.5604166671875 0.284375 0.54375 0.284375 0.53125
1 0.3796875 0.4875 0.359375 0.4770833328125 0.3546875 0.4770833328125 0.3328125 0.48541666718750004 0.3265625 0.49375 0.31875 0.5145833328125 0.31875 0.53125 0.3453125 0.5729166671875 0.3609375 0.5854166671875001 0.3734375 0.5854166671875001 0.3859375 0.5770833328125 0.3953125 0.5604166671875 0.39375 0.525 0.3796875 0.4875
1 0.3078125 0.4458333328125 0.2921875 0.43125 0.290625 0.43333333281249997 0.2734375 0.4375 0.2625 0.45208333281249996 0.259375 0.47291666718750003 0.2921875 0.5208333328125 0.3125 0.53125 0.328125 0.48125 0.3078125 0.4458333328125
1 0.2734375 0.5 0.253125 0.4916666671875 0.25 0.4916666671875 0.2359375 0.5020833328125 0.2359375 0.51875 0.2421875 0.5520833328125 0.253125 0.5645833328125 0.2453125 0.5270833328125 0.253125 0.5166666671875 0.265625 0.5125 0.2796875 0.525 0.2890625 0.5208333328125 0.2765625 0.5104166671875 0.2734375 0.5
1 0.4203125 0.3625 0.390625 0.3333333328125 0.3875 0.3333333328125 0.3625 0.34375 0.346875 0.3791666671875 0.3109375 0.4125 0.3140625 0.43958333281249995 0.309375 0.4458333328125 0.3296875 0.4770833328125 0.3609375 0.47291666718750003 0.4328125 0.4 0.4328125 0.38333333281250004 0.4203125 0.3625