1 0.2541666671875 0.840625 0.2791666671875 0.78125 0.2791666671875 0.7546875 0.25625 0.74375 0.2375 0.74375 0.2125 0.73125 0.1895833328125 0.734375 0.16875 0.7546875 0.1416666671875 0.81875 0.1416666671875 0.8265625 0.14791666718750002 0.8453125 0.1708333328125 0.8578125 0.16875 0.8625 0.23958333281250002 0.8828125 0.225 0.8734375 0.2541666671875 0.840625
1 0.2270833328125 0.8703125 0.20208333281250002 0.86875 0.1583333328125 0.853125 0.1416666671875 0.8375 0.1395833328125 0.8140625 0.1145833328125 0.796875 0.0916666671875 0.8 0.08541666718749999 0.815625 0.0916666671875 0.8234375 0.0916666671875 0.8125 0.1145833328125 0.80625 0.12291666718750001 0.815625 0.1208333328125 0.834375 0.0791666671875 0.8328125 0.0625 0.84375 0.0625 0.853125 0.075 0.8640625 0.09375 0.8703125 0.1395833328125 0.8609375 0.2208333328125 0.88125 0.2479166671875 0.8828125 0.2270833328125 0.8703125
1 0.34375 0.453125 0.3333333328125 0.4390625 0.2708333328125 0.4234375 0.21458333281250003 0.4203125 0.2 0.4125 0.15625 0.4234375 0.14791666718750002 0.4328125 0.14791666718750002 0.440625 0.1625 0.4625 0.1895833328125 0.4859375 0.3 0.5125 0.3291666671875 0.509375 0.3395833328125 0.5 0.34375 0.453125
1 0.3145833328125 0.3984375 0.3395833328125 0.4 0.36875 0.390625 0.3916666671875 0.3609375 0.3854166671875 0.29375 0.33541666718749996 0.253125 0.3145833328125 0.253125 0.3125 0.2625 0.30416666718749996 0.2671875 0.30416666718749996 0.2921875 0.2916666671875 0.29375 0.2708333328125 0.2859375 0.2625 0.2625 0.24583333281250003 0.2484375 0.21875 0.2390625 0.19583333281249998 0.240625 0.16458333281249998 0.2515625 0.1416666671875 0.2671875 0.12291666718750001 0.303125 0.12291666718750001 0.3171875 0.13333333281249998 0.3421875 0.1708333328125 0.3609375 0.21458333281250003 0.3578125 0.2625 0.3390625 0.2833333328125 0.3828125 0.3145833328125 0.3984375
1 0.3083333328125 0.58125 0.3083333328125 0.5484375 0.3020833328125 0.5421875 0.3 0.521875 0.25833333281250004 0.5109375 0.20416666718749998 0.528125 0.20416666718749998 0.53671875 0.20833333281250002 0.584375 0.21458333281250003 0.5953125 0.2520833328125 0.596875 0.2645833328125 0.590625 0.2875 0.5921875 0.3083333328125 0.58125
1 0.34375 0.4484375 0.3291666671875 0.4375 0.2625 0.421875 0.2166666671875 0.4203125 0.2 0.4125 0.1854166671875 0.4125 0.1541666671875 0.4234375 0.14791666718750002 0.434375 0.1458333328125 0.4359375 0.15 0.4515625 0.1916666671875 0.4875 0.2979166671875 0.5125 0.325 0.5109375 0.3416666671875 0.496875 0.34375 0.4484375
1 0.5291666671875 0.59375 0.5416666671875 0.5796875 0.5416666671875 0.5625 0.525 0.546875 0.45416666718750004 0.521875 0.4166666671875 0.5265625 0.39375 0.5390625 0.3895833328125 0.5484375 0.3895833328125 0.5515625 0.40625 0.578125 0.4291666671875 0.590625 0.4604166671875 0.590625 0.49375 0.6 0.5125 0.6 0.5291666671875 0.59375
1 0.5208333328125 0.4515625 0.47083333281249995 0.4546875 0.45416666718750004 0.4671875 0.43541666718750005 0.5140625 0.43541666718750005 0.5171875 0.5104166671875 0.5390625 0.5604166671875 0.5375 0.56875 0.5203125 0.5708333328124999 0.4671875 0.55625 0.45625 0.5208333328125 0.4515625
1 0.6854166671875 0.5609375 0.7104166671875001 0.540625 0.71875 0.5109375 0.7083333328125 0.49375 0.6916666671875 0.4828125 0.6520833328125 0.478125 0.6291666671875 0.484375 0.6145833328125 0.4953125 0.6041666671875 0.5171875 0.6041666671875 0.5234375 0.61875 0.5484375 0.6541666671875 0.5640625 0.6729166671875 0.5859375 0.68125 0.5859375 0.6875 0.5796875 0.6854166671875 0.5609375
1 0.725 0.7828125 0.7479166671875 0.7328125 0.7583333328124999 0.628125 0.7541666671875 0.5859375 0.6958333328124999 0.5796875 0.6833333328125 0.5875 0.6520833328125 0.7078125 0.6520833328125 0.7158859375 0.65625 0.81875 0.675 0.834375 0.6895833328125 0.834375 0.7041666671875 0.8296875 0.7166666671875 0.8171875 0.725 0.7828125
1 0.925 0.3875 0.95 0.3609375 0.9520833328125 0.3078125 0.9354166671874999 0.2796875 0.9270833328125001 0.275 0.8645833328125001 0.2671875 0.8354166671875 0.2703125 0.825 0.28125 0.8145833328125001 0.31875 0.8291666671875 0.365625 0.8208333328125 0.3703125 0.7979166671875 0.3703125 0.7895833328124999 0.378125 0.7895833328124999 0.3859375 0.7979166671875 0.396875 0.8166666671874999 0.403125 0.8458333328125001 0.3890625 0.8708333328125001 0.3953125 0.9 0.3953125 0.925 0.3875
1 0.7458333328125 0.74375 0.7729166671875001 0.740625 0.7854166671875 0.71875 0.7875 0.6625 0.7583333328124999 0.6421875 0.7458333328125 0.7359375 0.7458333328125 0.74375
1 0.9604166671875 0.565625 0.9854166671875 0.5296875 0.9979166671874999 0.5078125 0.9979166671874999 0.48125 0.9875 0.4625 0.95625 0.465625 0.9375 0.4765625 0.9125 0.4765625 0.8708333328125001 0.4625 0.8375 0.459375 0.8208333328125 0.471875 0.8104166671874999 0.49375 0.8104166671874999 0.4984375 0.8208333328125 0.5109375 0.88125 0.5328125 0.8895833328125 0.5453125 0.91875 0.565625 0.94375 0.575 0.9604166671875 0.565625
1 0.94375 0.4328125 0.9291666671875 0.44375 0.9291666671875 0.4484375 0.9354166671874999 0.45625 0.9604166671875 0.4671875 0.9895833328125001 0.4640625 0.9979166671874999 0.46875 0.9958333328125001 0.4359375 0.94375 0.4328125
1 0.9375 0.6375 0.9208333328125 0.659375 0.9208333328125 0.6625 0.9291666671875 0.6796875 0.9541666671875 0.7015625 0.975 0.7109375 0.9979166671874999 0.7140625 0.9979166671874999 0.6359375 0.9375 0.6375
1 0.9708333328125001 0.7203125 0.9583333328125001 0.7125 0.9416666671874999 0.7125 0.9208333328125 0.7203125 0.9208333328125 0.7328125 0.9520833328125 0.7890625 0.9604166671875 0.7953125 0.9895833328125001 0.7921875 0.9958333328125001 0.7875 0.99375 0.76875 0.9708333328125001 0.7203125
1 0.8208333328125 0.928125 0.9666666671874999 0.865625 0.9708333328125001 0.8546875 0.9479166671874999 0.8296875 0.9020833328125001 0.8421875 0.8833333328125 0.828125 0.8645833328125001 0.828125 0.7729166671875001 0.8515625 0.6854166671875 0.8484375 0.65 0.8609375 0.6375 0.8796875 0.6375 0.8885421875 0.6458333328125 0.9296875 0.6708333328125 0.9671875 0.69375 0.984375 0.7291666671875 0.990625 0.76875 0.9796875 0.8208333328125 0.928125
1 0.9145833328125 0.7796875 0.8979166671875 0.7734375 0.775 0.81875 0.76875 0.8421875 0.76875 0.84375 0.7854166671875 0.846875 0.86875 0.825 0.8854166671874999 0.828125 0.9270833328125001 0.8109375 0.93125 0.8015625 0.9145833328125 0.7796875
1 0.6541666671875 0.3796875 0.61875 0.3859375 0.59375 0.4078125 0.59375 0.4203125 0.6208333328125 0.44375 0.6770833328125 0.4328125 0.6833333328125 0.4234375 0.6770833328125 0.396875 0.6708333328125 0.3875 0.6541666671875 0.3796875
1 0.43333333281249997 0.4546875 0.45416666718750004 0.4484375 0.4625 0.4328125 0.4583333328125 0.4046875 0.4479166671875 0.3921875 0.4270833328125 0.38125 0.3875 0.384375 0.3729166671875 0.39375 0.3625 0.4109375 0.3625 0.425 0.3708333328125 0.4390625 0.4 0.453125 0.4 0.4671875 0.40833333281249995 0.4734375 0.41875 0.471875 0.43333333281249997 0.4546875
1 0.575 0.2953125 0.5625 0.2875 0.5354166671875 0.284375 0.5104166671875 0.2703125 0.4625 0.265625 0.4479166671875 0.2703125 0.4479166671875 0.2828125 0.4145833328125 0.2953125 0.40416666718750005 0.3078125 0.40416666718750005 0.315625 0.42291666718750004 0.33125 0.45 0.3375 0.45 0.35 0.5416666671875 0.3578125 0.56875 0.3171875 0.575 0.2953125