1 0 0.2875 0.025 0.33125 0.08125 0.40625 0.11875 0.43958333281249995 0.15625 0.4125 0.19375 0.46875 0.2234375 0.48125 0.2421875 0.47291666718750003 0.3296875 0.40416666718750005 0.35625 0.375 0.353125 0.35625 0.3328125 0.3270833328125 0.3203125 0.3291666671875 0.2640625 0.36666666718749996 0.253125 0.3604166671875 0.3140625 0.3083333328125 0.3125 0.29375 0.2921875 0.2645833328125 0.275 0.2666666671875 0.2203125 0.30625 0.215625 0.3270833328125 0.203125 0.3166666671875 0.203125 0.2875 0.3015625 0.1729166671875 0.2828125 0.125 0.2546875 0.08333333281250001 0.24375 0.0791666671875 0.234375 0.0791666671875 0.128125 0.1625 0.0234375 0.175 0 0.19375 0 0.2875
1 0.4421875 0.2 0.4625 0.23333333281250002 0.4890625 0.24583333281250003 0.515625 0.2479166671875 0.5328125 0.2416666671875 0.553125 0.22291666718749997 0.5578125 0.20625 0.553125 0.1729166671875 0.5640625 0.1520833328125 0.5640625 0.1416666671875 0.5609375 0.13333333281249998 0.5484375 0.13125 0.5390625 0.11041666718750001 0.528125 0.1020833328125 0.51875 0.1020833328125 0.496875 0.11041666718750001 0.4859375 0.1375 0.4421875 0.1604166671875 0.4421875 0.2
1 0.55 0.3541666671875 0.55 0.40416666718750005 0.5609375 0.4166666671875 0.58125 0.41875 0.5875 0.41041666718750003 0.6125 0.3416666671875 0.6296875 0.275 0.63125 0.22291666718749997 0.6390625 0.19583333281249998 0.634375 0.18125 0.6265625 0.18125 0.6015625 0.22291666718749997 0.5765625 0.2520833328125 0.565625 0.2770833328125 0.55 0.3541666671875
1 0.44375 0.46875 0.434375 0.48333333281249996 0.4234375 0.6375 0.4296875 0.6520833328125 0.478125 0.675 0.5125 0.6833333328125 0.5359375 0.68125 0.54375 0.6729166671875 0.5484375 0.6541666671875 0.546875 0.4770833328125 0.540625 0.45208333281249996 0.5244796875 0.42638958281250006 0.50625 0.40625 0.4859375 0.3958333328125 0.4765625 0.3958333328125 0.4671875 0.4 0.45 0.4291666671875 0.4421875 0.45 0.44375 0.46875
1 0.546875 0.8541666671874999 0.5484375 0.8895833328125 0.5609375 0.9229166671875 0.59375 0.9520833328125 0.6203125 0.9604166671875 0.6453125 0.9604166671875 0.678125 0.9416666671874999 0.6953125 0.9166666671874999 0.7046875 0.88125 0.7 0.8166666671874999 0.6875 0.7854166671875 0.6703125 0.7604166671875 0.6734375 0.7229166671875 0.6546875 0.70625 0.646875 0.70625 0.6296875 0.7416666671875001 0.6 0.75 0.565625 0.7833333328125 0.546875 0.8541666671874999
1 0.7890625 0.7083333328125 0.8015625 0.7083333328125 0.8171875 0.6770833328125 0.81875 0.6541666671875 0.825 0.6458333328125 0.84375 0.6395833328125 0.859375 0.6145833328125 0.8578125 0.5833333328125 0.8375 0.5645833328125 0.828125 0.5645833328125 0.7765625 0.5708333328124999 0.75 0.6041666671875 0.7515625 0.6541666671875 0.7890625 0.7083333328125
1 0.596875 0.5270833328125 0.590625 0.5375 0.5921875 0.5583333328125 0.6171875 0.5875 0.6203125 0.6104166671875 0.6125 0.6291666671875 0.596875 0.6395833328125 0.5953125 0.6604166671875 0.6125 0.68125 0.6265625 0.6791666671875001 0.646875 0.6604166671875 0.65625 0.68125 0.66875 0.6854166671875 0.678125 0.675 0.684375 0.6333333328124999 0.6765625 0.6 0.6734375 0.5541666671875001 0.6921875 0.53125 0.6984375 0.47291666718750003 0.675 0.44166666718750003 0.65 0.43541666718750005 0.6296875 0.4145833328125 0.6234375 0.4145833328125 0.6140625 0.43333333281249997 0.6078125 0.4916666671875 0.6109375 0.5208333328125 0.596875 0.5270833328125
1 0.2609375 0.9854166671875 0.2640625 0.9979166671874999 0.403125 0.9979166671874999 0.44375 0.9270833328125001 0.4453125 0.8958333328125001 0.3875 0.825 0.328125 0.775 0.315625 0.775 0.234375 0.9083333328125001 0.228125 0.9229166671875 0.2296875 0.94375 0.2609375 0.9854166671875
1 0.0390625 0.7979166671875 0.0765625 0.7979166671875 0.125 0.78125 0.15625 0.7583333328124999 0.1859375 0.725 0.2140625 0.6729166671875 0.221875 0.6458333328125 0.225 0.6020833328124999 0.21875 0.5604166671875 0.2078125 0.5291666671875 0.1734375 0.48333333281249996 0.1578125 0.47083333281249995 0.1140625 0.45416666718750004 0.1046875 0.45416666718750004 0.0484375 0.4604166671875 0 0.4895833328125 0.003125 0.7875 0.0390625 0.7979166671875
1 0 0.9979166671874999 0.046875 0.9979166671874999 0.046875 0.9479166671874999 0.0296875 0.9083333328125001 0.03125 0.8791666671874999 0.040625 0.8583333328125 0.0453125 0.8270833328125 0.028125 0.80625 0.0140625 0.80625 0 0.8145833328125001 0 0.9979166671874999
1 0.753125 0.825 0.7171875 0.9979166671874999 0.990625 0.9979166671874999 0.9984375 0.95 0.975 0.9375 0.9984375 0.9333333328125001 0.990625 0.9041666671874999 0.9984375 0.8958333328125001 0.9984375 0.8666666671875 0.9828125 0.8354166671875 0.978125 0.8125 0.95 0.7895833328124999 0.9296875 0.7895833328124999 0.90625 0.7666666671875 0.878125 0.7604166671875 0.8671875 0.7416666671875001 0.85625 0.7354166671875 0.81875 0.7291666671875 0.809375 0.7291666671875 0.790625 0.73125 0.7671875 0.7625 0.765625 0.7895833328124999 0.753125 0.825