1 0 0.6984375 0.07291666718749999 0.725 0.10625 0.7296875 0.2625 0.6484375 0.2916666671875 0.6 0.2916666671875 0.584375 0.18125 0.5453125 0.14791666718750002 0.5390625 0.0895833328125 0.515625 0.05 0.5140625 0 0.5203125 0 0.5284093750000001 0 0.6984375
1 0.43333333281249997 0.9140625 0.40833333281249995 0.9125 0.43958333281249995 0.8796875 0.49375 0.8796875 0.5291666671875 0.865625 0.5520833328125 0.8390625 0.5541666671875001 0.8046875 0.5270833328125 0.759375 0.5895833328125 0.6765625 0.5916666671875 0.665625 0.58125 0.6546875 0.5895833328125 0.640625 0.5833333328125 0.6234375 0.55625 0.6171875 0.53125 0.634375 0.5 0.6296875 0.48125 0.65 0.46666666718750005 0.6921875 0.42083333281249996 0.728125 0.3958333328125 0.7296875 0.36666666718749996 0.7390625 0.3395833328125 0.7625 0.33125 0.784375 0.33125 0.7953125 0.34375 0.828125 0.375 0.85625 0.34375 0.9203125 0.3604166671875 0.9375 0.38333333281250004 0.9359375 0.41041666718750003 0.91875 0.43333333281249997 0.9203125 0.43333333281249997 0.9140625
1 0.8020833328125001 1 0.81875 0.959375 0.8125 0.9109375 0.7791666671875 0.86875 0.7333333328125 0.8421875 0.6854166671875 0.828125 0.6229166671875 0.828125 0.56875 0.846875 0.5291666671875 0.8765625 0.50625 0.9203125 0.50625 0.928515625 0.5083333328124999 0.9625 0.5291666671875 1 0.8020833328125001 1
1 0.825 0.5328125 0.8083333328125001 0.50625 0.7791666671875 0.4875 0.75 0.48125 0.7125 0.484375 0.68125 0.496875 0.6645833328124999 0.5109375 0.6520833328125 0.5390625 0.6520833328125 0.546875 0.6666666671875 0.584375 0.7 0.60625 0.7354166671875 0.6140625 0.76875 0.6109375 0.79375 0.6015625 0.8145833328125001 0.584375 0.8270833328125 0.5609375 0.825 0.5328125
1 0.6041666671875 0.5265625 0.6458333328125 0.496875 0.6479166671875001 0.4765625 0.6229166671875 0.4265625 0.60625 0.4109375 0.59375 0.4078125 0.5270833328125 0.4421875 0.45 0.446875 0.43541666718750005 0.4515625 0.39791666718749996 0.4703125 0.38333333281250004 0.4890625 0.38333333281250004 0.49895781250000004 0.3854166671875 0.525 0.40625 0.5609375 0.43541666718750005 0.5703125 0.48541666718750004 0.56875 0.5041666671875 0.55625 0.5375 0.55 0.5729166671875 0.5328125 0.6041666671875 0.5265625
1 0.6270833328125 0.3421875 0.6229166671875 0.303125 0.5979166671875 0.2640625 0.5604166671875 0.2375 0.50625 0.221875 0.44166666718750003 0.225 0.4125 0.234375 0.3791666671875 0.253125 0.3458333328125 0.290625 0.3333333328125 0.325 0.3333333328125 0.3333328125 0.34375 0.3796875 0.36666666718749996 0.4078125 0.40625 0.4328125 0.4583333328125 0.4453125 0.5125 0.44375 0.5770833328125 0.4171875 0.6104166671875 0.3859375 0.6270833328125 0.3421875
1 0.7541666671875 0.19375 0.7625 0.1859375 0.8166666671874999 0.1625 0.83125 0.1484375 0.8479166671874999 0.1171875 0.84375 0.0890625 0.8291666671875 0.0671875 0.7958333328125 0.046875 0.7666666671875 0.040625 0.7270833328124999 0.04375 0.7 0.0546875 0.675 0.075 0.6604166671875 0.1046875 0.6604166671875 0.1130203125 0.6604166671875 0.1296875 0.675 0.1578125 0.7166666671875 0.1890625 0.7166666671875 0.221875 0.7229166671875 0.2265625 0.7354166671875 0.2265625 0.7458333328125 0.2203125 0.7541666671875 0.19375
1 0.7 0.25 0.6854166671875 0.259375 0.6666666671875 0.2859375 0.6666666671875 0.3046875 0.6666666671875 0.3109375 0.6729166671875 0.3171875 0.6895833328125 0.315625 0.7 0.325 0.7395833328125 0.3109375 0.7645833328125 0.290625 0.7645833328125 0.2625 0.7333333328125 0.246875 0.7 0.25
1 0.9145833328125 0.46875 0.95 0.4671875 0.9979166671874999 0.45625 0.9979166671874999 0.3265625 0.9416666671874999 0.3078125 0.9166666671874999 0.309375 0.8854166671874999 0.31875 0.81875 0.3546875 0.7895833328124999 0.403125 0.76875 0.409375 0.7333333328125 0.4078125 0.7208333328125 0.4234375 0.7208333328125 0.428125 0.73125 0.4515625 0.75 0.4625 0.7666666671875 0.459375 0.7854166671875 0.44375 0.8041666671875 0.440625 0.8145833328125001 0.440625 0.86875 0.4640625 0.9145833328125 0.46875
1 0.7395833328125 0.6171875 0.6770833328125 0.609375 0.65625 0.6 0.6416666671875 0.6 0.6270833328125 0.6078125 0.6208333328125 0.640625 0.6208333328125 0.6489578125000001 0.6270833328125 0.678125 0.6541666671875 0.6921875 0.7208333328125 0.684375 0.7458333328125 0.6703125 0.7541666671875 0.65625 0.7520833328125 0.6453125 0.7395833328125 0.6359375 0.7395833328125 0.6171875
1 0.2104166671875 0.5359375 0.2416666671875 0.5375 0.2479166671875 0.5328125 0.24583333281250003 0.503125 0.2625 0.49375 0.2666666671875 0.478125 0.25833333281250004 0.4671875 0.2208333328125 0.4515625 0.2 0.434375 0.2 0.4265625 0.2125 0.4234375 0.22291666718749997 0.4125 0.2166666671875 0.3984375 0.20625 0.3921875 0.17916666718750002 0.3890625 0.1375 0.409375 0.1166666671875 0.4 0.0979166671875 0.403125 0.0979166671875 0.4078125 0.1375 0.4625 0.13125 0.478125 0.1166666671875 0.490625 0.1166666671875 0.5015625 0.13333333281249998 0.5140625 0.14375 0.53125 0.16875 0.5421875 0.2104166671875 0.5359375