1 0.6 0.6291666671875 0.6296875 0.6354166671875 0.6515625 0.625 0.675 0.6479166671875001 0.734375 0.6583333328125 0.771875 0.6354166671875 0.7734375 0.6291666671875 0.771875 0.5958333328125 0.7796875 0.56875 0.7796875 0.53125 0.771875 0.5104166671875 0.7703125 0.4791666671875 0.759375 0.4625 0.7703125 0.45 0.7703125 0.40833333281249995 0.778125 0.3875 0.7765625 0.3604166671875 0.7625 0.3104166671875 0.71875 0.29375 0.703125 0.2979166671875 0.6921875 0.2854166671875 0.653125 0.2708333328125 0.640625 0.2708333328125 0.628125 0.2875 0.60625 0.35208333281250004 0.596875 0.6229166671875 0.6 0.6291666671875
1 0.5984375 0.8604166671875 0.603125 0.8583333328125 0.625 0.8854166671874999 0.709375 0.8020833328125001 0.7234375 0.78125 0.709375 0.7416666671875001 0.6515625 0.6291666671875 0.64375 0.6291666671875 0.5453125 0.7166666671875 0.5609375 0.7666666671875 0.6 0.8479166671874999 0.5984375 0.8604166671875
1 0.696875 0.7145833328125 0.7046875 0.73125 0.715625 0.7354166671875 0.7265625 0.7791666671875 0.7109375 0.8020833328125001 0.7171875 0.8083333328125001 0.753125 0.7958333328125 0.784375 0.8020833328125001 0.796875 0.81875 0.8109375 0.81875 0.8359375 0.7958333328125 0.85 0.75625 0.8890625 0.7354166671875 0.8890625 0.7229166671875 0.884375 0.71875 0.8515625 0.71875 0.8328125 0.7104166671875001 0.8328125 0.6875 0.828125 0.6791666671875001 0.8 0.68125 0.78125 0.66875 0.75625 0.6625 0.746875 0.6625 0.725 0.6854166671875 0.7046875 0.6875 0.696875 0.7 0.696875 0.7145833328125
1 0.471875 0.9770833328125 0.4703125 0.9479166671874999 0.428125 0.8 0.4203125 0.8 0.3296875 0.85 0.36875 0.9979166671874999 0.44375 0.9979166671874999 0.471875 0.9770833328125
1 0.553125 0.9979166671874999 0.5515625 0.9708333328125001 0.53125 0.95 0.5140625 0.94375 0.5046875 0.94375 0.4875 0.9458333328125 0.475 0.9604166671875 0.4796875 0.9979166671874999 0.553125 0.9979166671874999
1 0.3859375 0.40833333281249995 0.3734375 0.46458333281249997 0.359375 0.5041666671875 0.34375 0.5270833328125 0.3375 0.5625 0.3453125 0.6104166671875 0.365625 0.6354166671875 0.38125 0.64375 0.403125 0.64375 0.4203125 0.6354166671875 0.440625 0.6145833328125 0.4640625 0.5645833328125 0.5109375 0.5166666671875 0.5234375 0.46875 0.5234375 0.44166666718750003 0.5171875 0.42083333281249996 0.5203125 0.38333333281250004 0.5125 0.3604166671875 0.4921875 0.34375 0.4828125 0.34375 0.4734375 0.34375 0.45 0.3625 0.4140625 0.3729166671875 0.3859375 0.40833333281249995
1 0.1609375 0.3479166671875 0.1734375 0.375 0.1953125 0.40416666718750005 0.2390625 0.45 0.240625 0.4770833328125 0.2515625 0.5020833328125 0.25 0.5333333328125 0.25625 0.55 0.278125 0.5770833328125 0.2984375 0.5791666671875 0.3203125 0.5604166671875 0.33125 0.53125 0.3671875 0.475 0.3796875 0.4166666671875 0.390625 0.39375 0.421875 0.3583333328125 0.4515625 0.35625 0.4515625 0.35 0.4203125 0.3125 0.4109375 0.2916666671875 0.3875 0.275 0.3484375 0.2833333328125 0.3453125 0.3166666671875 0.35 0.3166666671875 0.35 0.3333333328125 0.3453125 0.3395833328125 0.3515625 0.34375 0.3421875 0.3479166671875 0.309375 0.3166666671875 0.2890625 0.3104166671875 0.25625 0.27291666718749996 0.2296875 0.25625 0.215625 0.25625 0.1953125 0.26875 0.171875 0.3 0.1609375 0.3229166671875 0.1609375 0.3479166671875
1 0.28125 0.2958333328125 0.3234375 0.3270833328125 0.3359375 0.3229166671875 0.3453125 0.28125 0.3609375 0.2625 0.3796875 0.1833333328125 0.3734375 0.1458333328125 0.35625 0.125 0.3375 0.1166666671875 0.3296875 0.1166666671875 0.30625 0.12291666718750001 0.2921875 0.1416666671875 0.2734375 0.275 0.28125 0.2958333328125
1 0.1203125 0.15 0.0953125 0.20833333281250002 0.13125 0.25625 0.1734375 0.2770833328125 0.184375 0.2770833328125 0.21875 0.2520833328125 0.2296875 0.2520833328125 0.2484375 0.2645833328125 0.26875 0.2520833328125 0.2765625 0.23958333281250002 0.290625 0.1395833328125 0.28125 0.11041666718750001 0.2640625 0.08541666718749999 0.2296875 0.058333332812500006 0.2015625 0.0479166671875 0.1921875 0.0479166671875 0.1421875 0.054166667187499996 0.1046875 0.08333333281250001 0.1171875 0.11041666718750001 0.1203125 0.15
1 0.4125 0.2854166671875 0.4484375 0.33125 0.4546875 0.3479166671875 0.4734375 0.3395833328125 0.5078125 0.34375 0.5375 0.2979166671875 0.5859375 0.23958333281250002 0.6171875 0.1833333328125 0.6234375 0.1604166671875 0.6171875 0.11041666718750001 0.5890625 0.0625 0.5484375 0.03125 0.5140625 0.03125 0.5125 0.029166667187500002 0.478125 0.0458333328125 0.46875 0.060416667187499995 0.4125 0.25 0.4125 0.2854166671875
1 0.6265625 0.1666666671875 0.609375 0.20416666718749998 0.609375 0.21458333281250003 0.5953125 0.2270833328125 0.596875 0.23541666718749998 0.55625 0.275 0.5078125 0.3458333328125 0.5234375 0.3770833328125 0.525 0.4270833328125 0.584375 0.36666666718749996 0.640625 0.26875 0.6703125 0.2625 0.7171875 0.20833333281250002 0.7234375 0.19583333281249998 0.7234375 0.18125 0.7015625 0.1458333328125 0.6984375 0.1458333328125 0.68125 0.1625 0.6625 0.1708333328125 0.64375 0.1541666671875 0.6265625 0.1666666671875
1 0.6203125 0.9729166671874999 0.6234375 0.9916666671875 0.6265625 0.9979166671874999 0.9984375 0.9979166671874999 0.9984375 0.8270833328125 0.990625 0.8270833328125 0.796875 0.8520833328125 0.696875 0.9083333328125001 0.6359375 0.9520833328125 0.6203125 0.9729166671874999
1 0.4625 0.5791666671875 0.4875 0.6 0.5125 0.6020833328124999 0.525 0.59375 0.5296875 0.5625 0.5265625 0.5354166671875 0.5453125 0.51875 0.5546875 0.4895833328125 0.5484375 0.4583333328125 0.5328125 0.44166666718750003 0.525 0.44166666718750003 0.5203125 0.4916666671875 0.5125 0.5145833328125 0.4625 0.5708333328124999 0.4625 0.5791666671875