1 0 0.80625 0.0234375 0.825 0.128125 0.8375 0.234375 0.9208333328125 0.24375 0.9208333328125 0.2546875 0.9166666671874999 0.2828125 0.875 0.3015625 0.8270833328125 0.203125 0.7125 0.203125 0.6833333328125 0.215625 0.6729166671875 0.2203125 0.69375 0.275 0.7333333328125 0.2921875 0.7354166671875 0.3125 0.70625 0.3140625 0.6916666671875 0.253125 0.6395833328125 0.2640625 0.6333333328124999 0.3203125 0.6708333328125 0.3328125 0.6729166671875 0.353125 0.64375 0.35625 0.625 0.3296875 0.5958333328125 0.2421875 0.5270833328125 0.2234375 0.51875 0.19375 0.53125 0.15625 0.5875 0.11875 0.5604166671875 0.08125 0.59375 0.025 0.66875 0 0.7125 0 0.80625
1 0.496875 0.8895833328125 0.51875 0.8979166671875 0.528125 0.8979166671875 0.5390625 0.8895833328125 0.5484375 0.86875 0.5609375 0.8666666671875 0.5640625 0.8583333328125 0.5640625 0.8479166671874999 0.553125 0.8270833328125 0.5578125 0.79375 0.553125 0.7770833328125 0.5328125 0.7583333328124999 0.515625 0.7520833328125 0.4890625 0.7541666671875 0.4625 0.7666666671875 0.4421875 0.8 0.4421875 0.8395833328125001 0.4859375 0.8625 0.496875 0.8895833328125
1 0.6015625 0.7770833328125 0.6265625 0.81875 0.634375 0.81875 0.6390625 0.8041666671875 0.63125 0.7770833328125 0.6296875 0.725 0.6125 0.6583333328125 0.5875 0.5895833328125 0.58125 0.58125 0.5609375 0.5833333328125 0.55 0.5958333328125 0.55 0.6458333328125 0.565625 0.7229166671875 0.5765625 0.7479166671875 0.6015625 0.7770833328125
1 0.4671875 0.6 0.4765625 0.6041666671875 0.4859375 0.6041666671875 0.50625 0.59375 0.5244796875 0.5736104171874999 0.540625 0.5479166671875 0.546875 0.5229166671875001 0.5484375 0.3458333328125 0.54375 0.3270833328125 0.5359375 0.31875 0.5125 0.3166666671875 0.478125 0.325 0.4296875 0.3479166671875 0.4234375 0.3625 0.434375 0.5166666671875 0.44375 0.53125 0.4421875 0.55 0.45 0.5708333328124999 0.4671875 0.6
1 0.6296875 0.25833333281250004 0.646875 0.29375 0.6546875 0.29375 0.6734375 0.2770833328125 0.6703125 0.23958333281250002 0.6875 0.21458333281250003 0.7 0.1833333328125 0.7046875 0.11875 0.6953125 0.08333333281250001 0.678125 0.058333332812500006 0.6453125 0.0395833328125 0.6203125 0.0395833328125 0.59375 0.0479166671875 0.5609375 0.0770833328125 0.5484375 0.11041666718750001 0.546875 0.1458333328125 0.565625 0.2166666671875 0.6 0.25 0.6296875 0.25833333281250004
1 0.7765625 0.4291666671875 0.828125 0.43541666718750005 0.8375 0.43541666718750005 0.8578125 0.4166666671875 0.859375 0.3854166671875 0.84375 0.3604166671875 0.825 0.3541666671875 0.81875 0.3458333328125 0.8171875 0.3229166671875 0.8015625 0.2916666671875 0.7890625 0.2916666671875 0.7515625 0.3458333328125 0.75 0.3958333328125 0.7765625 0.4291666671875
1 0.6140625 0.5666666671875 0.6234375 0.5854166671875001 0.6296875 0.5854166671875001 0.65 0.5645833328125 0.675 0.5583333328125 0.6984375 0.5270833328125 0.6921875 0.46875 0.6734375 0.4458333328125 0.6765625 0.4 0.684375 0.36666666718749996 0.678125 0.325 0.66875 0.3145833328125 0.65625 0.31875 0.646875 0.3395833328125 0.6265625 0.32083333281250004 0.6125 0.31875 0.5953125 0.3395833328125 0.596875 0.3604166671875 0.6125 0.3708333328125 0.6203125 0.3895833328125 0.6171875 0.4125 0.5921875 0.44166666718750003 0.590625 0.4625 0.596875 0.47291666718750003 0.6109375 0.4791666671875 0.6078125 0.5083333328124999 0.6140625 0.5666666671875
1 0.234375 0.0916666671875 0.315625 0.225 0.328125 0.225 0.3875 0.175 0.4453125 0.1041666671875 0.44375 0.07291666718749999 0.403125 0.0020833328125000002 0.2640625 0.0020833328125000002 0.2609375 0.014583332812499999 0.2296875 0.05625 0.228125 0.0770833328125 0.234375 0.0916666671875
1 0.0484375 0.5395833328124999 0.1046875 0.5458333328125 0.1140625 0.5458333328125 0.1578125 0.5291666671875 0.1734375 0.5166666671875 0.2078125 0.47083333281249995 0.21875 0.43958333281249995 0.225 0.39791666718749996 0.221875 0.3541666671875 0.2140625 0.3270833328125 0.1859375 0.275 0.15625 0.2416666671875 0.125 0.21875 0.0765625 0.20208333281250002 0.0390625 0.20208333281250002 0.003125 0.2125 0 0.5104166671875 0.0484375 0.5395833328124999
1 0 0.1854166671875 0.0140625 0.19375 0.028125 0.19375 0.0453125 0.1729166671875 0.040625 0.1416666671875 0.03125 0.1208333328125 0.0296875 0.0916666671875 0.046875 0.05208333281250001 0.046875 0.0020833328125000002 0 0.0020833328125000002 0 0.1854166671875
1 0.790625 0.26875 0.809375 0.2708333328125 0.81875 0.2708333328125 0.85625 0.2645833328125 0.8671875 0.25833333281250004 0.878125 0.23958333281250002 0.90625 0.23333333281250002 0.9296875 0.2104166671875 0.95 0.2104166671875 0.978125 0.1875 0.9828125 0.16458333281249998 0.9984375 0.13333333281249998 0.9984375 0.1041666671875 0.990625 0.0958333328125 0.9984375 0.0666666671875 0.975 0.0625 0.9984375 0.05 0.990625 0.0020833328125000002 0.7171875 0.0020833328125000002 0.753125 0.175 0.765625 0.2104166671875 0.7671875 0.2375 0.790625 0.26875