1 0.3015625 0 0.275 0.07291666718749999 0.2703125 0.10625 0.3515625 0.2625 0.4 0.2916666671875 0.415625 0.2916666671875 0.4546875 0.18125 0.4609375 0.14791666718750002 0.484375 0.0895833328125 0.4859375 0.05 0.4796875 0 0.471590625 0 0.3015625 0
1 0.0625 0.3604166671875 0.0640625 0.38333333281250004 0.08125 0.41041666718750003 0.0796875 0.43333333281249997 0.0859375 0.43333333281249997 0.0875 0.40833333281249995 0.1203125 0.43958333281249995 0.1203125 0.49375 0.134375 0.5291666671875 0.1609375 0.5520833328125 0.1953125 0.5541666671875001 0.240625 0.5270833328125 0.3234375 0.5895833328125 0.334375 0.5916666671875 0.3453125 0.58125 0.359375 0.5895833328125 0.3765625 0.5833333328125 0.3828125 0.55625 0.365625 0.53125 0.3703125 0.5 0.35 0.48125 0.3078125 0.46666666718750005 0.271875 0.42083333281249996 0.2703125 0.3958333328125 0.2609375 0.36666666718749996 0.2375 0.3395833328125 0.215625 0.33125 0.2046875 0.33125 0.171875 0.34375 0.14375 0.375 0.0796875 0.34375 0.0625 0.3604166671875
1 0 0.8020833328125001 0.040625 0.81875 0.0890625 0.8125 0.13125 0.7791666671875 0.1578125 0.7333333328125 0.171875 0.6854166671875 0.171875 0.6229166671875 0.153125 0.56875 0.1234375 0.5291666671875 0.0796875 0.50625 0.071484375 0.50625 0.0375 0.5083333328124999 0 0.5291666671875 0 0.8020833328125001
1 0.3890625 0.76875 0.3984375 0.79375 0.415625 0.8145833328125001 0.4390625 0.8270833328125 0.4671875 0.825 0.49375 0.8083333328125001 0.5125 0.7791666671875 0.51875 0.75 0.515625 0.7125 0.503125 0.68125 0.4890625 0.6645833328124999 0.4609375 0.6520833328125 0.453125 0.6520833328125 0.415625 0.6666666671875 0.39375 0.7 0.3859375 0.7354166671875 0.3890625 0.76875
1 0.43125 0.48541666718750004 0.44375 0.5041666671875 0.45 0.5375 0.4671875 0.5729166671875 0.4734375 0.6041666671875 0.503125 0.6458333328125 0.5234375 0.6479166671875001 0.5734375 0.6229166671875 0.5890625 0.60625 0.5921875 0.59375 0.5578125 0.5270833328125 0.553125 0.45 0.5484375 0.43541666718750005 0.5296875 0.39791666718749996 0.5109375 0.38333333281250004 0.5010421875 0.38333333281250004 0.475 0.3854166671875 0.4390625 0.40625 0.4296875 0.43541666718750005 0.43125 0.48541666718750004
1 0.5546875 0.4583333328125 0.55625 0.5125 0.5828125 0.5770833328125 0.6140625 0.6104166671875 0.6578125 0.6270833328125 0.696875 0.6229166671875 0.7359375 0.5979166671875 0.7625 0.5604166671875 0.778125 0.50625 0.775 0.44166666718750003 0.765625 0.4125 0.746875 0.3791666671875 0.709375 0.3458333328125 0.675 0.3333333328125 0.6666671875 0.3333333328125 0.6203125 0.34375 0.5921875 0.36666666718749996 0.5671875 0.40625 0.5546875 0.4583333328125
1 0.778125 0.7166666671875 0.7734375 0.7229166671875 0.7734375 0.7354166671875 0.7796875 0.7458333328125 0.80625 0.7541666671875 0.8140625 0.7625 0.8375 0.8166666671874999 0.8515625 0.83125 0.8828125 0.8479166671874999 0.9109375 0.84375 0.9328125 0.8291666671875 0.953125 0.7958333328125 0.959375 0.7666666671875 0.95625 0.7270833328124999 0.9453125 0.7 0.925 0.675 0.8953125 0.6604166671875 0.8869796875 0.6604166671875 0.8703125 0.6604166671875 0.8421875 0.675 0.8109375 0.7166666671875 0.778125 0.7166666671875
1 0.6890625 0.7395833328125 0.709375 0.7645833328125 0.7375 0.7645833328125 0.753125 0.7333333328125 0.75 0.7 0.740625 0.6854166671875 0.7140625 0.6666666671875 0.6953125 0.6666666671875 0.6890625 0.6666666671875 0.6828125 0.6729166671875 0.684375 0.6895833328125 0.675 0.7 0.6890625 0.7395833328125
1 0.55625 0.7854166671875 0.559375 0.8041666671875 0.559375 0.8145833328125001 0.5359375 0.86875 0.53125 0.9145833328125 0.5328125 0.95 0.54375 0.9979166671874999 0.6734375 0.9979166671874999 0.6921875 0.9416666671874999 0.690625 0.9166666671874999 0.68125 0.8854166671874999 0.6453125 0.81875 0.596875 0.7895833328124999 0.590625 0.76875 0.5921875 0.7333333328125 0.5765625 0.7208333328125 0.571875 0.7208333328125 0.5484375 0.73125 0.5375 0.75 0.540625 0.7666666671875 0.55625 0.7854166671875
1 0.3296875 0.7458333328125 0.34375 0.7541666671875 0.3546875 0.7520833328125 0.3640625 0.7395833328125 0.3828125 0.7395833328125 0.390625 0.6770833328125 0.4 0.65625 0.4 0.6416666671875 0.3921875 0.6270833328125 0.359375 0.6208333328125 0.3510421875 0.6208333328125 0.321875 0.6270833328125 0.3078125 0.6541666671875 0.315625 0.7208333328125 0.3296875 0.7458333328125
1 0.4984375 0.1166666671875 0.4859375 0.13333333281249998 0.46875 0.14375 0.4578125 0.16875 0.4640625 0.2104166671875 0.4625 0.2416666671875 0.4671875 0.2479166671875 0.496875 0.24583333281250003 0.50625 0.2625 0.521875 0.2666666671875 0.5328125 0.25833333281250004 0.5484375 0.2208333328125 0.565625 0.2 0.5734375 0.2 0.5765625 0.2125 0.5875 0.22291666718749997 0.6015625 0.2166666671875 0.6078125 0.20625 0.6109375 0.17916666718750002 0.590625 0.1375 0.6 0.1166666671875 0.596875 0.0979166671875 0.5921875 0.0979166671875 0.5375 0.1375 0.521875 0.13125 0.509375 0.1166666671875 0.4984375 0.1166666671875