1 0.2166666671875 0.3296875 0.2 0.3609375 0.2 0.3671875 0.2166666671875 0.3875 0.23125 0.390625 0.25 0.390625 0.2854166671875 0.3796875 0.3125 0.3609375 0.2875 0.35625 0.24583333281250003 0.3765625 0.23125 0.3765625 0.225 0.3671875 0.23125 0.3546875 0.2548604171875 0.3354171875 0.275 0.321875 0.28958333281250004 0.31875 0.35 0.371875 0.34375 0.3765625 0.3541666671875 0.371875 0.3916666671875 0.3765625 0.4125 0.3734375 0.4375 0.346875 0.45 0.3171875 0.47291666718750003 0.309375 0.4916666671875 0.284375 0.44166666718750003 0.221875 0.4145833328125 0.2 0.3958333328125 0.196875 0.3625 0.2171875 0.3291666671875 0.2296875 0.3229166671875 0.2390625 0.275 0.2625 0.2666666671875 0.271875 0.2604166671875 0.2703125 0.2604166671875 0.2640625 0.25 0.2671875 0.2625 0.271875 0.2666666671875 0.2984375 0.2166666671875 0.3296875
1 0.2104166671875 0.3640625 0.2166666671875 0.35625 0.2104166671875 0.353125 0.2104166671875 0.34409722187499997 0.2 0.35625 0.2 0.36875 0.2166666671875 0.3875 0.2541666671875 0.3921875 0.3166666671875 0.3671875 0.3270833328125 0.3546875 0.30625 0.3421875 0.2604166671875 0.36875 0.23125 0.375 0.225 0.3703125 0.22916666718749998 0.35625 0.21458333281250003 0.3671875 0.2104166671875 0.3640625
1 0.6291666671875 0.5640625 0.625 0.575 0.6270833328125 0.5765625 0.6541666671875 0.6046875 0.6541666671875 0.6109375 0.7208333328125 0.6734375 0.7229166671875 0.68125 0.7458333328125 0.690625 0.7541666671875 0.6875 0.7770833328125 0.653125 0.7791666671875 0.63125 0.74375 0.584375 0.7270833328124999 0.5703125 0.68125 0.5609375 0.6645833328124999 0.5515625 0.6291666671875 0.5640625
1 0.4604166671875 0.3875 0.44166666718750003 0.3984375 0.44166666718750003 0.4078125 0.45416666718750004 0.4265625 0.46458333281249997 0.43125 0.48541666718750004 0.4296875 0.49583333281249997 0.4375 0.5083333328124999 0.4328125 0.5125 0.4171875 0.5333333328125 0.415625 0.4895833328125 0.3546875 0.5083333328124999 0.3453125 0.50625 0.340625 0.48125 0.3390625 0.4604166671875 0.3484375 0.45416666718750004 0.359375 0.47291666718750003 0.36875 0.48125 0.384375 0.4604166671875 0.3875
1 0.5125 0.3515625 0.48541666718750004 0.3546875 0.48541666718750004 0.35625 0.49791666718750005 0.3609375 0.5 0.371875 0.5229166671875001 0.3875 0.5208333328125 0.3921875 0.5354166671875 0.4078125 0.6020833328124999 0.459375 0.61875 0.4625 0.63125 0.45625 0.63125 0.4453125 0.5875 0.4109375 0.5333333328125 0.353125 0.5145833328125 0.3453125 0.5125 0.3515625
1 0.5125 0.340625 0.4895833328125 0.35625 0.4916666671875 0.35625 0.5166666671875 0.39375 0.5375 0.4078125 0.5395833328124999 0.41875 0.55625 0.4328125 0.5583333328125 0.446875 0.575 0.4671875 0.6020833328124999 0.490625 0.6208333328125 0.4921875 0.6291666671875 0.4765625 0.61875 0.4609375 0.6333333328124999 0.453125 0.6270833328125 0.440625 0.5666666671875 0.3890625 0.5458333328125 0.3609375 0.5208333328125 0.34375 0.5125 0.340625
1 0.575 0.4734375 0.54375 0.4890625 0.54375 0.496875 0.5708333328124999 0.515625 0.6 0.50625 0.6083333328125 0.4984375 0.6208333328125 0.4984375 0.6208333328125 0.49375 0.60625 0.49375 0.575 0.4734375
1 0.54375 0.5359375 0.5291666671875 0.5265625 0.5291666671875 0.5296875 0.5479166671875 0.5515625 0.5645833328125 0.55625 0.5666666671875 0.55 0.5583333328125 0.5515625 0.5541666671875001 0.546875 0.5625 0.5375 0.5520833328125 0.540625 0.5541666671875001 0.53125 0.54375 0.5359375
1 0.5791666671875 0.4703125 0.54375 0.490625 0.54375 0.4984375 0.5541666671875001 0.51875 0.5708333328124999 0.515625 0.58125 0.53125 0.6270833328125 0.565625 0.6729166671875 0.540625 0.6416666671875 0.5015625 0.6041666671875 0.4921875 0.5791666671875 0.4703125
1 0.275 0.16875 0.22916666718749998 0.203125 0.22916666718749998 0.20625 0.2520833328125 0.2328125 0.2645833328125 0.2375 0.325 0.2296875 0.34375 0.2203125 0.3395833328125 0.209375 0.3145833328125 0.19375 0.28958333281250004 0.165625 0.275 0.16875
1 0.2416666671875 0.234375 0.2208333328125 0.2546875 0.2208333328125 0.2671875 0.23333333281250002 0.278125 0.2625 0.271875 0.35208333281250004 0.221875 0.2770833328125 0.2390625 0.2416666671875 0.234375
1 0.33541666718749996 0.4546875 0.325 0.4625 0.325 0.465625 0.35 0.49375 0.4 0.525 0.41041666718750003 0.5203125 0.39791666718749996 0.51875 0.40208333281249997 0.5109375 0.41875 0.5125 0.425 0.4875 0.4375 0.4890625 0.4291666671875 0.496875 0.4375 0.5078125 0.4479166671875 0.5046875 0.45625 0.4953125 0.5333333328125 0.4578125 0.5520833328125 0.4390625 0.5270833328125 0.4078125 0.51875 0.415625 0.5083333328124999 0.4140625 0.5083333328124999 0.434375 0.5 0.4375 0.48125 0.4296875 0.4625 0.43125 0.45208333281249996 0.425 0.44166666718750003 0.4109375 0.44375 0.3984375 0.45416666718750004 0.390625 0.48125 0.3875 0.475 0.36875 0.45416666718750004 0.3640625 0.43333333281249997 0.3734375 0.3708333328125 0.41875 0.38125 0.4359375 0.3645833328125 0.4390625 0.35625 0.45 0.33541666718749996 0.4546875