1 0.65625 0.696875 0.6541666671875 0.7140625 0.6541666671875 0.725 0.6666666671875 0.75 0.6854166671875 0.7640625 0.7145833328125 0.7734375 0.7479166671875 0.7734375 0.7770833328125 0.7640625 0.7979166671875 0.746875 0.80625 0.73125 0.80625 0.7078125 0.7958333328125 0.6859375 0.76875 0.6640625 0.74375 0.6578125 0.7145833328125 0.6578125 0.6708333328125 0.6765625 0.65625 0.696875
1 0.625 0.8078125 0.6125 0.884375 0.6125 0.89375 0.61875 0.91875 0.65625 0.9234375 0.6666666671875 0.9390625 0.675 0.9265625 0.7 0.928125 0.7083333328125 0.91875 0.71875 0.88125 0.7145833328125 0.80625 0.7 0.7734375 0.66875 0.753125 0.6541666671875 0.7609375 0.6604166671875 0.78125 0.6395833328125 0.784375 0.625 0.8078125
1 0.5583333328125 0.6796875 0.5416666671875 0.690625 0.5416666671875 0.6953125 0.5708333328124999 0.7078125 0.5604166671875 0.7296875 0.5604166671875 0.7453125 0.5729166671875 0.765625 0.6166666671875001 0.7734375 0.6458333328125 0.7609375 0.6541666671875 0.74375 0.6520833328125 0.7265625 0.64375 0.7078125 0.63125 0.6984375 0.59375 0.6984375 0.575 0.6890625 0.5666666671875 0.6953125 0.5583333328125 0.6796875
1 0.50625 0.7640625 0.46875 0.834375 0.46875 0.8375 0.4770833328125 0.85 0.5083333328124999 0.8546875 0.51875 0.865625 0.54375 0.8671875 0.5604166671875 0.853125 0.5916666671875 0.7953125 0.5875 0.778125 0.5729166671875 0.7703125 0.5520833328125 0.7703125 0.5270833328125 0.7546875 0.5145833328125 0.7578125 0.50625 0.7640625
1 0.36875 0.746875 0.31875 0.778125 0.31875 0.7796875 0.3291666671875 0.815625 0.3375 0.8203125 0.4791666671875 0.790625 0.49375 0.7796875 0.5041666671875 0.7546875 0.4895833328125 0.7234375 0.4625 0.725 0.36875 0.746875
1 0.40833333281249995 0.6453125 0.4 0.65 0.4 0.6640625 0.40208333281249997 0.6875 0.4145833328125 0.7046875 0.4791666671875 0.7 0.48333333281249996 0.68125 0.47291666718750003 0.6453125 0.40833333281249995 0.6453125
1 0.3229166671875 0.7125 0.3166666671875 0.728125 0.3166666671875 0.734375 0.35625 0.74375 0.3645833328125 0.7265625 0.39375 0.7203125 0.4125 0.7046875 0.4125 0.6984375 0.39375 0.684375 0.36666666718749996 0.6796875 0.3416666671875 0.7046875 0.3229166671875 0.7125
1 0.2958333328125 0.5515625 0.2416666671875 0.590625 0.2416666671875 0.5984375 0.3375 0.68125 0.3583333328125 0.678125 0.4145833328125 0.6375 0.35625 0.58125 0.3083333328125 0.55 0.2958333328125 0.5515625
1 0.325 0.4765625 0.3083333328125 0.4984375 0.3083333328125 0.5078125 0.31875 0.525 0.3458333328125 0.5375 0.3958333328125 0.540625 0.41875 0.5203125 0.4145833328125 0.49375 0.36666666718749996 0.4671875 0.3458333328125 0.4671875 0.325 0.4765625
1 0.3395833328125 0.5390625 0.3333333328125 0.54375 0.3333333328125 0.55625 0.3604166671875 0.5640625 0.40208333281249997 0.5640625 0.40833333281249995 0.5515625 0.4 0.5421875 0.3645833328125 0.5375 0.3395833328125 0.5390625
1 0.1979166671875 0.490625 0.1875 0.509375 0.1875 0.521875 0.2166666671875 0.534375 0.2270833328125 0.5484375 0.3020833328125 0.546875 0.30416666718749996 0.528125 0.2958333328125 0.4984375 0.32083333281250004 0.4765625 0.3395833328125 0.46875 0.35 0.434375 0.3270833328125 0.4265625 0.3270833328125 0.434375 0.3125 0.4390625 0.3104166671875 0.4234375 0.3020833328125 0.4203125 0.25 0.4171875 0.23333333281250002 0.4421875 0.225 0.46875 0.1979166671875 0.490625
1 0.4583333328125 0.3953125 0.44166666718750003 0.421875 0.44166666718750003 0.43125 0.45625 0.4515625 0.4895833328125 0.465625 0.5270833328125 0.459375 0.5458333328125 0.4421875 0.53125 0.415625 0.5333333328125 0.3953125 0.5083333328124999 0.384375 0.475 0.3875 0.4583333328125 0.3953125
1 0.6083333328125 0.375 0.5708333328124999 0.36875 0.5416666671875 0.390625 0.5333333328125 0.4109375 0.5333333328125 0.4125 0.54375 0.4328125 0.5854166671875001 0.459375 0.59375 0.4859375 0.60625 0.4875 0.6114583328125 0.49140625 0.6104166671875 0.4890625 0.6354166671875 0.478125 0.6229166671875 0.434375 0.6395833328125 0.4125 0.6354166671875 0.390625 0.6083333328125 0.375
1 0.71875 0.4515625 0.6916666671875 0.48125 0.6916666671875 0.490625 0.7208333328125 0.5171875 0.74375 0.515625 0.7979166671875 0.475 0.80625 0.4625 0.8083333328125001 0.453125 0.7979166671875 0.440625 0.7958333328125 0.4234375 0.775 0.4203125 0.7541666671875 0.4265625 0.71875 0.4515625
1 0.8770833328125001 0.4625 0.8625 0.4890625 0.8625 0.490625 0.8791666671874999 0.51875 0.9041666671874999 0.521875 0.9291666671875 0.503125 0.9333333328125001 0.4796875 0.9145833328125 0.4546875 0.8958333328125001 0.453125 0.8770833328125001 0.4625
1 0.81875 0.6703125 0.8083333328125001 0.68125 0.8083333328125001 0.6890625 0.8416666671874999 0.7140625 0.88125 0.7328125 0.9458333328125 0.7515625 0.98125 0.76875 0.9979166671874999 0.76875 0.9979166671874999 0.7265625 0.9895833328125001 0.721875 0.8666666671875 0.6734375 0.81875 0.6703125
1 0.8 0.371875 0.7645833328125 0.4078125 0.7645833328125 0.415625 0.79375 0.4203125 0.8041666671875 0.44375 0.825 0.453125 0.8625 0.4203125 0.86875 0.4015625 0.8375 0.38125 0.8 0.371875
1 0.6270833328125 0.3203125 0.625 0.33359375 0.625 0.34375 0.6395833328125 0.3609375 0.6375 0.375 0.64375 0.3765625 0.6541666671875 0.365625 0.68125 0.3609375 0.6979166671875 0.346875 0.7041666671875 0.3328125 0.6895833328125 0.3109375 0.6791666671875001 0.30625 0.6541666671875 0.30625 0.6270833328125 0.3203125
1 0.5020833328125 0.471875 0.48333333281249996 0.5375 0.48333333281249996 0.5421875 0.5291666671875 0.55625 0.5479166671875 0.553125 0.5541666671875001 0.5328125 0.5458333328125 0.5140625 0.5541666671875001 0.4796875 0.5479166671875 0.4703125 0.5229166671875001 0.4640625 0.5020833328125 0.471875
1 0.45625 0.496875 0.43333333281249997 0.521875 0.43333333281249997 0.5359375 0.45 0.5421875 0.48333333281249996 0.5421875 0.4875 0.5171875 0.47291666718750003 0.5109375 0.47291666718750003 0.4984375 0.45625 0.496875
1 0.4604166671875 0.55625 0.45625 0.56953125 0.45625 0.578125 0.475 0.5953125 0.49583333281249997 0.596875 0.5125 0.5953125 0.5270833328125 0.584375 0.53125 0.571875 0.525 0.559375 0.48541666718750004 0.5453125 0.4604166671875 0.55625
1 0.4291666671875 0.565625 0.41041666718750003 0.575 0.41041666718750003 0.58125 0.44166666718750003 0.609375 0.4604166671875 0.6078125 0.47083333281249995 0.5984375 0.45416666718750004 0.578125 0.45208333281249996 0.5625 0.4291666671875 0.565625
1 0.5479166671875 0.634375 0.5416666671875 0.6453125 0.5416666671875 0.653125 0.5520833328125 0.6765625 0.5770833328125 0.6828125 0.6020833328124999 0.6765625 0.5854166671875001 0.628125 0.5479166671875 0.634375
1 0.4458333328125 0.453125 0.43125 0.465625 0.43125 0.4765625 0.44166666718750003 0.4859375 0.4625 0.4890625 0.47291666718750003 0.4859375 0.48125 0.465625 0.4583333328125 0.453125 0.4458333328125 0.453125
1 0.4458333328125 0.453125 0.43125 0.465625 0.43125 0.4765625 0.43958333281249995 0.4859375 0.4625 0.49375 0.475 0.49375 0.4875 0.4828125 0.48541666718750004 0.4671875 0.4625 0.4546875 0.4458333328125 0.453125