1 0.1546875 0.8520833328125 0.1734375 0.8583333328125 0.18125 0.8583333328125 0.2453125 0.83125 0.265625 0.8104166671874999 0.26875 0.7875 0.25625 0.7625 0.25625 0.74375 0.2453125 0.7208333328125 0.21875 0.7208333328125 0.159375 0.7458333328125 0.1265625 0.775 0.1171875 0.7604166671875 0.1375 0.83125 0.1421875 0.8291666671875 0.1546875 0.8520833328125
1 0.1359375 0.925 0.146875 0.9375 0.15625 0.9375 0.1671875 0.9208333328125 0.165625 0.8791666671874999 0.184375 0.8770833328125001 0.19375 0.8854166671874999 0.1875 0.9083333328125001 0.1765625 0.9083333328125001 0.184375 0.9145833328125 0.2 0.9083333328125001 0.203125 0.8854166671874999 0.1859375 0.8604166671875 0.1625 0.8583333328125 0.146875 0.8416666671874999 0.13125 0.7979166671875 0.1296875 0.7729166671875001 0.1171875 0.7520833328125 0.11875 0.7791666671875 0.1390625 0.8604166671875 0.1296875 0.90625 0.1359375 0.925
1 0.5375 0.8375 0.559375 0.8520833328125 0.5671875 0.8520833328125 0.5765625 0.84375 0.5875 0.8 0.5796875 0.7854166671875 0.5765625 0.7291666671875 0.5609375 0.6666666671875 0.546875 0.65625 0.5 0.6604166671875 0.490625 0.6708333328125 0.4875 0.7 0.5140625 0.8104166671874999 0.5375 0.8375
1 0.6578125 0.8666666671875 0.6828125 0.8770833328125001 0.696875 0.8770833328125001 0.7328125 0.8583333328125 0.7484375 0.8354166671875 0.759375 0.8041666671875 0.7609375 0.78125 0.7515625 0.7541666671875 0.7375 0.7375 0.7140625 0.7291666671875 0.70625 0.7083333328125 0.7078125 0.6958333328124999 0.7328125 0.6958333328124999 0.7375 0.6875 0.746875 0.6854166671875 0.746875 0.6645833328124999 0.70625 0.6145833328125 0.6390625 0.6083333328125 0.609375 0.63125 0.6 0.6604166671875 0.6015625 0.6854166671875 0.6171875 0.7166666671875 0.6609375 0.7375 0.6421875 0.7854166671875 0.6390625 0.8291666671875 0.6578125 0.8666666671875
1 0.415625 0.7916666671875 0.46328125 0.7958333328125 0.471875 0.7958333328125 0.4890625 0.7416666671875001 0.478125 0.7 0.4578125 0.6979166671875 0.4515625 0.6916666671875 0.41875 0.6916666671875 0.4078125 0.7125 0.409375 0.7354166671875 0.403125 0.7479166671875 0.4046875 0.7854166671875 0.415625 0.7916666671875
1 0.5484375 0.85 0.5640625 0.8541666671874999 0.565625 0.8520833328125 0.5765625 0.8458333328125001 0.5875 0.8145833328125001 0.5875 0.8 0.5796875 0.7833333328125 0.578125 0.7375 0.5625 0.6708333328125 0.5515625 0.65625 0.503125 0.6583333328125 0.4890625 0.675 0.4875 0.7020833328125 0.5125 0.8083333328125001 0.5484375 0.85
1 0.421875 0.59375 0.4484375 0.6104166671875 0.4515625 0.6104166671875 0.4609375 0.60625 0.4734375 0.5833333328125 0.478125 0.5458333328125 0.453125 0.475 0.4375 0.4583333328125 0.4203125 0.4583333328125 0.40625 0.47083333281249995 0.4 0.4875 0.4 0.50625 0.409375 0.5395833328124999 0.409375 0.5708333328124999 0.421875 0.59375
1 0.4609375 0.4895833328125 0.4828125 0.5645833328125 0.4859375 0.5645833328125 0.5328125 0.5458333328125 0.5453125 0.5291666671875 0.5484375 0.4791666671875 0.54375 0.44375 0.5328125 0.4291666671875 0.4796875 0.43125 0.4625 0.43958333281249995 0.4609375 0.4895833328125
1 0.4515625 0.38125 0.4765625 0.3958333328125 0.4828125 0.3958333328125 0.5046875 0.3854166671875 0.515625 0.3708333328125 0.521875 0.3479166671875 0.5171875 0.3083333328125 0.50625 0.2916666671875 0.4890625 0.28125 0.459375 0.28958333281250004 0.4390625 0.3145833328125 0.4203125 0.3125 0.4140625 0.31875 0.4140625 0.3270833328125 0.4359375 0.3458333328125 0.4515625 0.38125
1 0.18125 0.34375 0.2841140625 0.3479166671875 0.2921875 0.3479166671875 0.4125 0.3166666671875 0.4203125 0.30416666718749996 0.4140625 0.24583333281250003 0.371875 0.2416666671875 0.2671875 0.2520833328125 0.2171875 0.275 0.1828125 0.2833333328125 0.1703125 0.2958333328125 0.165625 0.3104166671875 0.165625 0.325 0.18125 0.34375
1 0.603125 0.20208333281250002 0.6140625 0.2104166671875 0.621875 0.2104166671875 0.6296875 0.20208333281250002 0.6296875 0.17916666718750002 0.634375 0.1708333328125 0.68125 0.1854166671875 0.71875 0.175 0.7296875 0.16458333281249998 0.7328125 0.1354166671875 0.725 0.07291666718749999 0.7203125 0.0645833328125 0.6921875 0.0479166671875 0.6390625 0.05 0.6125 0.075 0.6046875 0.1 0.6046875 0.1291666671875 0.6109375 0.1541666671875 0.596875 0.1833333328125 0.603125 0.20208333281250002
1 0.259375 0.2270833328125 0.25625 0.2541666671875 0.2640625 0.2541666671875 0.3578125 0.2416666671875 0.3375 0.2125 0.28125 0.21458333281250003 0.259375 0.2270833328125
1 0.4890625 0.17916666718750002 0.5015625 0.1895833328125 0.50625 0.1895833328125 0.528125 0.17916666718750002 0.540625 0.1625 0.5375 0.1291666671875 0.5234375 0.0875 0.5234375 0.0625 0.534375 0.04375 0.5375 0.0125 0.51875 0.0020833328125000002 0.4921875 0.0020833328125000002 0.4703125 0.014583332812499999 0.434375 0.0395833328125 0.425 0.05625 0.434375 0.08125 0.4546875 0.11041666718750001 0.4671875 0.11875 0.4890625 0.17916666718750002
1 0.54375 0.0645833328125 0.5515625 0.07083333281250001 0.55625 0.07083333281250001 0.5671875 0.05625 0.5640625 0.0041666671875 0.53125 0.0020833328125000002 0.5359375 0.010416667187500001 0.5328125 0.0395833328125 0.54375 0.0645833328125
1 0.3203125 0.07083333281250001 0.3375 0.0791666671875 0.340625 0.0791666671875 0.3625 0.0625 0.3640625 0.0020833328125000002 0.2859375 0.0020833328125000002 0.2890625 0.025 0.2984375 0.0458333328125 0.3203125 0.07083333281250001
1 0.2109375 0.0479166671875 0.2671875 0.0791666671875 0.2796875 0.0791666671875 0.2875 0.058333332812500006 0.2875 0.0416666671875 0.2796875 0.029166667187500002 0.23125 0.00625 0.2125 0.0041666671875 0.2078125 0.010416667187500001 0.2046875 0.0395833328125 0.2109375 0.0479166671875
1 0.0703125 0.3541666671875 0.1114578125 0.3625 0.1203125 0.3625 0.1390625 0.35 0.1515625 0.3145833328125 0.1484375 0.2270833328125 0.171875 0.1354166671875 0.171875 0.1166666671875 0.1578125 0.0979166671875 0.1703125 0.05208333281250001 0.1453125 0.029166667187500002 0.134375 0.0333333328125 0.071875 0.17916666718750002 0.0203125 0.23125 0.009375 0.2708333328125 0.015625 0.30625 0.0328125 0.3291666671875 0.0703125 0.3541666671875
1 0.153125 0.21458333281250003 0.15625 0.23125 0.1578125 0.23125 0.18125 0.225 0.2265625 0.1020833328125 0.2203125 0.08541666718749999 0.1984375 0.06875 0.1890625 0.07291666718749999 0.171875 0.1145833328125 0.175 0.13125 0.153125 0.21458333281250003
1 0.55625 0.3791666671875 0.5796875 0.40625 0.5921875 0.40625 0.6140625 0.38125 0.6203125 0.3458333328125 0.6125 0.3291666671875 0.603125 0.3229166671875 0.5765625 0.3166666671875 0.5671875 0.3229166671875 0.55625 0.3791666671875
1 0.5609375 0.6291666671875 0.575 0.6375 0.5890625 0.6375 0.60625 0.6270833328125 0.615625 0.6125 0.61875 0.5729166671875 0.6078125 0.5520833328125 0.5953125 0.5416666671875 0.5671875 0.5375 0.5515625 0.5458333328125 0.5453125 0.5666666671875 0.528125 0.58125 0.5265625 0.5916666671875 0.5328125 0.6 0.546875 0.6 0.5609375 0.6291666671875
1 0.66875 0.5770833328125 0.684375 0.5958333328125 0.6921875 0.5958333328125 0.7046875 0.5854166671875001 0.7171875 0.5520833328125 0.7296875 0.5520833328125 0.734375 0.5375 0.7296875 0.4895833328125 0.715625 0.46458333281249997 0.7125 0.4375 0.7046875 0.425 0.6828125 0.43125 0.6421875 0.4583333328125 0.65 0.55 0.6625 0.55 0.66875 0.5770833328125