1 1 0.3015625 0.9270833328125001 0.275 0.89375 0.2703125 0.7375 0.3515625 0.7083333328125 0.4 0.7083333328125 0.415625 0.81875 0.4546875 0.8520833328125 0.4609375 0.9104166671874999 0.484375 0.95 0.4859375 1 0.4796875 1 0.471590625 1 0.3015625
1 0.5895833328125 0.08125 0.5666666671875 0.0796875 0.5666666671875 0.0859375 0.5916666671875 0.0875 0.5604166671875 0.1203125 0.50625 0.1203125 0.47083333281249995 0.134375 0.4479166671875 0.1609375 0.4458333328125 0.1953125 0.47291666718750003 0.240625 0.41041666718750003 0.3234375 0.40833333281249995 0.334375 0.41875 0.3453125 0.41041666718750003 0.359375 0.4166666671875 0.3765625 0.44375 0.3828125 0.46875 0.365625 0.5 0.3703125 0.51875 0.35 0.5333333328125 0.3078125 0.5791666671875 0.271875 0.6041666671875 0.2703125 0.6333333328124999 0.2609375 0.6604166671875 0.2375 0.66875 0.215625 0.66875 0.2046875 0.65625 0.171875 0.625 0.14375 0.65625 0.0796875 0.6395833328125 0.0625 0.6166666671875001 0.0640625 0.5895833328125 0.08125
1 0.1979166671875 0 0.18125 0.040625 0.1875 0.0890625 0.2208333328125 0.13125 0.2666666671875 0.1578125 0.3145833328125 0.171875 0.3770833328125 0.171875 0.43125 0.153125 0.47083333281249995 0.1234375 0.49375 0.0796875 0.49375 0.071484375 0.4916666671875 0.0375 0.47083333281249995 0 0.1979166671875 0
1 0.1854166671875 0.415625 0.1729166671875 0.4390625 0.175 0.4671875 0.1916666671875 0.49375 0.2208333328125 0.5125 0.25 0.51875 0.2875 0.515625 0.31875 0.503125 0.33541666718749996 0.4890625 0.3479166671875 0.4609375 0.3479166671875 0.453125 0.3333333328125 0.415625 0.3 0.39375 0.2645833328125 0.3859375 0.23125 0.3890625 0.20625 0.3984375 0.1854166671875 0.415625
1 0.4625 0.45 0.4270833328125 0.4671875 0.3958333328125 0.4734375 0.3541666671875 0.503125 0.35208333281250004 0.5234375 0.3770833328125 0.5734375 0.39375 0.5890625 0.40625 0.5921875 0.47291666718750003 0.5578125 0.55 0.553125 0.5645833328125 0.5484375 0.6020833328124999 0.5296875 0.6166666671875001 0.5109375 0.6166666671875001 0.5010421875 0.6145833328125 0.475 0.59375 0.4390625 0.5645833328125 0.4296875 0.5145833328125 0.43125 0.49583333281249997 0.44375 0.4625 0.45
1 0.42291666718750004 0.5828125 0.3895833328125 0.6140625 0.3729166671875 0.6578125 0.3770833328125 0.696875 0.40208333281249997 0.7359375 0.43958333281249995 0.7625 0.49375 0.778125 0.5583333328125 0.775 0.5875 0.765625 0.6208333328125 0.746875 0.6541666671875 0.709375 0.6666666671875 0.675 0.6666666671875 0.6666671875 0.65625 0.6203125 0.6333333328124999 0.5921875 0.59375 0.5671875 0.5416666671875 0.5546875 0.4875 0.55625 0.42291666718750004 0.5828125
1 0.2645833328125 0.7734375 0.2541666671875 0.7796875 0.24583333281250003 0.80625 0.2375 0.8140625 0.1833333328125 0.8375 0.16875 0.8515625 0.1520833328125 0.8828125 0.15625 0.9109375 0.1708333328125 0.9328125 0.20416666718749998 0.953125 0.23333333281250002 0.959375 0.27291666718749996 0.95625 0.3 0.9453125 0.325 0.925 0.3395833328125 0.8953125 0.3395833328125 0.8869796875 0.3395833328125 0.8703125 0.325 0.8421875 0.2833333328125 0.8109375 0.2833333328125 0.778125 0.2770833328125 0.7734375 0.2645833328125 0.7734375
1 0.23541666718749998 0.7375 0.2666666671875 0.753125 0.3 0.75 0.3145833328125 0.740625 0.3333333328125 0.7140625 0.3333333328125 0.6953125 0.3333333328125 0.6890625 0.3270833328125 0.6828125 0.3104166671875 0.684375 0.3 0.675 0.2604166671875 0.6890625 0.23541666718749998 0.709375 0.23541666718749998 0.7375
1 0.1854166671875 0.559375 0.13125 0.5359375 0.08541666718749999 0.53125 0.05 0.5328125 0.0020833328125000002 0.54375 0.0020833328125000002 0.6734375 0.058333332812500006 0.6921875 0.08333333281250001 0.690625 0.1145833328125 0.68125 0.18125 0.6453125 0.2104166671875 0.596875 0.23125 0.590625 0.2666666671875 0.5921875 0.2791666671875 0.5765625 0.2791666671875 0.571875 0.26875 0.5484375 0.25 0.5375 0.23333333281250002 0.540625 0.21458333281250003 0.55625 0.19583333281249998 0.559375 0.1854166671875 0.559375
1 0.2479166671875 0.3546875 0.2604166671875 0.3640625 0.2604166671875 0.3828125 0.3229166671875 0.390625 0.34375 0.4 0.3583333328125 0.4 0.3729166671875 0.3921875 0.3791666671875 0.359375 0.3791666671875 0.3510421875 0.3729166671875 0.321875 0.3458333328125 0.3078125 0.2791666671875 0.315625 0.2541666671875 0.3296875 0.24583333281250003 0.34375 0.2479166671875 0.3546875
1 0.85625 0.46875 0.83125 0.4578125 0.7895833328124999 0.4640625 0.7583333328124999 0.4625 0.7520833328125 0.4671875 0.7541666671875 0.496875 0.7375 0.50625 0.7333333328125 0.521875 0.7416666671875001 0.5328125 0.7791666671875 0.5484375 0.8 0.565625 0.8 0.5734375 0.7875 0.5765625 0.7770833328125 0.5875 0.7833333328125 0.6015625 0.79375 0.6078125 0.8208333328125 0.6109375 0.8625 0.590625 0.8833333328125 0.6 0.9020833328125001 0.596875 0.9020833328125001 0.5921875 0.8625 0.5375 0.86875 0.521875 0.8833333328125 0.509375 0.8833333328125 0.4984375 0.8666666671875 0.4859375 0.85625 0.46875