1 0.275 0.7375 0.3229166671875 0.7609375 0.3291666671875 0.7703125 0.3625 0.7828125 0.3958333328125 0.803125 0.4145833328125 0.8 0.44166666718750003 0.778125 0.4916666671875 0.715625 0.47291666718750003 0.690625 0.45 0.6828125 0.4375 0.653125 0.4125 0.6265625 0.3916666671875 0.6234375 0.3541666671875 0.628125 0.34375 0.6234375 0.35 0.628125 0.28958333281250004 0.68125 0.275 0.678125 0.2548604171875 0.6645828125000001 0.23125 0.6453125 0.225 0.6328125 0.23125 0.6234375 0.24583333281250003 0.6234375 0.2875 0.64375 0.3125 0.6390625 0.2854166671875 0.6203125 0.25 0.609375 0.23125 0.609375 0.2166666671875 0.6125 0.2 0.6328125 0.2 0.6390625 0.2166666671875 0.6703125 0.2666666671875 0.7015625 0.2625 0.728125 0.25 0.7328125 0.2604166671875 0.7359375 0.2604166671875 0.7296875 0.2666666671875 0.728125 0.275 0.7375
1 0.3270833328125 0.6453125 0.3166666671875 0.6328125 0.2541666671875 0.6078125 0.2166666671875 0.6125 0.2 0.63125 0.2 0.64375 0.2104166671875 0.655902778125 0.2104166671875 0.646875 0.2166666671875 0.64375 0.2104166671875 0.6359375 0.21458333281250003 0.6328125 0.22916666718749998 0.64375 0.225 0.6296875 0.23125 0.625 0.2604166671875 0.63125 0.30625 0.6578125 0.3270833328125 0.6453125
1 0.7541666671875 0.3125 0.7458333328125 0.309375 0.7229166671875 0.31875 0.7208333328125 0.3265625 0.6541666671875 0.3890625 0.6541666671875 0.3953125 0.6270833328125 0.4234375 0.625 0.425 0.6291666671875 0.4359375 0.6645833328124999 0.4484375 0.68125 0.4390625 0.7270833328124999 0.4296875 0.74375 0.415625 0.7791666671875 0.36875 0.7770833328125 0.346875 0.7541666671875 0.3125
1 0.5083333328124999 0.6546875 0.4895833328125 0.6453125 0.5333333328125 0.584375 0.5125 0.5828125 0.5083333328124999 0.5671875 0.49583333281249997 0.5625 0.48541666718750004 0.5703125 0.46458333281249997 0.56875 0.45416666718750004 0.5734375 0.44166666718750003 0.5921875 0.44166666718750003 0.6015625 0.4604166671875 0.6125 0.48125 0.615625 0.47291666718750003 0.63125 0.45416666718750004 0.640625 0.4604166671875 0.6515625 0.48125 0.6609375 0.50625 0.659375 0.5083333328124999 0.6546875
1 0.6020833328124999 0.540625 0.5354166671875 0.5921875 0.5208333328125 0.6078125 0.5229166671875001 0.6125 0.5 0.628125 0.49791666718750005 0.6390625 0.48541666718750004 0.64375 0.48541666718750004 0.6453125 0.5125 0.6484375 0.5145833328125 0.6546875 0.5333333328125 0.646875 0.5875 0.5890625 0.63125 0.5546875 0.63125 0.54375 0.61875 0.5375 0.6020833328124999 0.540625
1 0.6291666671875 0.5234375 0.6208333328125 0.5078125 0.6020833328124999 0.509375 0.575 0.5328125 0.5583333328125 0.553125 0.55625 0.5671875 0.5395833328124999 0.58125 0.5375 0.5921875 0.5166666671875 0.60625 0.4916666671875 0.64375 0.4895833328125 0.64375 0.5125 0.659375 0.5208333328125 0.65625 0.5458333328125 0.6390625 0.5666666671875 0.6109375 0.6270833328125 0.559375 0.6333333328124999 0.546875 0.61875 0.5390625 0.6291666671875 0.5234375
1 0.54375 0.503125 0.54375 0.5109375 0.575 0.5265625 0.60625 0.50625 0.6208333328125 0.50625 0.6208333328125 0.5015625 0.6083333328125 0.5015625 0.6 0.49375 0.5708333328124999 0.484375 0.54375 0.503125
1 0.5645833328125 0.44375 0.5479166671875 0.4484375 0.5291666671875 0.4703125 0.5291666671875 0.4734375 0.54375 0.4640625 0.5541666671875001 0.46875 0.5520833328125 0.459375 0.5625 0.4625 0.5541666671875001 0.453125 0.5583333328125 0.4484375 0.5666666671875 0.45 0.5645833328125 0.44375
1 0.5541666671875001 0.48125 0.54375 0.5015625 0.54375 0.509375 0.5791666671875 0.5296875 0.6041666671875 0.5078125 0.6416666671875 0.4984375 0.6729166671875 0.459375 0.6270833328125 0.434375 0.58125 0.46875 0.5708333328124999 0.484375 0.5541666671875001 0.48125
1 0.2520833328125 0.7671875 0.22916666718749998 0.79375 0.22916666718749998 0.796875 0.275 0.83125 0.28958333281250004 0.834375 0.3145833328125 0.80625 0.3395833328125 0.790625 0.34375 0.7796875 0.325 0.7703125 0.2645833328125 0.7625 0.2520833328125 0.7671875
1 0.2416666671875 0.765625 0.2770833328125 0.7609375 0.35208333281250004 0.778125 0.2625 0.728125 0.23333333281250002 0.721875 0.2208333328125 0.7328125 0.2208333328125 0.7453125 0.2416666671875 0.765625
1 0.475 0.63125 0.48125 0.6125 0.45416666718750004 0.609375 0.44375 0.6015625 0.44166666718750003 0.5890625 0.45208333281249996 0.575 0.4625 0.56875 0.48125 0.5703125 0.5 0.5625 0.5083333328124999 0.565625 0.5083333328124999 0.5859375 0.51875 0.584375 0.5270833328125 0.5921875 0.5520833328125 0.5609375 0.5333333328125 0.5421875 0.45625 0.5046875 0.4479166671875 0.4953125 0.4375 0.4921875 0.4291666671875 0.503125 0.4375 0.5109375 0.425 0.5125 0.41875 0.4875 0.40208333281249997 0.4890625 0.39791666718749996 0.48125 0.41041666718750003 0.4796875 0.4 0.475 0.35 0.50625 0.325 0.534375 0.325 0.5375 0.33541666718749996 0.5453125 0.35625 0.55 0.3645833328125 0.5609375 0.38125 0.5640625 0.3708333328125 0.58125 0.43333333281249997 0.6265625 0.45416666718750004 0.6359375 0.475 0.63125