1 0.43125 0.715625 0.44166666718750003 0.740625 0.47291666718750003 0.7703125 0.5083333328124999 0.7859375 0.5354166671875 0.7921875 0.5833333328125 0.7875 0.6083333328125 0.7703125 0.6270833328125 0.7375 0.6270833328125 0.728125 0.61875 0.6734375 0.6104166671875 0.6609375 0.5770833328125 0.6296875 0.55 0.61875 0.49375 0.61875 0.46458333281249997 0.6359375 0.4375 0.66875 0.43125 0.715625
1 0.6895833328125 0.8140625 0.6666666671875 0.828125 0.6625 0.84375 0.66875 0.853125 0.6979166671875 0.86875 0.70625 0.8875 0.73125 0.9 0.7479166671875 0.9015625 0.7916666671875 0.88125 0.8270833328125 0.81875 0.8270833328125 0.809375 0.8208333328125 0.79375 0.7895833328124999 0.7734375 0.775 0.753125 0.7395833328125 0.746875 0.7145833328125 0.7640625 0.7125 0.7796875 0.69375 0.79375 0.6895833328125 0.8140625
1 0.63125 0.7359375 0.6708333328125 0.725 0.68125 0.73125 0.6916666671875 0.7140625 0.8291666671875 0.7046875 0.90625 0.68125 0.9208333328125 0.6703125 0.9208333328125 0.6609375 0.9104166671874999 0.65 0.8958333328125001 0.6453125 0.8229166671874999 0.6375 0.6666666671875 0.6546875 0.64375 0.6734375 0.6229166671875 0.6734375 0.6333333328124999 0.7140625 0.63125 0.7359375
1 0.69375 0.5921875 0.7104166671875001 0.60625 0.7416666671875001 0.6140625 0.7666666671875 0.6140625 0.79375 0.5984375 0.80625 0.559375 0.8604166671875 0.540625 0.86875 0.5328125 0.86875 0.525 0.8520833328125 0.5140625 0.7729166671875001 0.5203125 0.7458333328125 0.5109375 0.7166666671875 0.5125 0.6916666671875 0.525 0.6791666671875001 0.54375 0.6791666671875001 0.5671875 0.69375 0.5921875
1 0.5416666671875 0.6140625 0.575 0.6265625 0.6020833328124999 0.646875 0.6541666671875 0.640625 0.6666666671875 0.6296875 0.6729166671875 0.6109375 0.6729166671875 0.6078125 0.65625 0.5734375 0.63125 0.5625 0.6125 0.559375 0.5854166671875001 0.5640625 0.5604166671875 0.55625 0.5479166671875 0.565625 0.5625 0.590625 0.5416666671875 0.6140625
1 0.3625 0.525 0.43541666718750005 0.5953125 0.4479166671875 0.5953125 0.475 0.584375 0.48541666718750004 0.5890625 0.50625 0.5875 0.5291666671875 0.578125 0.5333333328125 0.5609375 0.6166666671875001 0.5296875 0.6166666671875001 0.5203125 0.5854166671875001 0.4921875 0.56875 0.490625 0.4895833328125 0.5234375 0.41875 0.4609375 0.3770833328125 0.4859375 0.3770833328125 0.496875 0.3604166671875 0.515625 0.3625 0.525
1 0.21875 0.540625 0.22916666718749998 0.584375 0.2416666671875 0.5953125 0.24583333281250003 0.6109375 0.25625 0.6140625 0.2833333328125 0.6078125 0.3145833328125 0.615625 0.3291666671875 0.6109375 0.3458333328125 0.56875 0.3458333328125 0.5453125 0.3479166671875 0.54375 0.3395833328125 0.5171875 0.27291666718749996 0.4796875 0.2541666671875 0.484375 0.2520833328125 0.5015625 0.24375 0.5109375 0.2104166671875 0.509375 0.1979166671875 0.528125 0.21875 0.540625
2 0.44166666718750003 0.4375 0.44166666718750003 0.425 0.42291666718750004 0.403125 0.39375 0.3984375 0.31875 0.4453125 0.3145833328125 0.46875 0.3291666671875 0.4828125 0.3541666671875 0.4859375 0.40833333281249995 0.4625 0.44166666718750003 0.4375
1 0.1979166671875 0.5 0.2520833328125 0.4828125 0.275 0.4640625 0.2958333328125 0.4234375 0.3125 0.40625 0.3125 0.4015625 0.30416666718749996 0.3984375 0.28125 0.409375 0.21458333281250003 0.4265625 0.14791666718750002 0.4671875 0.1395833328125 0.478125 0.1458333328125 0.496875 0.1541666671875 0.5015625 0.1979166671875 0.5
1 0.22916666718749998 0.421875 0.3083333328125 0.3984375 0.325 0.3796875 0.33125 0.3609375 0.33125 0.353125 0.3229166671875 0.34375 0.3083333328125 0.3421875 0.22916666718749998 0.3609375 0.21458333281250003 0.371875 0.20625 0.3875 0.20833333281250002 0.415625 0.2166666671875 0.4234375 0.22916666718749998 0.421875
1 0.11875 0.390625 0.1729166671875 0.396875 0.17916666718750002 0.3875 0.1770833328125 0.35625 0.19583333281249998 0.35 0.20416666718749998 0.3328125 0.20416666718749998 0.325 0.2 0.3140625 0.1854166671875 0.30625 0.1666666671875 0.30625 0.1166666671875 0.3203125 0.0958333328125 0.334375 0.0895833328125 0.346875 0.0916666671875 0.365625 0.11875 0.390625
1 0.2166666671875 0.31875 0.23125 0.325 0.25833333281250004 0.3265625 0.2854166671875 0.3109375 0.30416666718749996 0.2890625 0.30416666718749996 0.2765625 0.2958333328125 0.2625 0.27291666718749996 0.2453125 0.27291666718749996 0.2390625 0.23541666718749998 0.240625 0.2166666671875 0.2515625 0.19583333281249998 0.2796875 0.19375 0.2921875 0.2166666671875 0.31875
1 0.1395833328125 0.0984375 0.10833333281249999 0.0921875 0.07291666718749999 0.0953125 0.0458333328125 0.1234375 0.03125 0.0984375 0.029166667187500002 0.065625 0.01875 0.0609375 0.0020833328125000002 0.06875 0.0020833328125000002 0.1140625 0.01875 0.153125 0.00625 0.2015625 0.01875 0.225 0.0354166671875 0.2375 0.07083333281250001 0.2515625 0.10833333281249999 0.2546875 0.13125 0.246875 0.1458333328125 0.23125 0.1583333328125 0.23125 0.1708333328125 0.2203125 0.20833333281250002 0.2203125 0.225 0.203125 0.225 0.2 0.21875 0.1890625 0.19583333281249998 0.178125 0.19583333281249998 0.15 0.1708333328125 0.11875 0.19583333281249998 0.0765625 0.1833333328125 0.0625 0.1708333328125 0.0625 0.1395833328125 0.0984375
1 0.3479166671875 0.3859375 0.35625 0.409375 0.36666666718749996 0.4140625 0.3895833328125 0.3984375 0.4145833328125 0.3984375 0.42291666718750004 0.403125 0.41875 0.4078125 0.4270833328125 0.4078125 0.4375 0.41875 0.43958333281249995 0.4390625 0.44166666718750003 0.428125 0.51875 0.3734375 0.5479166671875 0.3359375 0.5708333328124999 0.3265625 0.5833333328125 0.3015625 0.5791666671875 0.2953125 0.59375 0.29375 0.5979166671875 0.2875 0.5979166671875 0.2859375 0.5854166671875001 0.2671875 0.5729166671875 0.2609375 0.525 0.2625 0.4791666671875 0.275 0.46875 0.2875 0.42083333281249996 0.3140625 0.35 0.36875 0.3479166671875 0.3859375
1 0.6395833328125 0.3421875 0.6395833328125 0.3328125 0.6083333328125 0.3125 0.6 0.315625 0.5625 0.3421875 0.5541666671875001 0.3671875 0.5770833328125 0.3828125 0.6083333328125 0.3796875 0.625 0.371875 0.6395833328125 0.3421875
1 0.6958333328124999 0.29375 0.68125 0.278125 0.6645833328124999 0.2765625 0.6458333328125 0.290625 0.6375 0.3109375 0.64375 0.3171875 0.6625 0.3171875 0.6958333328124999 0.3015625 0.6958333328124999 0.29375