1 0.0109375 0.51875 0.0125 0.55 0.0265625 0.5895833328125 0.0609375 0.6229166671875 0.0984375 0.6354166671875 0.1359375 0.6291666671875 0.1703125 0.6041666671875 0.19375 0.5708333328124999 0.2046875 0.5291666671875 0.203125 0.48125 0.1890625 0.4479166671875 0.146875 0.4125 0.125 0.40625 0.1140625 0.40625 0.0796875 0.4125 0.05 0.43125 0.0203125 0.475 0.0109375 0.51875
1 0.25625 0.46875 0.25625 0.49375 0.2671875 0.5125 0.365625 0.525 0.3953125 0.5208333328125 0.4046875 0.49791666718750005 0.4015625 0.46875 0.40625 0.4604166671875 0.40625 0.4375 0.3984375 0.4145833328125 0.3765625 0.39375 0.3015625 0.3854166671875 0.2875 0.3854166671875 0.2703125 0.3958333328125 0.259375 0.4166666671875 0.265625 0.45208333281249996 0.25625 0.46875
1 0.353125 0.7 0.3578125 0.7104166671875001 0.340625 0.74375 0.3453125 0.7583333328124999 0.3671875 0.7458333328125 0.3859375 0.7541666671875 0.41875 0.75 0.434375 0.7354166671875 0.459375 0.6958333328124999 0.4640625 0.6583333328125 0.4546875 0.6166666671875001 0.4390625 0.6 0.4109375 0.5916666671875 0.403125 0.5916666671875 0.3765625 0.6020833328124999 0.3578125 0.6375 0.353125 0.6583333328125 0.353125 0.7
1 0.48125 0.5895833328125 0.478125 0.575 0.4625 0.5604166671875 0.4609375 0.5604166671875 0.459375 0.575 0.4453125 0.5916666671875 0.45625 0.6104166671875 0.48125 0.5895833328125
1 0.5640625 0.625 0.59375 0.6458333328125 0.60625 0.6458333328125 0.628125 0.5479166671875 0.565625 0.5104166671875 0.5625 0.5104166671875 0.5578125 0.5333333328125 0.5328125 0.5770833328125 0.525 0.6125 0.5640625 0.625
1 0.55625 0.7625 0.54375 0.7458333328125 0.46875 0.6875 0.4671875 0.6854166671875 0.4203125 0.7791666671875 0.4109375 0.8145833328125001 0.5046875 0.8895833328125 0.55625 0.7625
1 0.746875 0.9083333328125001 0.7484375 0.95 0.753125 0.9583333328125001 0.7734375 0.9541666671875 0.80625 0.9729166671874999 0.8546875 0.9854166671875 0.865625 0.9645833328125001 0.871875 0.93125 0.8734375 0.8583333328125 0.8609375 0.8458333328125001 0.80625 0.825 0.796875 0.825 0.7859375 0.8416666671874999 0.7703125 0.8458333328125001 0.7546875 0.8625 0.746875 0.9083333328125001
1 0.65625 0.8791666671874999 0.6640625 0.8895833328125 0.6859375 0.8916666671875 0.73125 0.8729166671874999 0.7703125 0.84375 0.7859375 0.8395833328125001 0.79375 0.8291666671875 0.80625 0.7895833328124999 0.803125 0.7666666671875 0.7703125 0.7333333328125 0.753125 0.725 0.74375 0.725 0.6765625 0.7520833328125 0.640625 0.7791666671875 0.6453125 0.8375 0.65625 0.8791666671874999
1 0.140625 0.7333333328125 0.1703125 0.7916666671875 0.1609375 0.8375 0.1625 0.8729166671874999 0.1703125 0.8958333328125001 0.1875 0.9208333328125 0.2125 0.9354166671874999 0.2625 0.9395833328125001 0.2828125 0.9291666671875 0.2984375 0.9 0.2984375 0.88125 0.3078125 0.8479166671874999 0.303125 0.7916666671875 0.275 0.7541666671875 0.23125 0.7416666671875001 0.190625 0.6770833328125 0.175 0.6729166671875 0.159375 0.6541666671875 0.153125 0.6541666671875 0.1375 0.6666666671875 0.134375 0.68125 0.1390625 0.6875 0.140625 0.7333333328125
1 0.121875 0.7875 0.13125 0.7791666671875 0.1390625 0.7458333328125 0.1375 0.7104166671875001 0.1421875 0.6916666671875 0.134375 0.6729166671875 0.10625 0.6645833328124999 0.0921875 0.6645833328124999 0.0703125 0.69375 0.075 0.7479166671875 0.084375 0.7770833328125 0.121875 0.7875
1 0.7078125 0.7020833328125 0.753125 0.6625 0.759375 0.65 0.696875 0.5291666671875 0.690625 0.5291666671875 0.640625 0.5729166671875 0.690625 0.6833333328125 0.7 0.7 0.7078125 0.7020833328125
1 0.7859375 0.6729166671875 0.771875 0.6791666671875001 0.7515625 0.6770833328125 0.746875 0.6958333328124999 0.7671875 0.7083333328125 0.7703125 0.7208333328125 0.765625 0.7270833328124999 0.7796875 0.7395833328125 0.7875 0.7395833328125 0.8109375 0.7125 0.821875 0.7125 0.8328125 0.7 0.8578125 0.6979166671875 0.8765625 0.6666666671875 0.86875 0.6083333328125 0.8609375 0.6083333328125 0.8265625 0.625 0.8125 0.6479166671875001 0.79375 0.6479166671875001 0.7859375 0.6729166671875
1 0.63125 0.5395833328124999 0.6546875 0.5479166671875 0.7390625 0.4583333328125 0.7578125 0.4 0.6171875 0.2875 0.6125 0.2875 0.546875 0.4166666671875 0.5359375 0.45 0.5640625 0.48541666718750004 0.63125 0.5395833328124999
1 0.453125 0.2416666671875 0.428125 0.31875 0.434375 0.3416666671875 0.459375 0.35625 0.4796875 0.3583333328125 0.49375 0.3916666671875 0.534375 0.4291666671875 0.54375 0.42291666718750004 0.6140625 0.28125 0.696875 0.3458333328125 0.696875 0.32083333281250004 0.68125 0.2854166671875 0.6515625 0.2645833328125 0.6265625 0.2520833328125 0.5546875 0.23333333281250002 0.5328125 0.23125 0.528125 0.23958333281250002 0.5203125 0.23333333281250002 0.5359375 0.1125 0.5296875 0.0958333328125 0.5140625 0.0875 0.50625 0.0875 0.4921875 0.0916666671875 0.4859375 0.1020833328125 0.4578125 0.19583333281249998 0.453125 0.2416666671875