1 0.2479166671875 0.5046875 0.21875 0.515625 0.1708333328125 0.5546875 0.14791666718750002 0.5921875 0.05625 0.6234375 0.0416666671875 0.6359375 0.0395833328125 0.6609375 0.05208333281250001 0.684375 0.0791666671875 0.703125 0.1145833328125 0.7046875 0.1520833328125 0.6890625 0.1854166671875 0.6875 0.21458333281250003 0.7 0.2645833328125 0.7109375 0.30625 0.7109375 0.3291666671875 0.7015625 0.3541666671875 0.6765625 0.375 0.6359375 0.375 0.6234375 0.36875 0.61875 0.375 0.6125 0.4583333328125 0.59375 0.4895833328125 0.5984375 0.55 0.58125 0.55 0.57265625 0.5458333328125 0.5515625 0.5333333328125 0.5328125 0.3875 0.5421875 0.3479166671875 0.5375 0.2958333328125 0.50625 0.2479166671875 0.5046875
1 0.3541666671875 0.95 0.3625 0.9625 0.4125 0.984375 0.4291666671875 0.9984375 0.5104166671875 0.9984375 0.5229166671875001 0.9890625 0.5270833328125 0.9734375 0.5270833328125 0.965625 0.525 0.9359375 0.5020833328125 0.915625 0.4625 0.915625 0.42291666718750004 0.9328125 0.3708333328125 0.9421875 0.3541666671875 0.95
1 0.5291666671875 0.690625 0.4770833328125 0.6984375 0.39375 0.7390625 0.3458333328125 0.7796875 0.325 0.815625 0.325 0.8421875 0.2541666671875 0.8390625 0.21875 0.8453125 0.20625 0.8578125 0.1770833328125 0.9125 0.1708333328125 0.9578125 0.20208333281250002 0.9984375 0.2979166671875 0.9984375 0.3 0.990625 0.30416666718749996 0.9984375 0.3479166671875 0.9984375 0.3583333328125 0.965625 0.3416666671875 0.9484375 0.41875 0.9328125 0.45 0.9125 0.49791666718750005 0.9125 0.5958333328125 0.9875 0.61875 0.9984375 0.64375 0.9984375 0.68125 0.9765625 0.7 0.946875 0.7 0.9390625 0.6833333328125 0.9078125 0.6125 0.83125 0.6041666671875 0.759375 0.5958333328125 0.7375 0.55 0.69375 0.5291666671875 0.690625
1 0.0666666671875 0.346875 0.05208333281250001 0.3765625 0.029166667187500002 0.396875 0.0020833328125000002 0.409375 0.0020833328125000002 0.415625 0.054166667187499996 0.4421875 0.0916666671875 0.4421875 0.1208333328125 0.43125 0.1416666671875 0.4015625 0.19583333281249998 0.4 0.20416666718749998 0.390625 0.20625 0.371875 0.20625 0.3578125 0.1979166671875 0.340625 0.16875 0.325 0.125 0.3265625 0.0958333328125 0.3453125 0.06875 0.325 0.0666666671875 0.346875
1 0.09375 0.1265625 0.0166666671875 0.1046875 0.0020833328125000002 0.10625 0.0020833328125000002 0.1640625 0.0458333328125 0.234375 0.12291666718750001 0.2515625 0.175 0.2796875 0.2 0.2875 0.2208333328125 0.2875 0.2479166671875 0.278125 0.27291666718749996 0.2546875 0.27291666718749996 0.24453125 0.2645833328125 0.215625 0.225 0.178125 0.20833333281250002 0.146875 0.1895833328125 0.1296875 0.1708333328125 0.1234375 0.09375 0.1265625
1 0.25 0.3953125 0.2645833328125 0.4015625 0.38333333281250004 0.3765625 0.40416666718750005 0.3703125 0.40833333281249995 0.359375 0.40833333281249995 0.3453125 0.39791666718749996 0.3171875 0.375 0.2953125 0.2375 0.328125 0.2270833328125 0.3359375 0.23333333281250002 0.3734375 0.25 0.3953125
1 0.39791666718749996 0.4375 0.42083333281249996 0.415625 0.42083333281249996 0.4078125 0.40625 0.371875 0.3958333328125 0.371875 0.31875 0.3921875 0.3125 0.4109375 0.3395833328125 0.45 0.39791666718749996 0.4375
1 0.40208333281249997 0.4640625 0.425 0.478125 0.45 0.4765625 0.4604166671875 0.48125 0.46666666718750005 0.4734375 0.5291666671875 0.45625 0.5291666671875 0.4421875 0.5208333328125 0.4109375 0.5041666671875 0.390625 0.425 0.409375 0.42291666718750004 0.4171875 0.39375 0.4421875 0.40208333281249997 0.4640625
1 0.5416666671875 0.4046875 0.5458333328125 0.41875 0.6083333328125 0.453125 0.6583333328125 0.459375 0.6770833328125 0.4546875 0.68125 0.4484375 0.68125 0.446875 0.6583333328125 0.415625 0.625 0.396875 0.5791666671875 0.384375 0.5625 0.384375 0.5479166671875 0.3921875 0.5416666671875 0.4046875
1 0.25625 0.1890625 0.25625 0.2 0.2770833328125 0.2359375 0.2791666671875 0.2578125 0.3 0.275 0.3229166671875 0.2828125 0.3770833328125 0.290625 0.3875 0.28125 0.3875 0.2729171875 0.3791666671875 0.228125 0.35208333281250004 0.175 0.31875 0.140625 0.29375 0.140625 0.26875 0.1609375 0.25625 0.1890625
1 0.1708333328125 0 0.1833333328125 0.0359375 0.1604166671875 0.05 0.1395833328125 0.0515625 0.1395833328125 0.06875 0.16875 0.11875 0.1895833328125 0.125 0.22291666718749997 0.15625 0.2854166671875 0.14375 0.3020833328125 0.1359375 0.3145833328125 0.1375 0.3395833328125 0.1546875 0.36666666718749996 0.1328125 0.39375 0.0984375 0.3958333328125 0.0984375 0.3895833328125 0.090625 0.38333333281250004 0.03125 0.3708333328125 0 0.3291666671875 0 0.35208333281250004 0.053125 0.35208333281250004 0.0703125 0.34375 0.078125 0.325 0.0734375 0.31875 0.0640625 0.31875 0.040625 0.30625 0.021875 0.2854166671875 0.0109375 0.2833333328125 0 0.1708333328125 0
1 0.55 0.6265625 0.55 0.634375 0.53125 0.6359375 0.5395833328124999 0.64375 0.5395833328124999 0.65625 0.53125 0.6671875 0.5333333328125 0.6859375 0.55625 0.69375 0.575 0.6859375 0.6041666671875 0.703125 0.6354166671875 0.70625 0.6416666671875 0.6734375 0.6520833328125 0.6609375 0.6520833328125 0.6578125 0.5854166671875001 0.646875 0.59375 0.6390625 0.59375 0.625 0.5875 0.621875 0.5666666671875 0.621875 0.55 0.6265625
1 0.34375 0.7546875 0.3479166671875 0.7515625 0.3229166671875 0.7515625 0.3145833328125 0.778125 0.31875 0.8109375 0.325 0.809375 0.34375 0.778125 0.34375 0.7546875
1 0.6458333328125 0.7359375 0.6083333328125 0.7390625 0.6166666671875001 0.75625 0.65 0.7484375 0.6520833328125 0.746875 0.6458333328125 0.7359375
1 0.38125 0.7484375 0.38125 0.746875 0.33541666718749996 0.7453125 0.32083333281250004 0.75 0.3104166671875 0.7859375 0.32083333281250004 0.81875 0.3458333328125 0.778125 0.38125 0.7484375
1 0.25625 0.7125 0.3125 0.746875 0.39375 0.7359375 0.40208333281249997 0.6546875 0.40208333281249997 0.6459374999999999 0.40208333281249997 0.6109375 0.3770833328125 0.6140625 0.3770833328125 0.6390625 0.3375 0.6984375 0.3083333328125 0.7125 0.25625 0.7125