1 0.61875 0.45 0.61875 0.50625 0.6359375 0.5354166671875 0.66875 0.5625 0.715625 0.56875 0.740625 0.5583333328125 0.7703125 0.5270833328125 0.7859375 0.4916666671875 0.7921875 0.46458333281249997 0.7875 0.4166666671875 0.7703125 0.3916666671875 0.7375 0.3729166671875 0.728125 0.3729166671875 0.6734375 0.38125 0.6609375 0.3895833328125 0.6296875 0.42291666718750004 0.61875 0.45
1 0.746875 0.2604166671875 0.7640625 0.2854166671875 0.7796875 0.2875 0.79375 0.30625 0.8140625 0.3104166671875 0.828125 0.3333333328125 0.84375 0.3375 0.853125 0.33125 0.86875 0.3020833328125 0.8875 0.29375 0.9 0.26875 0.9015625 0.2520833328125 0.88125 0.20833333281250002 0.81875 0.1729166671875 0.809375 0.1729166671875 0.79375 0.17916666718750002 0.7734375 0.2104166671875 0.753125 0.225 0.746875 0.2604166671875
1 0.6546875 0.3333333328125 0.6734375 0.35625 0.6734375 0.3770833328125 0.7140625 0.36666666718749996 0.7359375 0.36875 0.725 0.3291666671875 0.73125 0.31875 0.7140625 0.3083333328125 0.7046875 0.1708333328125 0.68125 0.09375 0.6703125 0.0791666671875 0.6609375 0.0791666671875 0.65 0.0895833328125 0.6453125 0.1041666671875 0.6375 0.1770833328125 0.6546875 0.3333333328125
1 0.5125 0.2833333328125 0.525 0.3083333328125 0.54375 0.32083333281250004 0.5671875 0.32083333281250004 0.5921875 0.30625 0.60625 0.28958333281250004 0.6140625 0.25833333281250004 0.6140625 0.23333333281250002 0.5984375 0.20625 0.559375 0.19375 0.540625 0.1395833328125 0.5328125 0.13125 0.525 0.13125 0.5140625 0.14791666718750002 0.5203125 0.2270833328125 0.5109375 0.2541666671875 0.5125 0.2833333328125
1 0.5640625 0.4145833328125 0.55625 0.43958333281249995 0.565625 0.45208333281249996 0.590625 0.4375 0.6140625 0.4583333328125 0.6265625 0.425 0.646875 0.39791666718749996 0.640625 0.3458333328125 0.6296875 0.3333333328125 0.6109375 0.3270833328125 0.6078125 0.3270833328125 0.5734375 0.34375 0.5625 0.36875 0.559375 0.3875 0.5640625 0.4145833328125
1 0.4609375 0.58125 0.4859375 0.6229166671875 0.496875 0.6229166671875 0.515625 0.6395833328125 0.525 0.6375 0.5953125 0.5645833328125 0.5953125 0.5520833328125 0.584375 0.525 0.5890625 0.5145833328125 0.5875 0.49375 0.578125 0.47083333281249995 0.5609375 0.46666666718750005 0.5296875 0.38333333281250004 0.5203125 0.38333333281250004 0.4921875 0.4145833328125 0.490625 0.43125 0.5234375 0.5104166671875 0.4609375 0.58125
1 0.5015625 0.7479166671875 0.5109375 0.75625 0.509375 0.7895833328124999 0.528125 0.8020833328125001 0.540625 0.78125 0.584375 0.7708333328125 0.5953125 0.7583333328124999 0.6109375 0.7541666671875 0.6140625 0.74375 0.6078125 0.7166666671875 0.615625 0.6854166671875 0.6109375 0.6708333328125 0.56875 0.6541666671875 0.5453125 0.6541666671875 0.54375 0.6520833328125 0.5171875 0.6604166671875 0.4796875 0.7270833328124999 0.484375 0.7458333328125 0.5015625 0.7479166671875
2 0.46875 0.6854166671875 0.4828125 0.6708333328125 0.4859375 0.6458333328125 0.4625 0.5916666671875 0.4375 0.5583333328125 0.425 0.5583333328125 0.403125 0.5770833328125 0.3984375 0.60625 0.4453125 0.68125 0.46875 0.6854166671875
1 0.4671875 0.8520833328125 0.478125 0.8604166671875 0.496875 0.8541666671874999 0.5015625 0.8458333328125001 0.5 0.8020833328125001 0.4828125 0.7479166671875 0.4640625 0.725 0.4234375 0.7041666671875 0.40625 0.6875 0.4015625 0.6875 0.3984375 0.6958333328124999 0.409375 0.71875 0.4265625 0.7854166671875 0.4671875 0.8520833328125
1 0.371875 0.7854166671875 0.3875 0.79375 0.415625 0.7916666671875 0.4234375 0.7833333328125 0.421875 0.7708333328125 0.3984375 0.6916666671875 0.3796875 0.675 0.3609375 0.66875 0.353125 0.66875 0.34375 0.6770833328125 0.3421875 0.6916666671875 0.3609375 0.7708333328125 0.371875 0.7854166671875
1 0.3203125 0.8833333328125 0.334375 0.9041666671874999 0.346875 0.9104166671874999 0.365625 0.9083333328125001 0.390625 0.88125 0.396875 0.8270833328125 0.3875 0.8208333328125 0.35625 0.8229166671874999 0.35 0.8041666671875 0.3328125 0.7958333328125 0.325 0.7958333328125 0.3140625 0.8 0.30625 0.8145833328125001 0.30625 0.8333333328125001 0.3203125 0.8833333328125
1 0.240625 0.7645833328125 0.2515625 0.7833333328125 0.2796875 0.8041666671875 0.2921875 0.80625 0.31875 0.7833333328125 0.325 0.76875 0.3265625 0.7416666671875001 0.3109375 0.7145833328125 0.2890625 0.6958333328124999 0.2765625 0.6958333328124999 0.2625 0.7041666671875 0.2453125 0.7270833328124999 0.2390625 0.7270833328124999 0.240625 0.7645833328125
1 0.11875 0.8291666671875 0.0765625 0.8041666671875 0.0625 0.8166666671874999 0.0625 0.8291666671875 0.0984375 0.8604166671875 0.0921875 0.8916666671875 0.0953125 0.9270833328125001 0.1234375 0.9541666671875 0.0984375 0.96875 0.065625 0.9708333328125001 0.0609375 0.98125 0.06875 0.9979166671874999 0.1140625 0.9979166671874999 0.153125 0.98125 0.2015625 0.99375 0.225 0.98125 0.2375 0.9645833328125001 0.2515625 0.9291666671875 0.2546875 0.8916666671875 0.246875 0.86875 0.23125 0.8541666671874999 0.23125 0.8416666671874999 0.2203125 0.8291666671875 0.2203125 0.7916666671875 0.203125 0.775 0.2 0.775 0.1890625 0.78125 0.178125 0.8041666671875 0.15 0.8041666671875 0.11875 0.8291666671875
1 0.275 0.5208333328125 0.2875 0.53125 0.3140625 0.5791666671875 0.36875 0.65 0.3859375 0.6520833328125 0.409375 0.64375 0.4140625 0.6333333328124999 0.3984375 0.6104166671875 0.3984375 0.5854166671875001 0.403125 0.5770833328125 0.4078125 0.58125 0.4078125 0.5729166671875 0.41875 0.5625 0.4390625 0.5604166671875 0.428125 0.5583333328125 0.3734375 0.48125 0.3359375 0.45208333281249996 0.3265625 0.4291666671875 0.3015625 0.4166666671875 0.2953125 0.42083333281249996 0.29375 0.40625 0.2875 0.40208333281249997 0.2859375 0.40208333281249997 0.2671875 0.4145833328125 0.2609375 0.4270833328125 0.2625 0.475 0.275 0.5208333328125
1 0.3671875 0.4458333328125 0.3828125 0.42291666718750004 0.3796875 0.3916666671875 0.371875 0.375 0.3421875 0.3604166671875 0.3328125 0.3604166671875 0.3125 0.3916666671875 0.315625 0.4 0.3421875 0.4375 0.3671875 0.4458333328125
1 0.3109375 0.3625 0.3171875 0.35625 0.3171875 0.3375 0.3015625 0.30416666718749996 0.29375 0.30416666718749996 0.278125 0.31875 0.2765625 0.33541666718749996 0.290625 0.3541666671875 0.3109375 0.3625