1 0.61875 0.3265625 0.6270833328125 0.271875 0.6270833328125 0.2625 0.6083333328125 0.2296875 0.5833333328125 0.2125 0.5354166671875 0.2078125 0.5083333328124999 0.2140625 0.47291666718750003 0.2296875 0.44166666718750003 0.259375 0.43125 0.284375 0.4375 0.33125 0.46458333281249997 0.3640625 0.49375 0.38125 0.55 0.38125 0.5770833328125 0.3703125 0.6104166671875 0.3390625 0.61875 0.3265625
1 0.8208333328125 0.20625 0.8270833328125 0.190625 0.8270833328125 0.18125 0.7916666671875 0.11875 0.7479166671875 0.0984375 0.73125 0.1 0.70625 0.1125 0.6979166671875 0.13125 0.66875 0.146875 0.6625 0.15625 0.6666666671875 0.171875 0.6895833328125 0.1859375 0.69375 0.20625 0.7125 0.2203125 0.7145833328125 0.2359375 0.7395833328125 0.253125 0.775 0.246875 0.7895833328124999 0.2265625 0.8208333328125 0.20625
1 0.9104166671874999 0.35 0.9208333328125 0.3390625 0.9208333328125 0.3296875 0.90625 0.31875 0.8291666671875 0.2953125 0.6916666671875 0.2859375 0.68125 0.26875 0.6708333328125 0.275 0.63125 0.2640625 0.6333333328124999 0.2859375 0.6229166671875 0.3265625 0.64375 0.3265625 0.6666666671875 0.3453125 0.8229166671874999 0.3625 0.8958333328125001 0.3546875 0.9104166671874999 0.35
1 0.8520833328125 0.4859375 0.86875 0.475 0.86875 0.4671875 0.8604166671875 0.459375 0.80625 0.440625 0.79375 0.4015625 0.7666666671875 0.3859375 0.7416666671875001 0.3859375 0.7104166671875001 0.39375 0.69375 0.4078125 0.6791666671875001 0.4328125 0.6791666671875001 0.45625 0.6916666671875 0.475 0.7166666671875 0.4875 0.7458333328125 0.4890625 0.7729166671875001 0.4796875 0.8520833328125 0.4859375
1 0.65625 0.4265625 0.6729166671875 0.3921875 0.6729166671875 0.3890625 0.6666666671875 0.3703125 0.6541666671875 0.359375 0.6020833328124999 0.353125 0.575 0.3734375 0.5416666671875 0.3859375 0.5625 0.409375 0.5479166671875 0.434375 0.5604166671875 0.44375 0.5854166671875001 0.4359375 0.6125 0.440625 0.63125 0.4375 0.65625 0.4265625
1 0.5854166671875001 0.5078125 0.6166666671875001 0.4796875 0.6166666671875001 0.4703125 0.5333333328125 0.4390625 0.5291666671875 0.421875 0.50625 0.4125 0.48541666718750004 0.4109375 0.475 0.415625 0.4479166671875 0.4046875 0.43541666718750005 0.4046875 0.3625 0.475 0.3604166671875 0.484375 0.3770833328125 0.503125 0.3770833328125 0.5140625 0.41875 0.5390625 0.4895833328125 0.4765625 0.56875 0.509375 0.5854166671875001 0.5078125
1 0.3395833328125 0.4828125 0.3479166671875 0.45625 0.3458333328125 0.4546875 0.3458333328125 0.43125 0.3291666671875 0.3890625 0.3145833328125 0.384375 0.2833333328125 0.3921875 0.25625 0.3859375 0.24583333281250003 0.3890625 0.2416666671875 0.4046875 0.22916666718749998 0.415625 0.21875 0.459375 0.1979166671875 0.471875 0.2104166671875 0.490625 0.24375 0.4890625 0.2520833328125 0.4984375 0.2541666671875 0.515625 0.27291666718749996 0.5203125 0.3395833328125 0.4828125
2 0.42291666718750004 0.596875 0.44166666718750003 0.575 0.44166666718750003 0.5625 0.40833333281249995 0.5375 0.3541666671875 0.5140625 0.3291666671875 0.5171875 0.3145833328125 0.53125 0.31875 0.5546875 0.39375 0.6015625 0.42291666718750004 0.596875
1 0.30416666718749996 0.6015625 0.3125 0.5984375 0.3125 0.59375 0.2958333328125 0.5765625 0.275 0.5359375 0.2520833328125 0.5171875 0.1979166671875 0.5 0.1541666671875 0.4984375 0.1458333328125 0.503125 0.1395833328125 0.521875 0.14791666718750002 0.5328125 0.21458333281250003 0.5734375 0.28125 0.590625 0.30416666718749996 0.6015625
1 0.3229166671875 0.65625 0.33125 0.646875 0.33125 0.6390625 0.325 0.6203125 0.3083333328125 0.6015625 0.22916666718749998 0.578125 0.2166666671875 0.5765625 0.20833333281250002 0.584375 0.20625 0.6125 0.21458333281250003 0.628125 0.22916666718749998 0.6390625 0.3083333328125 0.6578125 0.3229166671875 0.65625
1 0.2 0.6859375 0.20416666718749998 0.675 0.20416666718749998 0.6671875 0.19583333281249998 0.65 0.1770833328125 0.64375 0.17916666718750002 0.6125 0.1729166671875 0.603125 0.11875 0.609375 0.0916666671875 0.634375 0.0895833328125 0.653125 0.0958333328125 0.665625 0.1166666671875 0.6796875 0.1666666671875 0.69375 0.1854166671875 0.69375 0.2 0.6859375
1 0.2958333328125 0.7375 0.30416666718749996 0.7234375 0.30416666718749996 0.7109375 0.2854166671875 0.6890625 0.25833333281250004 0.6734375 0.23125 0.675 0.2166666671875 0.68125 0.19375 0.7078125 0.19583333281249998 0.7203125 0.2166666671875 0.7484375 0.23541666718749998 0.759375 0.27291666718749996 0.7609375 0.27291666718749996 0.7546875 0.2958333328125 0.7375
1 0.21875 0.8109375 0.225 0.8 0.225 0.796875 0.20833333281250002 0.7796875 0.1708333328125 0.7796875 0.1583333328125 0.76875 0.1458333328125 0.76875 0.13125 0.753125 0.10833333281249999 0.7453125 0.07083333281250001 0.7484375 0.0354166671875 0.7625 0.01875 0.775 0.00625 0.7984375 0.01875 0.846875 0.0020833328125000002 0.8859375 0.0020833328125000002 0.93125 0.01875 0.9390625 0.029166667187500002 0.934375 0.03125 0.9015625 0.0458333328125 0.8765625 0.07291666718749999 0.9046875 0.10833333281249999 0.9078125 0.1395833328125 0.9015625 0.1708333328125 0.9375 0.1833333328125 0.9375 0.19583333281249998 0.9234375 0.1708333328125 0.88125 0.19583333281249998 0.85 0.19583333281249998 0.821875 0.21875 0.8109375
1 0.5854166671875001 0.7328125 0.5979166671875 0.7140625 0.5979166671875 0.7125 0.59375 0.70625 0.5791666671875 0.7046875 0.5833333328125 0.6984375 0.5708333328124999 0.6734375 0.5479166671875 0.6640625 0.51875 0.6265625 0.44166666718750003 0.571875 0.43958333281249995 0.5609375 0.4375 0.58125 0.4270833328125 0.5921875 0.41875 0.5921875 0.42291666718750004 0.596875 0.4145833328125 0.6015625 0.3895833328125 0.6015625 0.36666666718749996 0.5859375 0.35625 0.590625 0.3479166671875 0.6140625 0.35 0.63125 0.42083333281249996 0.6859375 0.46875 0.7125 0.4791666671875 0.725 0.525 0.7375 0.5729166671875 0.7390625 0.5854166671875001 0.7328125
1 0.6083333328125 0.6875 0.6395833328125 0.6671875 0.6395833328125 0.6578125 0.625 0.628125 0.6083333328125 0.6203125 0.5770833328125 0.6171875 0.5541666671875001 0.6328125 0.5625 0.6578125 0.6 0.684375 0.6083333328125 0.6875
1 0.68125 0.721875 0.6958333328124999 0.70625 0.6958333328124999 0.6984375 0.6625 0.6828125 0.64375 0.6828125 0.6375 0.6890625 0.6458333328125 0.709375 0.6645833328124999 0.7234375 0.68125 0.721875