1 0.725 0.7770833328125 0.7734375 0.79375 0.8171875 0.7958333328125 0.8203125 0.7395833328125 0.825 0.71875 0.8328125 0.7083333328125 0.83125 0.6958333328124999 0.7984375 0.6791666671875001 0.7390625 0.6729166671875 0.734375 0.6729166671875 0.7234375 0.6791666671875001 0.7203125 0.7125 0.715625 0.71875 0.725 0.7770833328125
1 0.6765625 0.5833333328125 0.6796875 0.6041666671875 0.684375 0.6020833328124999 0.68125 0.5833333328125 0.6765625 0.5833333328125
1 0.6265625 0.5333333328125 0.6265625 0.5729166671875 0.6390625 0.6166666671875001 0.6390625 0.6791666671875001 0.65 0.6958333328124999 0.6828125 0.7104166671875001 0.715625 0.7020833328125 0.721875 0.6729166671875 0.7734375 0.6125 0.771875 0.5875 0.7625 0.5770833328125 0.7515625 0.5854166671875001 0.740625 0.6083333328125 0.7328125 0.60625 0.7359375 0.5729166671875 0.7171875 0.5416666671875 0.715625 0.48541666718750004 0.7046875 0.47083333281249995 0.6921875 0.47083333281249995 0.675 0.49375 0.6640625 0.5395833328124999 0.6484375 0.5479166671875 0.6265625 0.5333333328125
1 0.3828125 0.6604166671875 0.3953125 0.675 0.4078125 0.6791666671875001 0.434375 0.6708333328125 0.4453125 0.6479166671875001 0.4453125 0.6270833328125 0.4328125 0.6083333328125 0.4265625 0.5729166671875 0.4171875 0.5625 0.4078125 0.5625 0.3953125 0.5770833328125 0.39375 0.60625 0.3796875 0.63125 0.3828125 0.6604166671875
1 0.24375 0.575 0.2703125 0.60625 0.290625 0.61875 0.30625 0.6166666671875001 0.38125 0.5791666671875 0.340625 0.4770833328125 0.3296875 0.4791666671875 0.3015625 0.45625 0.26875 0.45 0.2625 0.45 0.2546875 0.4583333328125 0.2453125 0.4916666671875 0.2375 0.5458333328125 0.24375 0.575
1 0.10625 0.65 0.1109375 0.65625 0.146875 0.6625 0.1546875 0.65625 0.15625 0.6395833328125 0.1640625 0.6291666671875 0.190625 0.6291666671875 0.19375 0.60625 0.1703125 0.5645833328125 0.171875 0.5375 0.1640625 0.5354166671875 0.153125 0.5666666671875 0.1203125 0.5270833328125 0.1140625 0.5270833328125 0.0921875 0.5791666671875 0.096875 0.6 0.1140625 0.6229166671875 0.10625 0.65
1 0.203125 0.5645833328125 0.2046875 0.5520833328125 0.1984375 0.5416666671875 0.18125 0.5354166671875 0.1703125 0.5354166671875 0.1703125 0.5645833328125 0.178125 0.58125 0.184375 0.5833333328125 0.203125 0.5645833328125
1 0.159375 0.5479166671875 0.153125 0.5333333328125 0.153125 0.5291666671875 0.15 0.5375 0.1328125 0.5416666671875 0.1515625 0.5666666671875 0.159375 0.5479166671875
1 0.153125 0.5291666671875 0.196875 0.5375 0.2203125 0.5125 0.240625 0.5083333328124999 0.24375 0.4916666671875 0.228125 0.47291666718750003 0.2203125 0.47291666718750003 0.2265625 0.48125 0.2171875 0.49375 0.2078125 0.49375 0.2046875 0.4604166671875 0.203125 0.4604166671875 0.1921875 0.46875 0.18125 0.49583333281249997 0.1578125 0.5041666671875 0.153125 0.5291666671875
1 0.221875 0.46666666718750005 0.228125 0.42291666718750004 0.2203125 0.4145833328125 0.209375 0.4145833328125 0.2015625 0.42291666718750004 0.203125 0.44375 0.2140625 0.46666666718750005 0.221875 0.46666666718750005
1 0.2984375 0.45208333281249996 0.325 0.47083333281249995 0.3328125 0.46875 0.3359375 0.46458333281249997 0.33125 0.45 0.328125 0.3020833328125 0.284375 0.2979166671875 0.2828125 0.2958333328125 0.2734375 0.2979166671875 0.2609375 0.3125 0.2671875 0.4458333328125 0.2984375 0.45208333281249996
1 0.3703125 0.4291666671875 0.365625 0.4291666671875 0.359375 0.43541666718750005 0.3640625 0.4458333328125 0.3734375 0.4375 0.3703125 0.4291666671875
1 0.3390625 0.4625 0.3609375 0.47291666718750003 0.3859375 0.46875 0.39375 0.4583333328125 0.39375 0.43541666718750005 0.3921875 0.41875 0.38125 0.40625 0.3734375 0.40625 0.35 0.40625 0.3390625 0.4145833328125 0.334375 0.4375 0.3390625 0.4625
1 0.5234375 0.5895833328125 0.5359375 0.60625 0.5609375 0.6229166671875 0.590625 0.625 0.625 0.6041666671875 0.628125 0.5479166671875 0.6234375 0.5270833328125 0.584375 0.5125 0.575390625 0.5125 0.534375 0.5166666671875 0.515625 0.5333333328125 0.5140625 0.5520833328125 0.5234375 0.5895833328125
1 0.4515625 0.6270833328125 0.459375 0.6020833328124999 0.4609375 0.49583333281249997 0.446875 0.43958333281249995 0.44375 0.43958333281249995 0.4296875 0.5 0.4296875 0.5708333328124999 0.4359375 0.6104166671875 0.4515625 0.6270833328125
1 0.5203125 0.46666666718750005 0.5359375 0.45625 0.5609375 0.45208333281249996 0.5671875 0.425 0.5640625 0.39791666718749996 0.5296875 0.3875 0.525 0.3875 0.50625 0.40208333281249997 0.5109375 0.4125 0.5125 0.45416666718750004 0.5203125 0.46666666718750005
1 0.4171875 0.5 0.390625 0.5 0.384375 0.5104166671875 0.4 0.5395833328124999 0.4203125 0.5583333328125 0.4296875 0.5541666671875001 0.4296875 0.5166666671875 0.434375 0.5083333328124999 0.43125 0.49583333281249997 0.4421875 0.4458333328125 0.4515625 0.4458333328125 0.459375 0.4895833328125 0.459375 0.5041666671875 0.4546875 0.5041666671875 0.459375 0.525 0.45625 0.5520833328125 0.471875 0.5395833328124999 0.465625 0.49375 0.4953125 0.47291666718750003 0.5046875 0.43958333281249995 0.503125 0.4125 0.4828125 0.3791666671875 0.4546875 0.3729166671875 0.4265625 0.3375 0.421875 0.3375 0.4109375 0.34375 0.4 0.3645833328125 0.4171875 0.40833333281249995 0.4171875 0.5
1 0.7265625 0.5395833328124999 0.7265625 0.5520833328125 0.7375 0.5708333328124999 0.7359375 0.6 0.7625 0.5708333328124999 0.7765625 0.5958333328125 0.7734375 0.6208333328125 0.75 0.6395833328125 0.7515625 0.65 0.8203125 0.6395833328125 0.8296875 0.6270833328125 0.8375 0.56875 0.8109375 0.53125 0.796875 0.5229166671875001 0.7890625 0.5229166671875001 0.778125 0.5291666671875 0.74375 0.525 0.7328125 0.5291666671875 0.7265625 0.5395833328124999
1 0.59375 0.5104166671875 0.6046875 0.4916666671875 0.603125 0.46875 0.5671875 0.45416666718750004 0.55625 0.45416666718750004 0.5359375 0.4583333328125 0.5234375 0.46875 0.534375 0.5083333328124999 0.59375 0.5104166671875
1 0.621875 0.5208333328125 0.634375 0.5291666671875 0.65 0.5270833328125 0.6546875 0.5104166671875 0.653125 0.39375 0.6453125 0.3791666671875 0.6375 0.3791666671875 0.6296875 0.3791666671875 0.621875 0.3916666671875 0.615625 0.5020833328125 0.621875 0.5208333328125
1 0.4875 0.3791666671875 0.503125 0.3229166671875 0.503125 0.2979166671875 0.496875 0.2854166671875 0.4890625 0.2854166671875 0.465625 0.3104166671875 0.45 0.3583333328125 0.4515625 0.36875 0.4875 0.3791666671875