1 0.6354166671875 0.9015625 0.6291666671875 0.8640625 0.6041666671875 0.8296875 0.5708333328124999 0.80625 0.5291666671875 0.7953125 0.48125 0.796875 0.4479166671875 0.8109375 0.4125 0.853125 0.40625 0.875 0.40625 0.8859375 0.4125 0.9203125 0.43125 0.95 0.475 0.9796875 0.51875 0.9890625 0.55 0.9875 0.5895833328125 0.9734375 0.6229166671875 0.9390625 0.6354166671875 0.9015625
1 0.5208333328125 0.6046875 0.49791666718750005 0.5953125 0.46875 0.5984375 0.4604166671875 0.59375 0.4375 0.59375 0.4145833328125 0.6015625 0.39375 0.6234375 0.3854166671875 0.6984375 0.3854166671875 0.7125 0.3958333328125 0.7296875 0.4166666671875 0.740625 0.45208333281249996 0.734375 0.46875 0.74375 0.49375 0.74375 0.5125 0.7328125 0.525 0.634375 0.5208333328125 0.6046875
1 0.7458333328125 0.6328125 0.7541666671875 0.6140625 0.75 0.58125 0.7354166671875 0.565625 0.6958333328124999 0.540625 0.6583333328125 0.5359375 0.6166666671875001 0.5453125 0.6 0.5609375 0.5916666671875 0.5890625 0.5916666671875 0.596875 0.6020833328124999 0.6234375 0.6375 0.6421875 0.6583333328125 0.646875 0.7 0.646875 0.7104166671875001 0.6421875 0.74375 0.659375 0.7583333328124999 0.6546875 0.7458333328125 0.6328125
1 0.575 0.540625 0.5916666671875 0.5546875 0.6104166671875 0.54375 0.5895833328125 0.51875 0.575 0.521875 0.5604166671875 0.5375 0.5604166671875 0.5390625 0.575 0.540625
1 0.5104166671875 0.434375 0.5104166671875 0.4375 0.5333333328125 0.4421875 0.5770833328125 0.4671875 0.6125 0.475 0.625 0.4359375 0.6458333328125 0.40625 0.6458333328125 0.39375 0.5479166671875 0.371875 0.5104166671875 0.434375
1 0.7791666671875 0.5796875 0.8145833328125001 0.5890625 0.8895833328125 0.4953125 0.7625 0.44375 0.7458333328125 0.45625 0.6875 0.53125 0.6854166671875 0.5328125 0.7791666671875 0.5796875
1 0.9729166671874999 0.19375 0.9854166671875 0.1453125 0.9645833328125001 0.134375 0.93125 0.128125 0.8583333328125 0.1265625 0.8458333328125001 0.1390625 0.825 0.19375 0.825 0.203125 0.8416666671874999 0.2140625 0.8458333328125001 0.2296875 0.8625 0.2453125 0.9083333328125001 0.253125 0.95 0.2515625 0.9583333328125001 0.246875 0.9541666671875 0.2265625 0.9729166671874999 0.19375
1 0.84375 0.2296875 0.8395833328125001 0.2140625 0.8291666671875 0.20625 0.7895833328124999 0.19375 0.7666666671875 0.196875 0.7333333328125 0.2296875 0.725 0.246875 0.725 0.25625 0.7520833328125 0.3234375 0.7791666671875 0.359375 0.8375 0.3546875 0.8791666671874999 0.34375 0.8895833328125 0.3359375 0.8916666671875 0.3140625 0.8729166671874999 0.26875 0.84375 0.2296875
1 0.8958333328125001 0.8296875 0.9208333328125 0.8125 0.9354166671874999 0.7875 0.9395833328125001 0.7375 0.9291666671875 0.7171875 0.9 0.7015625 0.88125 0.7015625 0.8479166671874999 0.6921875 0.7916666671875 0.696875 0.7541666671875 0.725 0.7416666671875001 0.76875 0.6770833328125 0.809375 0.6729166671875 0.825 0.6541666671875 0.840625 0.6541666671875 0.846875 0.6666666671875 0.8625 0.68125 0.865625 0.6875 0.8609375 0.7333333328125 0.859375 0.7916666671875 0.8296875 0.8375 0.8390625 0.8729166671874999 0.8375 0.8958333328125001 0.8296875
1 0.6916666671875 0.8578125 0.6729166671875 0.865625 0.6645833328124999 0.89375 0.6645833328124999 0.9078125 0.69375 0.9296875 0.7479166671875 0.925 0.7770833328125 0.915625 0.7875 0.878125 0.7791666671875 0.86875 0.7458333328125 0.8609375 0.7104166671875001 0.8625 0.6916666671875 0.8578125
1 0.5291666671875 0.309375 0.5729166671875 0.359375 0.6833333328125 0.309375 0.7 0.3 0.7020833328125 0.2921875 0.6625 0.246875 0.65 0.240625 0.5291666671875 0.303125 0.5291666671875 0.309375
1 0.7083333328125 0.2328125 0.7208333328125 0.2296875 0.7270833328124999 0.234375 0.7395833328125 0.2203125 0.7395833328125 0.2125 0.7125 0.1890625 0.7125 0.178125 0.7 0.1671875 0.6979166671875 0.1421875 0.6666666671875 0.1234375 0.6083333328125 0.13125 0.6083333328125 0.1390625 0.625 0.1734375 0.6479166671875001 0.1875 0.6479166671875001 0.20625 0.6729166671875 0.2140625 0.6791666671875001 0.228125 0.6770833328125 0.2484375 0.6958333328124999 0.253125 0.7083333328125 0.2328125
1 0.2875 0.3828125 0.2875 0.3875 0.4166666671875 0.453125 0.45 0.4640625 0.48541666718750004 0.4359375 0.5395833328124999 0.36875 0.5479166671875 0.3453125 0.4583333328125 0.2609375 0.4 0.2421875 0.2875 0.3828125
1 0.3583333328125 0.5203125 0.3916666671875 0.50625 0.4291666671875 0.465625 0.42291666718750004 0.45625 0.28125 0.3859375 0.3458333328125 0.303125 0.32083333281250004 0.303125 0.2854166671875 0.31875 0.2645833328125 0.3484375 0.2520833328125 0.3734375 0.23333333281250002 0.4453125 0.23125 0.4671875 0.23958333281250002 0.471875 0.23333333281250002 0.4796875 0.1125 0.4640625 0.0958333328125 0.4703125 0.0875 0.4859375 0.0875 0.49375 0.0916666671875 0.5078125 0.1020833328125 0.5140625 0.19583333281249998 0.5421875 0.2416666671875 0.546875 0.31875 0.571875 0.3416666671875 0.565625 0.35625 0.540625 0.3583333328125 0.5203125