1 0.2953125 0.4375 0.2828125 0.45625 0.246875 0.4625 0.246875 0.49791666718750005 0.2546875 0.5020833328125 0.275 0.4875 0.2796875 0.5375 0.2984375 0.5645833328125 0.30625 0.5645833328125 0.35 0.5395833328124999 0.378125 0.50625 0.396875 0.5020833328125 0.4046875 0.4916666671875 0.403125 0.43958333281249995 0.384375 0.40208333281249997 0.353125 0.3916666671875 0.2953125 0.4375
1 0.2734375 0.33541666718749996 0.2640625 0.33541666718749996 0.228125 0.3604166671875 0.1875 0.40625 0.19375 0.425 0.240625 0.47083333281249995 0.2421875 0.47083333281249995 0.25 0.45625 0.2640625 0.4604166671875 0.2828125 0.45416666718750004 0.3109375 0.42291666718750004 0.315625 0.41041666718750003 0.315625 0.4 0.2984375 0.3854166671875 0.2734375 0.33541666718749996
1 0.378125 0.61875 0.3671875 0.6125 0.3578125 0.5604166671875 0.346875 0.54375 0.3296875 0.55 0.303125 0.5729166671875 0.30625 0.63125 0.2953125 0.6583333328125 0.2953125 0.675 0.3 0.6875 0.321875 0.7083333328125 0.3296875 0.7083333328125 0.3453125 0.7 0.3890625 0.70625 0.4046875 0.6875 0.4171875 0.6583333328125 0.4125 0.61875 0.403125 0.6041666671875 0.39375 0.6020833328124999 0.378125 0.61875
1 0.4625 0.4125 0.4390625 0.42291666718750004 0.4234375 0.44375 0.4109375 0.4791666671875 0.4109375 0.5 0.4171875 0.5354166671875 0.4296875 0.5625 0.453125 0.5895833328125 0.4828125 0.6041666671875 0.49375 0.6041666671875 0.5203125 0.5979166671875 0.546875 0.5708333328124999 0.5578125 0.5375 0.5578125 0.5020833328125 0.5453125 0.4583333328125 0.5203125 0.4270833328125 0.4875 0.4125 0.4625 0.4125
1 0.5546875 0.36666666718749996 0.5640625 0.3958333328125 0.5640625 0.42291666718750004 0.575 0.42291666718750004 0.61875 0.40833333281249995 0.6375 0.3791666671875 0.6375 0.3625 0.63125 0.35 0.596875 0.3104166671875 0.5828125 0.3125 0.5734375 0.3229166671875 0.5546875 0.36666666718749996
1 0.5265625 0.23333333281250002 0.5359375 0.2479166671875 0.5390625 0.26875 0.553125 0.28958333281250004 0.590625 0.3083333328125 0.603125 0.3083333328125 0.6203125 0.2833333328125 0.6203125 0.2541666671875 0.6109375 0.22291666718749997 0.6015625 0.20625 0.5828125 0.1916666671875 0.5515625 0.1875 0.528125 0.2166666671875 0.5265625 0.23333333281250002
1 0.796875 0.15 0.71875 0.14791666718750002 0.66875 0.1666666671875 0.665625 0.1875 0.675 0.20416666718749998 0.675 0.2166666671875 0.671875 0.24375 0.659375 0.2604166671875 0.6609375 0.2979166671875 0.7 0.3125 0.7390625 0.3166666671875 0.7477671875 0.3166666671875 0.8 0.3166666671875 0.8578125 0.30416666718749996 0.9390625 0.2625 0.95625 0.24583333281250003 0.95625 0.2375 0.928125 0.20625 0.846875 0.1604166671875 0.796875 0.15
1 1 0.0020833328125000002 0.9015625 0.0020833328125000002 0.8953125 0.05208333281250001 0.903125 0.0895833328125 0.9296875 0.125 0.9578125 0.1375 0.9661453124999999 0.1375 1 0.13125 1 0.0020833328125000002
1 0.821875 0.5041666671875 0.821875 0.4895833328125 0.7234375 0.43125 0.7109375 0.43125 0.696875 0.44166666718750003 0.6828125 0.46875 0.6734375 0.45416666718750004 0.6453125 0.43333333281249997 0.6265625 0.4375 0.6015625 0.475 0.58125 0.525 0.575 0.55 0.5765625 0.575 0.6109375 0.6041666671875 0.6734375 0.6104166671875 0.7484375 0.6625 0.753125 0.6625 0.775 0.6291666671875 0.7984375 0.55625 0.7484375 0.5229166671875001 0.7453125 0.5104166671875 0.759375 0.5083333328124999 0.79375 0.5291666671875 0.809375 0.53125 0.821875 0.5041666671875
1 0.865625 0.5375 0.853125 0.5354166671875 0.8453125 0.5416666671875 0.8125 0.59375 0.7875 0.5958333328125 0.76875 0.6479166671875001 0.75625 0.6625 0.74375 0.6645833328124999 0.7515625 0.6708333328125 0.74375 0.675 0.746875 0.6791666671875001 0.79375 0.6895833328125 0.796875 0.6895833328125 0.8484375 0.6625 0.90625 0.6666666671875 0.9171875 0.65625 0.9171875 0.6479166671875001 0.9046875 0.6354166671875 0.825 0.625 0.865625 0.55 0.865625 0.5375
1 0.90625 1 0.8921875 0.9166666671874999 0.859375 0.8416666671874999 0.859375 0.8229166671874999 0.88125 0.8104166671874999 0.8875 0.8020833328125001 0.8875 0.7916666671875 0.8578125 0.7208333328125 0.8453125 0.7125 0.821875 0.7104166671875001 0.8109375 0.7166666671875 0.8046875 0.7354166671875 0.7734375 0.7604166671875 0.76875 0.7833333328125 0.8140625 0.91875 0.815625 0.9354166671874999 0.846875 1 0.8553578125 1 0.90625 1
1 0.6953125 0.8229166671874999 0.6921875 0.8416666671874999 0.69375 0.8625 0.703125 0.88125 0.7171875 0.8979166671875 0.7359375 0.90625 0.7453125 0.90625 0.7734375 0.8958333328125001 0.784375 0.8791666671874999 0.7890625 0.8583333328125 0.765625 0.7708333328125 0.7515625 0.7625 0.7296875 0.7666666671875 0.7140625 0.7833333328125 0.6953125 0.8229166671874999
1 0.5875 0.6395833328125 0.56875 0.6604166671875 0.5625 0.68125 0.5625 0.7041666671875 0.575 0.7354166671875 0.5890625 0.7520833328125 0.6125 0.7645833328125 0.6208328125 0.7645833328125 0.6375 0.7645833328125 0.653125 0.75625 0.6671875 0.7395833328125 0.6734375 0.71875 0.6734375 0.6958333328124999 0.6609375 0.6583333328125 0.6328125 0.6333333328124999 0.5875 0.6395833328125
1 0.48125 0.7395833328125 0.48125 0.76875 0.4921875 0.8145833328125001 0.509375 0.825 0.515625 0.825 0.54375 0.7854166671875 0.565625 0.7270833328124999 0.5578125 0.6979166671875 0.525 0.65 0.515625 0.65 0.5078125 0.6604166671875 0.4875 0.7104166671875001 0.48125 0.7395833328125
1 0.6359375 1 0.6453125 0.98125 0.646875 0.95625 0.6546875 0.9354166671874999 0.6515625 0.9291666671875 0.65625 0.8833333328125 0.65 0.8583333328125 0.628125 0.81875 0.625 0.7770833328125 0.6046875 0.76875 0.584375 0.7854166671875 0.5859375 0.8083333328125001 0.5578125 0.8416666671874999 0.5515625 0.8604166671875 0.5515625 0.8895833328125 0.5703125 0.9354166671874999 0.55625 0.9791666671874999 0.565625 0.98125 0.5703125 1 0.5953125 1 0.603125 0.9875 0.615625 1 0.62578125 1 0.6359375 1
1 0.7125 0.9041666671874999 0.7125 0.9270833328125001 0.7296875 0.9416666671874999 0.7375 0.96875 0.759375 0.9916666671875 0.7828125 0.9979166671874999 0.790625 0.9979166671874999 0.809375 0.9875 0.81875 0.96875 0.8125 0.9208333328125 0.790625 0.8666666671875 0.7859375 0.86875 0.78125 0.8875 0.7640625 0.9041666671874999 0.7125 0.9041666671874999
1 0.79375 1 0.771875 0.9979166671874999 0.753125 0.9875 0.7359375 0.9666666671874999 0.7296875 0.94375 0.7203125 0.9354166671874999 0.6953125 0.94375 0.678125 0.9416666671874999 0.6609375 0.9541666671875 0.65625 0.9604166671875 0.65625 0.9770833328125 0.6625 1 0.670703125 1 0.79375 1
1 1 0.5833333328125 0.9921875 0.5833333328125 0.9625 0.5958333328125 0.95 0.6145833328125 0.94375 0.64375 0.9625 0.7020833328125 0.9765625 0.7208333328125 0.99375 0.73125 1 0.73125 1 0.5833333328125