1 0.4375 0.7046875 0.45625 0.7171875 0.4625 0.753125 0.49791666718750005 0.753125 0.5020833328125 0.7453125 0.4875 0.725 0.5375 0.7203125 0.5645833328125 0.7015625 0.5645833328125 0.69375 0.5395833328124999 0.65 0.50625 0.621875 0.5020833328125 0.603125 0.4916666671875 0.5953125 0.43958333281249995 0.596875 0.40208333281249997 0.615625 0.3916666671875 0.646875 0.4375 0.7046875
1 0.33541666718749996 0.7265625 0.33541666718749996 0.7359375 0.3604166671875 0.771875 0.40625 0.8125 0.425 0.80625 0.47083333281249995 0.759375 0.47083333281249995 0.7578125 0.45625 0.75 0.4604166671875 0.7359375 0.45416666718750004 0.7171875 0.42291666718750004 0.6890625 0.41041666718750003 0.684375 0.4 0.684375 0.3854166671875 0.7015625 0.33541666718749996 0.7265625
1 0.61875 0.621875 0.6125 0.6328125 0.5604166671875 0.6421875 0.54375 0.653125 0.55 0.6703125 0.5729166671875 0.696875 0.63125 0.69375 0.6583333328125 0.7046875 0.675 0.7046875 0.6875 0.7 0.7083333328125 0.678125 0.7083333328125 0.6703125 0.7 0.6546875 0.70625 0.6109375 0.6875 0.5953125 0.6583333328125 0.5828125 0.61875 0.5875 0.6041666671875 0.596875 0.6020833328124999 0.60625 0.61875 0.621875
1 0.4125 0.5375 0.42291666718750004 0.5609375 0.44375 0.5765625 0.4791666671875 0.5890625 0.5 0.5890625 0.5354166671875 0.5828125 0.5625 0.5703125 0.5895833328125 0.546875 0.6041666671875 0.5171875 0.6041666671875 0.50625 0.5979166671875 0.4796875 0.5708333328124999 0.453125 0.5375 0.4421875 0.5020833328125 0.4421875 0.4583333328125 0.4546875 0.4270833328125 0.4796875 0.4125 0.5125 0.4125 0.5375
1 0.36666666718749996 0.4453125 0.3958333328125 0.4359375 0.42291666718750004 0.4359375 0.42291666718750004 0.425 0.40833333281249995 0.38125 0.3791666671875 0.3625 0.3625 0.3625 0.35 0.36875 0.3104166671875 0.403125 0.3125 0.4171875 0.3229166671875 0.4265625 0.36666666718749996 0.4453125
1 0.23333333281250002 0.4734375 0.2479166671875 0.4640625 0.26875 0.4609375 0.28958333281250004 0.446875 0.3083333328125 0.409375 0.3083333328125 0.396875 0.2833333328125 0.3796875 0.2541666671875 0.3796875 0.22291666718749997 0.3890625 0.20625 0.3984375 0.1916666671875 0.4171875 0.1875 0.4484375 0.2166666671875 0.471875 0.23333333281250002 0.4734375
1 0.15 0.203125 0.14791666718750002 0.28125 0.1666666671875 0.33125 0.1875 0.334375 0.20416666718749998 0.325 0.2166666671875 0.325 0.24375 0.328125 0.2604166671875 0.340625 0.2979166671875 0.3390625 0.3125 0.3 0.3166666671875 0.2609375 0.3166666671875 0.2522328125 0.3166666671875 0.2 0.30416666718749996 0.1421875 0.2625 0.0609375 0.24583333281250003 0.04375 0.2375 0.04375 0.20625 0.071875 0.1604166671875 0.153125 0.15 0.203125
1 0.0020833328125000002 0 0.0020833328125000002 0.0984375 0.05208333281250001 0.1046875 0.0895833328125 0.096875 0.125 0.0703125 0.1375 0.0421875 0.1375 0.0338546875 0.13125 0 0.0020833328125000002 0
1 0.5041666671875 0.178125 0.4895833328125 0.178125 0.43125 0.2765625 0.43125 0.2890625 0.44166666718750003 0.303125 0.46875 0.3171875 0.45416666718750004 0.3265625 0.43333333281249997 0.3546875 0.4375 0.3734375 0.475 0.3984375 0.525 0.41875 0.55 0.425 0.575 0.4234375 0.6041666671875 0.3890625 0.6104166671875 0.3265625 0.6625 0.2515625 0.6625 0.246875 0.6291666671875 0.225 0.55625 0.2015625 0.5229166671875001 0.2515625 0.5104166671875 0.2546875 0.5083333328124999 0.240625 0.5291666671875 0.20625 0.53125 0.190625 0.5041666671875 0.178125
1 0.5375 0.134375 0.5354166671875 0.146875 0.5416666671875 0.1546875 0.59375 0.1875 0.5958333328125 0.2125 0.6479166671875001 0.23125 0.6625 0.24375 0.6645833328124999 0.25625 0.6708333328125 0.2484375 0.675 0.25625 0.6791666671875001 0.253125 0.6895833328125 0.20625 0.6895833328125 0.203125 0.6625 0.1515625 0.6666666671875 0.09375 0.65625 0.0828125 0.6479166671875001 0.0828125 0.6354166671875 0.0953125 0.625 0.175 0.55 0.134375 0.5375 0.134375
1 1 0.09375 0.9166666671874999 0.1078125 0.8416666671874999 0.140625 0.8229166671874999 0.140625 0.8104166671874999 0.11875 0.8020833328125001 0.1125 0.7916666671875 0.1125 0.7208333328125 0.1421875 0.7125 0.1546875 0.7104166671875001 0.178125 0.7166666671875 0.1890625 0.7354166671875 0.1953125 0.7604166671875 0.2265625 0.7833333328125 0.23125 0.91875 0.1859375 0.9354166671874999 0.184375 1 0.153125 1 0.1446421875 1 0.09375
1 0.8229166671874999 0.3046875 0.8416666671874999 0.3078125 0.8625 0.30625 0.88125 0.296875 0.8979166671875 0.2828125 0.90625 0.2640625 0.90625 0.2546875 0.8958333328125001 0.2265625 0.8791666671874999 0.215625 0.8583333328125 0.2109375 0.7708333328125 0.234375 0.7625 0.2484375 0.7666666671875 0.2703125 0.7833333328125 0.2859375 0.8229166671874999 0.3046875
1 0.6395833328125 0.4125 0.6604166671875 0.43125 0.68125 0.4375 0.7041666671875 0.4375 0.7354166671875 0.425 0.7520833328125 0.4109375 0.7645833328125 0.3875 0.7645833328125 0.3791671875 0.7645833328125 0.3625 0.75625 0.346875 0.7395833328125 0.3328125 0.71875 0.3265625 0.6958333328124999 0.3265625 0.6583333328125 0.3390625 0.6333333328124999 0.3671875 0.6395833328125 0.4125
1 0.7395833328125 0.51875 0.76875 0.51875 0.8145833328125001 0.5078125 0.825 0.490625 0.825 0.484375 0.7854166671875 0.45625 0.7270833328124999 0.434375 0.6979166671875 0.4421875 0.65 0.475 0.65 0.484375 0.6604166671875 0.4921875 0.7104166671875001 0.5125 0.7395833328125 0.51875
1 1 0.3640625 0.98125 0.3546875 0.95625 0.353125 0.9354166671874999 0.3453125 0.9291666671875 0.3484375 0.8833333328125 0.34375 0.8583333328125 0.35 0.81875 0.371875 0.7770833328125 0.375 0.76875 0.3953125 0.7854166671875 0.415625 0.8083333328125001 0.4140625 0.8416666671874999 0.4421875 0.8604166671875 0.4484375 0.8895833328125 0.4484375 0.9354166671874999 0.4296875 0.9791666671874999 0.44375 0.98125 0.434375 1 0.4296875 1 0.4046875 0.9875 0.396875 1 0.384375 1 0.37421875 1 0.3640625
1 0.9041666671874999 0.2875 0.9270833328125001 0.2875 0.9416666671874999 0.2703125 0.96875 0.2625 0.9916666671875 0.240625 0.9979166671874999 0.2171875 0.9979166671874999 0.209375 0.9875 0.190625 0.96875 0.18125 0.9208333328125 0.1875 0.8666666671875 0.209375 0.86875 0.2140625 0.8875 0.21875 0.9041666671874999 0.2359375 0.9041666671874999 0.2875
1 1 0.20625 0.9979166671874999 0.228125 0.9875 0.246875 0.9666666671874999 0.2640625 0.94375 0.2703125 0.9354166671874999 0.2796875 0.94375 0.3046875 0.9416666671874999 0.321875 0.9541666671875 0.3390625 0.9604166671875 0.34375 0.9770833328125 0.34375 1 0.3375 1 0.329296875 1 0.20625
1 0.5833333328125 0 0.5833333328125 0.0078125 0.5958333328125 0.0375 0.6145833328125 0.05 0.64375 0.05625 0.7020833328125 0.0375 0.7208333328125 0.0234375 0.73125 0.00625 0.73125 0 0.5833333328125 0