1 0.5375 0.6520833328125 0.50625 0.7041666671875 0.5046875 0.7520833328125 0.515625 0.78125 0.5546875 0.8291666671875 0.5921875 0.8520833328125 0.6234375 0.94375 0.6359375 0.9583333328125001 0.6609375 0.9604166671875 0.684375 0.9479166671874999 0.703125 0.9208333328125 0.7046875 0.8854166671874999 0.6890625 0.8479166671874999 0.6875 0.8145833328125001 0.7 0.7854166671875 0.7109375 0.7354166671875 0.7109375 0.69375 0.7015625 0.6708333328125 0.6765625 0.6458333328125 0.6359375 0.625 0.6234375 0.625 0.61875 0.63125 0.6125 0.625 0.59375 0.5416666671875 0.5984375 0.5104166671875 0.58125 0.45 0.57265625 0.45 0.5515625 0.45416666718750004 0.5328125 0.46666666718750005 0.5421875 0.6125 0.5375 0.6520833328125
1 0.9328125 0.5770833328125 0.9421875 0.6291666671875 0.95 0.6458333328125 0.9625 0.6375 0.984375 0.5875 0.9984375 0.5708333328124999 0.9984375 0.4895833328125 0.9890625 0.4770833328125 0.9734375 0.47291666718750003 0.965625 0.47291666718750003 0.9359375 0.475 0.915625 0.49791666718750005 0.915625 0.5375 0.9328125 0.5770833328125
1 0.7375 0.40416666718750005 0.69375 0.45 0.690625 0.47083333281249995 0.6984375 0.5229166671875001 0.7390625 0.60625 0.7796875 0.6541666671875 0.815625 0.675 0.8421875 0.675 0.8390625 0.7458333328125 0.8453125 0.78125 0.8578125 0.79375 0.9125 0.8229166671874999 0.9578125 0.8291666671875 0.9984375 0.7979166671875 0.9984375 0.7020833328125 0.990625 0.7 0.9984375 0.6958333328124999 0.9984375 0.6520833328125 0.965625 0.6416666671875 0.9484375 0.6583333328125 0.9328125 0.58125 0.9125 0.55 0.9125 0.5020833328125 0.9875 0.40416666718750005 0.9984375 0.38125 0.9984375 0.35625 0.9765625 0.31875 0.946875 0.3 0.9390625 0.3 0.9078125 0.3166666671875 0.83125 0.3875 0.759375 0.3958333328125 0.7375 0.40416666718750005
1 0.3453125 0.9041666671874999 0.325 0.93125 0.346875 0.9333333328125001 0.3765625 0.9479166671874999 0.396875 0.9708333328125001 0.409375 0.9979166671874999 0.415625 0.9979166671874999 0.4421875 0.9458333328125 0.4421875 0.9083333328125001 0.43125 0.8791666671874999 0.4015625 0.8583333328125 0.4 0.8041666671875 0.390625 0.7958333328125 0.371875 0.79375 0.3578125 0.79375 0.340625 0.8020833328125001 0.325 0.83125 0.3265625 0.875 0.3453125 0.9041666671874999
1 0.1296875 0.8104166671874999 0.1234375 0.8291666671875 0.1265625 0.90625 0.1046875 0.9833333328125 0.10625 0.9979166671874999 0.1640625 0.9979166671874999 0.234375 0.9541666671875 0.2515625 0.8770833328125001 0.2796875 0.825 0.2875 0.8 0.2875 0.7791666671875 0.278125 0.7520833328125 0.2546875 0.7270833328124999 0.24453125 0.7270833328124999 0.215625 0.7354166671875 0.178125 0.775 0.146875 0.7916666671875 0.1296875 0.8104166671874999
1 0.3359375 0.7729166671875001 0.3734375 0.7666666671875 0.3953125 0.75 0.4015625 0.7354166671875 0.3765625 0.6166666671875001 0.3703125 0.5958333328125 0.359375 0.5916666671875 0.3453125 0.5916666671875 0.3171875 0.6020833328124999 0.2953125 0.625 0.328125 0.7625 0.3359375 0.7729166671875001
1 0.4109375 0.6875 0.45 0.6604166671875 0.4375 0.6020833328124999 0.415625 0.5791666671875 0.4078125 0.5791666671875 0.371875 0.59375 0.371875 0.6041666671875 0.3921875 0.68125 0.4109375 0.6875
1 0.4171875 0.5770833328125 0.4421875 0.60625 0.4640625 0.5979166671875 0.478125 0.575 0.4765625 0.55 0.48125 0.5395833328124999 0.4734375 0.5333333328125 0.45625 0.47083333281249995 0.4421875 0.47083333281249995 0.4109375 0.4791666671875 0.390625 0.49583333281249997 0.409375 0.575 0.4171875 0.5770833328125
1 0.384375 0.4375 0.3921875 0.45208333281249996 0.4046875 0.4583333328125 0.41875 0.45416666718750004 0.453125 0.3916666671875 0.459375 0.3416666671875 0.4546875 0.3229166671875 0.4484375 0.31875 0.446875 0.31875 0.415625 0.3416666671875 0.396875 0.375 0.384375 0.42083333281249996 0.384375 0.4375
1 0.140625 0.70625 0.1609375 0.73125 0.1890625 0.74375 0.2 0.74375 0.2359375 0.7229166671875 0.2578125 0.7208333328125 0.275 0.7 0.2828125 0.6770833328125 0.290625 0.6229166671875 0.28125 0.6125 0.2729171875 0.6125 0.228125 0.6208333328125 0.175 0.6479166671875001 0.140625 0.68125 0.140625 0.70625
1 0 0.8291666671875 0.0359375 0.8166666671874999 0.05 0.8395833328125001 0.0515625 0.8604166671875 0.06875 0.8604166671875 0.11875 0.83125 0.125 0.8104166671874999 0.15625 0.7770833328125 0.14375 0.7145833328125 0.1359375 0.6979166671875 0.1375 0.6854166671875 0.1546875 0.6604166671875 0.1328125 0.6333333328124999 0.0984375 0.60625 0.0984375 0.6041666671875 0.090625 0.6104166671875 0.03125 0.6166666671875001 0 0.6291666671875 0 0.6708333328125 0.053125 0.6479166671875001 0.0703125 0.6479166671875001 0.078125 0.65625 0.0734375 0.675 0.0640625 0.68125 0.040625 0.68125 0.021875 0.69375 0.0109375 0.7145833328125 0 0.7166666671875 0 0.8291666671875
1 0.621875 0.4125 0.621875 0.43333333281249997 0.6265625 0.45 0.634375 0.45 0.6359375 0.46875 0.64375 0.4604166671875 0.65625 0.4604166671875 0.6671875 0.46875 0.6859375 0.46666666718750005 0.69375 0.44375 0.6859375 0.425 0.703125 0.3958333328125 0.70625 0.3645833328125 0.6734375 0.3583333328125 0.6609375 0.3479166671875 0.6578125 0.3479166671875 0.646875 0.4145833328125 0.6390625 0.40625 0.625 0.40625 0.621875 0.4125
1 0.809375 0.675 0.778125 0.65625 0.7546875 0.65625 0.7515625 0.6520833328125 0.7515625 0.6770833328125 0.778125 0.6854166671875 0.8109375 0.68125 0.809375 0.675
1 0.7484375 0.35 0.746875 0.3479166671875 0.7359375 0.3541666671875 0.7390625 0.3916666671875 0.75625 0.38333333281250004 0.7484375 0.35
1 0.81875 0.6791666671875001 0.778125 0.6541666671875 0.7484375 0.61875 0.746875 0.61875 0.7453125 0.6645833328124999 0.75 0.6791666671875001 0.7859375 0.6895833328125 0.81875 0.6791666671875001
1 0.6984375 0.6625 0.7125 0.6916666671875 0.7125 0.74375 0.746875 0.6875 0.7359375 0.60625 0.6546875 0.5979166671875 0.6459374999999999 0.5979166671875 0.6109375 0.5979166671875 0.6140625 0.6229166671875 0.6390625 0.6229166671875 0.6984375 0.6625