1 0.703125 0.5104166671875 0.740625 0.475 0.696875 0.3958333328125 0.6953125 0.3958333328125 0.66875 0.4166666671875 0.6578125 0.43333333281249997 0.6953125 0.5041666671875 0.703125 0.5104166671875
1 0.6015625 0.55625 0.546875 0.5145833328125 0.54375 0.5145833328125 0.521875 0.5604166671875 0.5140625 0.59375 0.571875 0.6333333328124999 0.6015625 0.55625
1 0.621875 0.7125 0.6203125 0.6916666671875 0.6125 0.6791666671875001 0.6109375 0.6791666671875001 0.5703125 0.7083333328125 0.59375 0.7729166671875001 0.634375 0.75 0.621875 0.7125
1 0.571875 0.9104166671874999 0.61875 0.9145833328125 0.6234375 0.90625 0.6203125 0.8479166671874999 0.6046875 0.8333333328125001 0.5578125 0.8208333328125 0.54375 0.8208333328125 0.5296875 0.8354166671875 0.5265625 0.8708333328125001 0.5328125 0.8916666671875 0.571875 0.9104166671874999
1 0.6640625 0.9041666671874999 0.6796875 0.9166666671874999 0.7171875 0.9020833328125001 0.734375 0.88125 0.7109375 0.7854166671875 0.7015625 0.7645833328125 0.6890625 0.7583333328124999 0.6875 0.7583333328124999 0.65 0.775 0.6359375 0.7895833328124999 0.6578125 0.8875 0.6640625 0.9041666671874999
1 0.7203125 0.7770833328125 0.7375 0.7770833328125 0.7484375 0.7416666671875001 0.7484375 0.7229166671875 0.7375 0.7 0.725 0.6895833328125 0.7171875 0.6895833328125 0.703125 0.70625 0.6984375 0.7375 0.7125 0.7708333328125 0.7203125 0.7770833328125
1 0.465625 0.6708333328125 0.45625 0.6708333328125 0.4375 0.7520833328125 0.540625 0.7979166671875 0.559375 0.7166666671875 0.465625 0.6708333328125
1 0.478125 0.86875 0.4984375 0.8645833328125001 0.5140625 0.8354166671875 0.5125 0.8104166671874999 0.503125 0.79375 0.490625 0.7875 0.478125 0.7875 0.4671875 0.7958333328125 0.453125 0.8208333328125 0.4578125 0.85 0.478125 0.86875
1 0.346875 0.9208333328125 0.365625 0.9375 0.3890625 0.975 0.4046875 0.9666666671874999 0.425 0.93125 0.4234375 0.9145833328125 0.4015625 0.90625 0.4328125 0.8604166671875 0.43125 0.8479166671874999 0.409375 0.8208333328125 0.4078125 0.8208333328125 0.371875 0.8583333328125 0.3484375 0.8645833328125001 0.3375 0.88125 0.346875 0.9208333328125
1 0.378125 0.5895833328125 0.375 0.6229166671875 0.3828125 0.64375 0.409375 0.6645833328124999 0.434375 0.6666666671875 0.4453125 0.6583333328125 0.4515625 0.6458333328125 0.453125 0.625 0.45 0.5854166671875001 0.4390625 0.5708333328124999 0.4078125 0.55625 0.39375 0.5354166671875 0.365625 0.5166666671875 0.359375 0.5166666671875 0.3546875 0.525 0.359375 0.5354166671875 0.3578125 0.5541666671875001 0.378125 0.5895833328125
1 0.3515625 0.5875 0.35625 0.5729166671875 0.35625 0.5354166671875 0.3453125 0.5229166671875001 0.334375 0.5229166671875001 0.3234375 0.5416666671875 0.328125 0.5770833328125 0.334375 0.5854166671875001 0.3515625 0.5875
1 0.2875 0.4770833328125 0.303125 0.49583333281249997 0.328125 0.50625 0.34375 0.5041666671875 0.365625 0.4895833328125 0.384375 0.4458333328125 0.384375 0.425 0.3765625 0.39791666718749996 0.365625 0.38333333281250004 0.34375 0.3708333328125 0.33359375 0.3708333328125 0.3 0.38333333281250004 0.2796875 0.42291666718750004 0.2796875 0.45416666718750004 0.2875 0.4770833328125
1 0.4140625 0.3854166671875 0.409375 0.40208333281249997 0.415625 0.41875 0.4953125 0.41875 0.5015625 0.40625 0.5 0.3541666671875 0.4828125 0.3375 0.45625 0.3375 0.453125 0.3375 0.425 0.3395833328125 0.4125 0.35 0.409375 0.36875 0.4140625 0.3854166671875
1 0.478125 0.5333333328125 0.4703125 0.5520833328125 0.4734375 0.5625 0.484375 0.5520833328125 0.5 0.5583333328125 0.5171875 0.55625 0.5375 0.5208333328125 0.53125 0.4770833328125 0.50625 0.46458333281249997 0.5015625 0.46458333281249997 0.4859375 0.47083333281249995 0.4734375 0.49375 0.471875 0.5125 0.478125 0.5333333328125
1 0.534375 0.43958333281249995 0.53125 0.43958333281249995 0.5203125 0.46666666718750005 0.5296875 0.4791666671875 0.5484375 0.4583333328125 0.534375 0.43958333281249995
1 0.634375 0.48125 0.6484375 0.4145833328125 0.6078125 0.3958333328125 0.6 0.3958333328125 0.5828125 0.45416666718750004 0.584375 0.4625 0.6171875 0.48125 0.634375 0.48125
1 0.68125 0.63125 0.7078125 0.6229166671875 0.7296875 0.5854166671875001 0.728125 0.55625 0.7109375 0.53125 0.6984375 0.53125 0.66875 0.5541666671875001 0.6609375 0.5708333328124999 0.6703125 0.61875 0.68125 0.63125
1 0.7375 0.66875 0.7953125 0.68125 0.8078125 0.6541666671875 0.8109375 0.6020833328124999 0.7609375 0.5854166671875001 0.759375 0.5833333328125 0.746875 0.5895833328125 0.74375 0.5979166671875 0.734375 0.6625 0.7375 0.66875
1 0.7984375 0.6895833328125 0.784375 0.6916666671875 0.7765625 0.7 0.8015625 0.7854166671875 0.8359375 0.7958333328125 0.834375 0.8375 0.8421875 0.8625 0.8515625 0.8729166671874999 0.8828125 0.8770833328125001 0.9109375 0.8645833328125001 0.9234375 0.84375 0.915625 0.8041666671875 0.8875 0.76875 0.86875 0.7083333328125 0.8578125 0.7 0.8421875 0.7020833328125 0.83125 0.6729166671875 0.821875 0.6729166671875 0.8109375 0.6854166671875 0.821875 0.7229166671875 0.8171875 0.7333333328125 0.7984375 0.6895833328125
1 0.8984375 0.7479166671875 0.909375 0.7395833328125 0.9125 0.7125 0.8890625 0.6854166671875 0.8796875 0.6854166671875 0.8703125 0.69375 0.8671875 0.70625 0.8796875 0.7395833328125 0.8984375 0.7479166671875
1 0.7375 0.5041666671875 0.7515625 0.5166666671875 0.7515625 0.5354166671875 0.7578125 0.5375 0.7765625 0.5145833328125 0.7953125 0.5104166671875 0.8125 0.49791666718750005 0.8203125 0.48333333281249996 0.8171875 0.44375 0.8140625 0.43958333281249995 0.7734375 0.46666666718750005 0.7671875 0.48333333281249996 0.7390625 0.49583333281249997 0.7375 0.5041666671875
1 0.553125 0.43125 0.58125 0.4375 0.5890625 0.43333333281249997 0.5984375 0.39791666718749996 0.590625 0.375 0.575 0.3604166671875 0.5703125 0.34375 0.5671875 0.34375 0.5625 0.3604166671875 0.54375 0.38125 0.540625 0.40833333281249995 0.553125 0.43125