1 0.7958333328125 0.1828125 0.7395833328125 0.1796875 0.71875 0.175 0.7083333328125 0.1671875 0.6958333328124999 0.16875 0.6791666671875001 0.2015625 0.6729166671875 0.2609375 0.6729166671875 0.265625 0.6791666671875001 0.2765625 0.7125 0.2796875 0.71875 0.284375 0.7770833328125 0.275 0.79375 0.2265625 0.7958333328125 0.1828125
1 0.6020833328124999 0.315625 0.5833333328125 0.31875 0.5833333328125 0.3234375 0.6041666671875 0.3203125 0.6020833328124999 0.315625
1 0.6166666671875001 0.3609375 0.6791666671875001 0.3609375 0.6958333328124999 0.35 0.7104166671875001 0.3171875 0.7020833328125 0.284375 0.6729166671875 0.278125 0.6125 0.2265625 0.5875 0.228125 0.5770833328125 0.2375 0.5854166671875001 0.2484375 0.6083333328125 0.259375 0.60625 0.2671875 0.5729166671875 0.2640625 0.5416666671875 0.2828125 0.48541666718750004 0.284375 0.47083333281249995 0.2953125 0.47083333281249995 0.3078125 0.49375 0.325 0.5395833328124999 0.3359375 0.5479166671875 0.3515625 0.5333333328125 0.3734375 0.5729166671875 0.3734375 0.6166666671875001 0.3609375
1 0.6791666671875001 0.5921875 0.6708333328125 0.565625 0.6479166671875001 0.5546875 0.6270833328125 0.5546875 0.6083333328125 0.5671875 0.5729166671875 0.5734375 0.5625 0.5828125 0.5625 0.5921875 0.5770833328125 0.6046875 0.60625 0.60625 0.63125 0.6203125 0.6604166671875 0.6171875 0.675 0.6046875 0.6791666671875001 0.5921875
1 0.61875 0.709375 0.6166666671875001 0.69375 0.5791666671875 0.61875 0.4770833328125 0.659375 0.4791666671875 0.6703125 0.45625 0.6984375 0.45 0.73125 0.45 0.7375 0.4583333328125 0.7453125 0.4916666671875 0.7546875 0.5458333328125 0.7625 0.575 0.75625 0.60625 0.7296875 0.61875 0.709375
1 0.6625 0.853125 0.65625 0.8453125 0.6395833328125 0.84375 0.6291666671875 0.8359375 0.6291666671875 0.809375 0.60625 0.80625 0.5645833328125 0.8296875 0.5375 0.828125 0.5354166671875 0.8359375 0.5666666671875 0.846875 0.5270833328125 0.8796875 0.5270833328125 0.8859375 0.5791666671875 0.9078125 0.6 0.903125 0.6229166671875 0.8859375 0.65 0.89375 0.65625 0.8890625 0.6625 0.853125
1 0.5416666671875 0.8015625 0.5354166671875 0.81875 0.5354166671875 0.8296875 0.5645833328125 0.8296875 0.58125 0.821875 0.5833333328125 0.815625 0.5645833328125 0.796875 0.5520833328125 0.7953125 0.5416666671875 0.8015625
1 0.5291666671875 0.846875 0.5375 0.85 0.5416666671875 0.8671875 0.5666666671875 0.8484375 0.5479166671875 0.840625 0.5333333328125 0.846875 0.5291666671875 0.846875
1 0.5125 0.7796875 0.5083333328124999 0.759375 0.4916666671875 0.75625 0.47291666718750003 0.771875 0.47291666718750003 0.7796875 0.48125 0.7734375 0.49375 0.7828125 0.49375 0.7921875 0.4604166671875 0.7953125 0.4604166671875 0.796875 0.46875 0.8078125 0.49583333281249997 0.81875 0.5041666671875 0.8421875 0.5291666671875 0.846875 0.5375 0.803125 0.5125 0.7796875
1 0.4145833328125 0.7796875 0.4145833328125 0.790625 0.42291666718750004 0.7984375 0.44375 0.796875 0.46666666718750005 0.7859375 0.46666666718750005 0.778125 0.42291666718750004 0.771875 0.4145833328125 0.7796875
1 0.46875 0.6671875 0.46458333281249997 0.6640625 0.45 0.66875 0.3020833328125 0.671875 0.2979166671875 0.715625 0.2958333328125 0.7171875 0.2979166671875 0.7265625 0.3125 0.7390625 0.4458333328125 0.7328125 0.45208333281249996 0.7015625 0.47083333281249995 0.675 0.46875 0.6671875
1 0.43541666718750005 0.640625 0.4458333328125 0.6359375 0.4375 0.6265625 0.4291666671875 0.6296875 0.4291666671875 0.634375 0.43541666718750005 0.640625
1 0.46875 0.6140625 0.4583333328125 0.60625 0.43541666718750005 0.60625 0.41875 0.6078125 0.40625 0.61875 0.40625 0.6265625 0.40625 0.65 0.4145833328125 0.6609375 0.4375 0.665625 0.4625 0.6609375 0.47291666718750003 0.6390625 0.46875 0.6140625
1 0.6229166671875 0.4390625 0.625 0.409375 0.6041666671875 0.375 0.5479166671875 0.371875 0.5270833328125 0.3765625 0.5125 0.415625 0.5125 0.424609375 0.5166666671875 0.465625 0.5333333328125 0.484375 0.5520833328125 0.4859375 0.5895833328125 0.4765625 0.60625 0.4640625 0.6229166671875 0.4390625
1 0.49583333281249997 0.5390625 0.43958333281249995 0.553125 0.43958333281249995 0.55625 0.5 0.5703125 0.5708333328124999 0.5703125 0.6104166671875 0.5640625 0.6270833328125 0.5484375 0.6020833328124999 0.540625 0.49583333281249997 0.5390625
1 0.45208333281249996 0.4390625 0.425 0.4328125 0.39791666718749996 0.4359375 0.3875 0.4703125 0.3875 0.475 0.40208333281249997 0.49375 0.4125 0.4890625 0.45416666718750004 0.4875 0.46666666718750005 0.4796875 0.45625 0.4640625 0.45208333281249996 0.4390625
1 0.5104166671875 0.615625 0.5395833328124999 0.6 0.5583333328125 0.5796875 0.5541666671875001 0.5703125 0.5166666671875 0.5703125 0.5083333328124999 0.565625 0.49583333281249997 0.56875 0.4458333328125 0.5578125 0.4458333328125 0.5484375 0.4895833328125 0.540625 0.5041666671875 0.540625 0.5041666671875 0.5453125 0.525 0.540625 0.5520833328125 0.54375 0.5395833328124999 0.528125 0.49375 0.534375 0.47291666718750003 0.5046875 0.43958333281249995 0.4953125 0.4125 0.496875 0.3791666671875 0.5171875 0.3729166671875 0.5453125 0.3375 0.5734375 0.3375 0.578125 0.34375 0.5890625 0.3645833328125 0.6 0.40833333281249995 0.5828125 0.5 0.5828125 0.5 0.609375 0.5104166671875 0.615625
1 0.5708333328124999 0.2625 0.6 0.2640625 0.5708333328124999 0.2375 0.5958333328125 0.2234375 0.6208333328125 0.2265625 0.6395833328125 0.25 0.65 0.2484375 0.6395833328125 0.1796875 0.6270833328125 0.1703125 0.56875 0.1625 0.53125 0.1890625 0.5229166671875001 0.203125 0.5229166671875001 0.2109375 0.5291666671875 0.221875 0.525 0.25625 0.5291666671875 0.2671875 0.5395833328124999 0.2734375 0.5520833328125 0.2734375 0.5708333328124999 0.2625
1 0.46875 0.396875 0.45416666718750004 0.4328125 0.45416666718750004 0.44375 0.4583333328125 0.4640625 0.46875 0.4765625 0.5083333328124999 0.465625 0.5104166671875 0.40625 0.4916666671875 0.3953125 0.46875 0.396875
1 0.5270833328125 0.35 0.5104166671875 0.3453125 0.39375 0.346875 0.3791666671875 0.3546875 0.3791666671875 0.3625 0.3791666671875 0.3703125 0.3916666671875 0.378125 0.5020833328125 0.384375 0.5208333328125 0.378125 0.5291666671875 0.365625 0.5270833328125 0.35
1 0.2979166671875 0.496875 0.2854166671875 0.503125 0.2854166671875 0.5109375 0.3104166671875 0.534375 0.3583333328125 0.55 0.36875 0.5484375 0.3791666671875 0.5125 0.3229166671875 0.496875 0.2979166671875 0.496875