1 0.5875 0.9203125 0.59375 0.8859375 0.59375 0.875 0.5875 0.853125 0.5520833328125 0.8109375 0.51875 0.796875 0.47083333281249995 0.7953125 0.4291666671875 0.80625 0.3958333328125 0.8296875 0.3708333328125 0.8640625 0.3645833328125 0.9015625 0.3770833328125 0.9390625 0.41041666718750003 0.9734375 0.45 0.9875 0.48125 0.9890625 0.525 0.9796875 0.56875 0.95 0.5875 0.9203125
1 0.6041666671875 0.7296875 0.6145833328125 0.7125 0.6145833328125 0.6984375 0.60625 0.6234375 0.5854166671875001 0.6015625 0.5625 0.59375 0.5395833328124999 0.59375 0.53125 0.5984375 0.5020833328125 0.5953125 0.4791666671875 0.6046875 0.475 0.634375 0.4875 0.7328125 0.50625 0.74375 0.53125 0.74375 0.5479166671875 0.734375 0.5833333328125 0.740625 0.6041666671875 0.7296875
1 0.39791666718749996 0.6234375 0.40833333281249995 0.596875 0.40833333281249995 0.5890625 0.4 0.5609375 0.38333333281250004 0.5453125 0.3416666671875 0.5359375 0.30416666718749996 0.540625 0.2645833328125 0.565625 0.25 0.58125 0.24583333281250003 0.6140625 0.2541666671875 0.6328125 0.2416666671875 0.6546875 0.25625 0.659375 0.28958333281250004 0.6421875 0.3 0.646875 0.3416666671875 0.646875 0.3625 0.6421875 0.39791666718749996 0.6234375
1 0.425 0.540625 0.43958333281249995 0.5390625 0.43958333281249995 0.5375 0.425 0.521875 0.41041666718750003 0.51875 0.3895833328125 0.54375 0.40833333281249995 0.5546875 0.425 0.540625
1 0.46666666718750005 0.4421875 0.4895833328125 0.4375 0.4895833328125 0.434375 0.45208333281249996 0.371875 0.3541666671875 0.39375 0.3541666671875 0.40625 0.375 0.4359375 0.3875 0.475 0.42291666718750004 0.4671875 0.46666666718750005 0.4421875
1 0.2208333328125 0.5796875 0.3145833328125 0.5328125 0.3125 0.53125 0.2541666671875 0.45625 0.2375 0.44375 0.11041666718750001 0.4953125 0.1854166671875 0.5890625 0.2208333328125 0.5796875
1 0.1583333328125 0.2140625 0.175 0.203125 0.175 0.19375 0.1541666671875 0.1390625 0.1416666671875 0.1265625 0.06875 0.128125 0.0354166671875 0.134375 0.014583332812499999 0.1453125 0.0270833328125 0.19375 0.0458333328125 0.2265625 0.0416666671875 0.246875 0.05 0.2515625 0.0916666671875 0.253125 0.1375 0.2453125 0.1541666671875 0.2296875 0.1583333328125 0.2140625
1 0.2479166671875 0.3234375 0.275 0.25625 0.275 0.246875 0.2666666671875 0.2296875 0.23333333281250002 0.196875 0.2104166671875 0.19375 0.1708333328125 0.20625 0.1604166671875 0.2140625 0.15625 0.2296875 0.1270833328125 0.26875 0.10833333281249999 0.3140625 0.11041666718750001 0.3359375 0.1208333328125 0.34375 0.1625 0.3546875 0.2208333328125 0.359375 0.2479166671875 0.3234375
1 0.3333333328125 0.8625 0.3458333328125 0.846875 0.3458333328125 0.840625 0.3270833328125 0.825 0.3229166671875 0.809375 0.25833333281250004 0.76875 0.24583333281250003 0.725 0.20833333281250002 0.696875 0.1520833328125 0.6921875 0.11875 0.7015625 0.1 0.7015625 0.07083333281250001 0.7171875 0.060416667187499995 0.7375 0.0645833328125 0.7875 0.0791666671875 0.8125 0.1041666671875 0.8296875 0.1270833328125 0.8375 0.1625 0.8390625 0.20833333281250002 0.8296875 0.2666666671875 0.859375 0.3125 0.8609375 0.31875 0.865625 0.3333333328125 0.8625
1 0.30625 0.9296875 0.33541666718749996 0.9078125 0.33541666718749996 0.89375 0.3270833328125 0.865625 0.3083333328125 0.8578125 0.28958333281250004 0.8625 0.2541666671875 0.8609375 0.2208333328125 0.86875 0.2125 0.878125 0.22291666718749997 0.915625 0.2520833328125 0.925 0.30625 0.9296875
1 0.4270833328125 0.359375 0.47083333281249995 0.309375 0.47083333281249995 0.303125 0.35 0.240625 0.3375 0.246875 0.2979166671875 0.2921875 0.3 0.3 0.3166666671875 0.309375 0.4270833328125 0.359375
1 0.375 0.1734375 0.3916666671875 0.1390625 0.3916666671875 0.13125 0.3333333328125 0.1234375 0.3020833328125 0.1421875 0.3 0.1671875 0.2875 0.178125 0.2875 0.1890625 0.2604166671875 0.2125 0.2604166671875 0.2203125 0.27291666718749996 0.234375 0.2791666671875 0.2296875 0.2916666671875 0.2328125 0.30416666718749996 0.253125 0.3229166671875 0.2484375 0.32083333281250004 0.228125 0.3270833328125 0.2140625 0.35208333281250004 0.20625 0.35208333281250004 0.1875 0.375 0.1734375
1 0.5833333328125 0.453125 0.7125 0.3875 0.7125 0.3828125 0.6 0.2421875 0.5416666671875 0.2609375 0.45208333281249996 0.3453125 0.4604166671875 0.36875 0.5145833328125 0.4359375 0.55 0.4640625 0.5833333328125 0.453125
1 0.9083333328125001 0.5078125 0.9125 0.49375 0.9125 0.4859375 0.9041666671874999 0.4703125 0.8875 0.4640625 0.7666666671875 0.4796875 0.7604166671875 0.471875 0.76875 0.4671875 0.7666666671875 0.4453125 0.7479166671875 0.3734375 0.7354166671875 0.3484375 0.7145833328125 0.31875 0.6791666671875001 0.303125 0.6541666671875 0.303125 0.71875 0.3859375 0.5770833328125 0.45625 0.5708333328124999 0.465625 0.6083333328125 0.50625 0.6416666671875 0.5203125 0.64375 0.540625 0.6583333328125 0.565625 0.68125 0.571875 0.7583333328124999 0.546875 0.8041666671875 0.5421875 0.8979166671875 0.5140625 0.9083333328125001 0.5078125