1 0.6015625 0.9770833328125 0.60625 0.9979166671874999 0.7078125 0.9979166671874999 0.715625 0.9916666671875 0.7203125 0.98125 0.715625 0.9375 0.690625 0.85625 0.68125 0.84375 0.6734375 0.84375 0.6359375 0.8583333328125 0.5828125 0.9 0.58125 0.95625 0.6015625 0.9770833328125
1 0.603125 0.81875 0.6109375 0.8333333328125001 0.6375 0.84375 0.66875 0.8291666671875 0.6890625 0.8354166671875 0.703125 0.825 0.7390625 0.8270833328125 0.746875 0.8208333328125 0.753125 0.7979166671875 0.753125 0.7666666671875 0.7453125 0.7520833328125 0.75 0.71875 0.7421875 0.7041666671875 0.715625 0.6875 0.703125 0.6875 0.6296875 0.70625 0.6109375 0.7270833328124999 0.6015625 0.7916666671875 0.603125 0.81875
1 0.9359375 0.54375 0.925 0.5520833328125 0.928125 0.5729166671875 0.971875 0.5958333328125 0.9984375 0.5895833328125 0.9984375 0.48541666718750004 0.9875 0.48125 0.975 0.48125 0.959375 0.48541666718750004 0.934375 0.5083333328124999 0.93125 0.525 0.9359375 0.54375
1 0.5578125 0.925 0.571875 0.91875 0.59375 0.88125 0.6078125 0.8729166671874999 0.6 0.8458333328125001 0.584375 0.84375 0.5765625 0.8208333328125 0.5625 0.8104166671874999 0.55 0.8104166671874999 0.5265625 0.8333333328125001 0.525 0.8875 0.5390625 0.91875 0.5578125 0.925
1 0.60625 0.7354166671875 0.6296875 0.7041666671875 0.625 0.6791666671875001 0.6171875 0.6666666671875 0.60859375 0.6666666671875 0.590625 0.6729166671875 0.5796875 0.6958333328124999 0.590625 0.71875 0.60625 0.7354166671875
1 0.46875 0.98125 0.4859375 0.9916666671875 0.509375 0.98125 0.5234375 0.9645833328125001 0.521875 0.8854166671874999 0.5078125 0.85625 0.4984375 0.8479166671874999 0.49375 0.8479166671874999 0.465625 0.8604166671875 0.453125 0.8729166671874999 0.453125 0.9541666671875 0.46875 0.98125
1 0.2390625 0.8104166671874999 0.25 0.8166666671874999 0.24375 0.83125 0.2515625 0.8416666671874999 0.2609375 0.8416666671874999 0.2671875 0.85625 0.278125 0.85625 0.2828125 0.8625 0.3015625 0.8666666671875 0.31875 0.85625 0.3359375 0.8145833328125001 0.3375 0.7916666671875 0.3484375 0.7604166671875 0.3453125 0.74375 0.3125 0.71875 0.2890625 0.7166666671875 0.2625 0.7458333328125 0.228125 0.7041666671875 0.215625 0.7041666671875 0.203125 0.7229166671875 0.2 0.7375 0.240625 0.8 0.2390625 0.8104166671874999
1 0.4203125 0.85625 0.4296875 0.8416666671874999 0.4296875 0.83125 0.4171875 0.7645833328125 0.4125 0.75 0.3984375 0.7333333328125 0.38984375 0.7333333328125 0.3515625 0.7458333328125 0.3390625 0.8104166671874999 0.403125 0.8708333328125001 0.4203125 0.85625
1 0.3640625 0.6541666671875 0.3703125 0.6395833328125 0.3796875 0.6458333328125 0.4109375 0.6229166671875 0.4078125 0.6145833328125 0.390625 0.60625 0.3875 0.59375 0.375 0.58125 0.3671875 0.58125 0.3546875 0.5958333328125 0.35625 0.61875 0.365625 0.6291666671875 0.3640625 0.6541666671875
1 0.6296875 0.6270833328125 0.66875 0.6583333328125 0.7015625 0.6229166671875 0.7046875 0.6104166671875 0.6890625 0.5708333328124999 0.653125 0.5458333328125 0.65 0.5458333328125 0.625 0.56875 0.615625 0.58125 0.615625 0.5895833328125 0.6296875 0.6270833328125
1 0.6765625 0.3895833328125 0.671875 0.3895833328125 0.665625 0.42083333281249996 0.66875 0.4375 0.6875 0.4291666671875 0.6765625 0.3895833328125
1 0.7421875 0.3104166671875 0.771875 0.3416666671875 0.7828125 0.38333333281250004 0.79375 0.3854166671875 0.796875 0.3791666671875 0.825 0.3729166671875 0.8265625 0.3895833328125 0.8078125 0.3916666671875 0.8171875 0.40625 0.840625 0.48125 0.8609375 0.45 0.8546875 0.3854166671875 0.840625 0.36875 0.80625 0.3708333328125 0.803125 0.3604166671875 0.809375 0.3604166671875 0.8125 0.34375 0.809375 0.32083333281250004 0.7703125 0.27291666718749996 0.7625 0.2708333328125 0.7546875 0.2708333328125 0.709375 0.30416666718749996 0.6859375 0.3416666671875 0.7 0.3395833328125 0.7421875 0.3104166671875
1 0.8640625 0.35208333281250004 0.8609375 0.3729166671875 0.8765625 0.42291666718750004 0.8921875 0.4291666671875 0.915625 0.4270833328125 0.9265625 0.42291666718750004 0.9390625 0.4 0.9984375 0.39375 0.9984375 0.3125 0.9609375 0.30625 0.9578125 0.28958333281250004 0.9421875 0.2791666671875 0.934375 0.2791666671875 0.903125 0.2854166671875 0.890625 0.3020833328125 0.88125 0.33125 0.8640625 0.35208333281250004