1 0.35625 0.3291666671875 0.384375 0.3479166671875 0.3984375 0.3479166671875 0.43125 0.3145833328125 0.4328125 0.2958333328125 0.421875 0.275 0.3921875 0.2645833328125 0.3671875 0.2770833328125 0.3515625 0.30416666718749996 0.35625 0.3291666671875
1 0.3328125 0.2 0.340625 0.20416666718749998 0.353125 0.20416666718749998 0.371875 0.1979166671875 0.378125 0.18125 0.3609375 0.1125 0.3328125 0.1208333328125 0.321875 0.14375 0.3203125 0.1770833328125 0.3328125 0.2
1 0.4765625 0.5458333328125 0.53125 0.5458333328125 0.5390625 0.5458333328125 0.559375 0.5208333328125 0.559375 0.46875 0.5484375 0.45208333281249996 0.515625 0.45625 0.5046875 0.45 0.4859375 0.4583333328125 0.4734375 0.45 0.459375 0.4604166671875 0.4546875 0.48541666718750004 0.4609375 0.49583333281249997 0.45625 0.5145833328125 0.4625 0.5333333328125 0.4765625 0.5458333328125
1 0.6375 0.5958333328125 0.6421875 0.6041666671875 0.646875 0.6041666671875 0.66875 0.5979166671875 0.678125 0.5875 0.6828125 0.5708333328124999 0.6796875 0.525 0.690625 0.4875 0.6875 0.47291666718750003 0.6765625 0.475 0.671875 0.48541666718750004 0.6609375 0.47083333281249995 0.65 0.47083333281249995 0.6453125 0.4770833328125 0.653125 0.5083333328124999 0.6375 0.525 0.6375 0.5354166671875 0.64375 0.54375 0.6375 0.5604166671875 0.6375 0.5958333328125
1 0.5828125 0.6125 0.596875 0.6166666671875001 0.6046875 0.6166666671875001 0.615625 0.6041666671875 0.6140625 0.5541666671875001 0.6109375 0.5354166671875 0.5953125 0.525 0.584375 0.5291666671875 0.578125 0.5395833328124999 0.5765625 0.6 0.5828125 0.6125
1 0.5296875 0.3541666671875 0.540625 0.36875 0.5484375 0.36875 0.5703125 0.3541666671875 0.575 0.3291666671875 0.6171875 0.31875 0.6359375 0.30416666718749996 0.640625 0.2916666671875 0.6390625 0.2541666671875 0.63125 0.2208333328125 0.6234375 0.2104166671875 0.5671875 0.2166666671875 0.5390625 0.2270833328125 0.5234375 0.2416666671875 0.5203125 0.28125 0.5296875 0.3541666671875
1 0.35 0.4583333328125 0.3578125 0.46666666718750005 0.365625 0.46666666718750005 0.3703125 0.45208333281249996 0.35625 0.43125 0.353125 0.3875 0.34375 0.3708333328125 0.33125 0.36875 0.2921875 0.40208333281249997 0.2890625 0.43125 0.303125 0.45625 0.31875 0.46458333281249997 0.35 0.4583333328125
1 0.259375 0.5145833328125 0.2640625 0.5333333328125 0.2703125 0.5333333328125 0.3421875 0.50625 0.3546875 0.4875 0.353125 0.4625 0.3125 0.46458333281249997 0.2984375 0.45416666718750004 0.2875 0.43333333281249997 0.20625 0.4604166671875 0.2109375 0.4770833328125 0.259375 0.5145833328125
1 0.23125 0.6041666671875 0.23125 0.6479166671875001 0.2359375 0.6479166671875001 0.259375 0.6083333328125 0.278125 0.55 0.278125 0.5354166671875 0.2625 0.5375 0.246875 0.5645833328125 0.23125 0.6041666671875
1 0.240625 0.7125 0.253125 0.73125 0.25625 0.73125 0.30625 0.7125 0.3265625 0.6145833328125 0.3265625 0.6 0.3171875 0.5833333328125 0.265625 0.60625 0.240625 0.7 0.240625 0.7125
1 0.359375 0.5875 0.378125 0.5979166671875 0.3828125 0.5979166671875 0.4 0.5916666671875 0.409375 0.5729166671875 0.4109375 0.5541666671875001 0.396875 0.5291666671875 0.3734375 0.525 0.359375 0.5375 0.3515625 0.56875 0.359375 0.5875
1 0.3421875 0.6229166671875 0.35625 0.6479166671875001 0.365625 0.6479166671875001 0.378125 0.6395833328125 0.3984375 0.6458333328125 0.4078125 0.6416666671875 0.4109375 0.6291666671875 0.4234375 0.625 0.4328125 0.60625 0.4234375 0.58125 0.4140625 0.575 0.3953125 0.5979166671875 0.3765625 0.6 0.3625 0.59375 0.35 0.6020833328124999 0.3421875 0.6229166671875
1 0.5 0.6958333328124999 0.509375 0.7083333328125 0.515625 0.7083333328125 0.525 0.70625 0.534375 0.69375 0.5375 0.675 0.534375 0.63125 0.521875 0.6229166671875 0.50625 0.6354166671875 0.5015625 0.6520833328125 0.5 0.6958333328124999
1 0.596875 0.7104166671875001 0.61875 0.7145833328125 0.6203125 0.7125 0.628125 0.70625 0.64375 0.6604166671875 0.64375 0.6104166671875 0.63125 0.5854166671875001 0.61875 0.5895833328125 0.615625 0.6125 0.603125 0.6208333328125 0.6 0.64375 0.590625 0.6479166671875001 0.590625 0.6791666671875001 0.5859375 0.6854166671875 0.5859375 0.6979166671875 0.596875 0.7104166671875001