1 0.5390625 0.3416666671875 0.5140625 0.3229166671875 0.490625 0.3229166671875 0.475 0.33541666718749996 0.371875 0.5416666671875 0.371875 0.5708333328124999 0.378125 0.5854166671875001 0.40625 0.6083333328125 0.4328125 0.6083333328125 0.446875 0.64375 0.475 0.65625 0.4859375 0.65625 0.521875 0.6333333328124999 0.6046875 0.46666666718750005 0.6046875 0.4145833328125 0.58125 0.38333333281250004 0.553125 0.38125 0.5390625 0.3416666671875
1 0.0640625 0.0354166671875 0.0359375 0.1520833328125 0.021875 0.1729166671875 0.0125 0.1604166671875 0.0125 0.14375 0.03125 0.0270833328125 0.0234375 0.0083333328125 0.0015625 0.0020833328125000002 0.0015625 0.3333333328125 0.0265625 0.3395833328125 0.0348953125 0.3395833328125 0.08125 0.3291666671875 0.0875 0.32083333281250004 0.134375 0.0770833328125 0.11875 0.054166667187499996 0.078125 0.0333333328125 0.0640625 0.0354166671875
1 0.3953125 0.1916666671875 0.3953125 0.14791666718750002 0.3734375 0.1145833328125 0.3171875 0.0791666671875 0.2890625 0.0770833328125 0.275 0.08333333281250001 0.234375 0.14375 0.2328125 0.1833333328125 0.2125 0.2375 0.2125 0.27291666718749996 0.196875 0.3020833328125 0.2015625 0.4291666671875 0.2140625 0.4479166671875 0.23125 0.45416666718750004 0.234375 0.45416666718750004 0.28125 0.43333333281249997 0.309375 0.43333333281249997 0.3296875 0.42291666718750004 0.346875 0.3916666671875 0.3765625 0.2875 0.3953125 0.1916666671875
1 0.709375 0.17916666718750002 0.6828125 0.17916666718750002 0.628125 0.19583333281249998 0.5875 0.21875 0.5828125 0.2270833328125 0.5828125 0.2479166671875 0.5921875 0.28125 0.6 0.2916666671875 0.625 0.2958333328125 0.634375 0.2958333328125 0.6859375 0.28958333281250004 0.746875 0.25833333281250004 0.7578125 0.2375 0.7484375 0.2208333328125 0.7421875 0.1895833328125 0.709375 0.17916666718750002
1 0.7578125 0.6041666671875 0.734375 0.6041666671875 0.7015625 0.6291666671875 0.6859375 0.6708333328125 0.6828125 0.7125 0.7015625 0.7708333328125 0.7140625 0.7833333328125 0.734375 0.7895833328124999 0.74375 0.8125 0.75625 0.8208333328125 0.7640625 0.8208333328125 0.796875 0.7791666671875 0.8015625 0.74375 0.7890625 0.70625 0.7921875 0.6791666671875001 0.7765625 0.6229166671875 0.7578125 0.6041666671875
1 0.5296875 0.6291666671875 0.490625 0.6583333328125 0.459375 0.6625 0.4203125 0.6895833328125 0.4140625 0.7020833328125 0.4296875 0.7875 0.4796875 0.90625 0.49375 0.9166666671874999 0.5 0.9166666671874999 0.571875 0.8354166671875 0.5921875 0.8020833328125001 0.58125 0.7541666671875 0.5796875 0.7208333328125 0.5609375 0.6729166671875 0.5296875 0.6291666671875
1 0.3640625 1 0.340625 0.8916666671875 0.33125 0.8770833328125001 0.2984375 0.8708333328125001 0.2609375 0.8854166671874999 0.2359375 0.9083333328125001 0.2328125 0.9354166671874999 0.253125 1 0.2610484375 1 0.3640625 1
1 0.140625 1 0.1640625 0.9583333328125001 0.159375 0.9229166671875 0.14375 0.9020833328125001 0.1125 0.8916666671875 0.0625 0.9520833328125 0.0375 0.95625 0.0015625 0.975 0.0015625 1 0.0097421875 1 0.140625 1
1 0.68125 1 0.6796875 0.9229166671875 0.6734375 0.9166666671874999 0.6515625 0.9166666671874999 0.5828125 0.9395833328125001 0.58125 0.95 0.59375 0.9791666671874999 0.59375 1 0.6017046875000001 1 0.68125 1
1 0.825 1 0.825 0.9791666671874999 0.815625 0.9541666671875 0.7984375 0.94375 0.7890625 0.9208333328125 0.7765625 0.9104166671874999 0.7234375 0.9604166671875 0.71875 0.9729166671874999 0.721875 1 0.7298078125 1 0.825 1
1 0.5921875 1 0.5921875 0.98125 0.578125 0.94375 0.54375 0.9 0.5265625 0.8916666671875 0.5078125 0.9145833328125 0.4921875 0.91875 0.471875 0.8958333328125001 0.4546875 0.9666666671874999 0.453125 1 0.46130468750000003 1 0.5921875 1