1 0.3640625 0.8583333328125 0.3265625 0.84375 0.31875 0.84375 0.309375 0.85625 0.284375 0.9375 0.2796875 0.98125 0.284375 0.9916666671875 0.2921875 0.9979166671874999 0.39375 0.9979166671874999 0.3984375 0.9770833328125 0.41875 0.95625 0.4171875 0.9 0.3640625 0.8583333328125
1 0.3703125 0.70625 0.296875 0.6875 0.284375 0.6875 0.2578125 0.7041666671875 0.25 0.71875 0.2546875 0.7520833328125 0.246875 0.7666666671875 0.246875 0.7979166671875 0.253125 0.8208333328125 0.2609375 0.8270833328125 0.296875 0.825 0.3109375 0.8354166671875 0.33125 0.8291666671875 0.3625 0.84375 0.3890625 0.8333333328125001 0.396875 0.81875 0.3984375 0.7916666671875 0.3890625 0.7270833328124999 0.3703125 0.70625
1 0.040625 0.48541666718750004 0.025 0.48125 0.0125 0.48125 0.0015625 0.48541666718750004 0.0015625 0.5895833328125 0.028125 0.5958333328125 0.071875 0.5729166671875 0.075 0.5520833328125 0.0640625 0.54375 0.06875 0.525 0.065625 0.5083333328124999 0.040625 0.48541666718750004
1 0.4734375 0.8333333328125001 0.45 0.8104166671874999 0.4375 0.8104166671874999 0.4234375 0.8208333328125 0.415625 0.84375 0.4 0.8458333328125001 0.3921875 0.8729166671874999 0.40625 0.88125 0.428125 0.91875 0.4421875 0.925 0.4609375 0.91875 0.475 0.8875 0.4734375 0.8333333328125001
1 0.409375 0.6729166671875 0.39140625 0.6666666671875 0.3828125 0.6666666671875 0.375 0.6791666671875001 0.3703125 0.7041666671875 0.39375 0.7354166671875 0.409375 0.71875 0.4203125 0.6958333328124999 0.409375 0.6729166671875
1 0.534375 0.8604166671875 0.50625 0.8479166671874999 0.5015625 0.8479166671874999 0.4921875 0.85625 0.478125 0.8854166671874999 0.4765625 0.9645833328125001 0.490625 0.98125 0.5140625 0.9916666671875 0.53125 0.98125 0.546875 0.9541666671875 0.546875 0.8729166671874999 0.534375 0.8604166671875
1 0.796875 0.7229166671875 0.784375 0.7041666671875 0.771875 0.7041666671875 0.7375 0.7458333328125 0.7109375 0.7166666671875 0.6875 0.71875 0.6546875 0.74375 0.6515625 0.7604166671875 0.6625 0.7916666671875 0.6640625 0.8145833328125001 0.68125 0.85625 0.6984375 0.8666666671875 0.7171875 0.8625 0.721875 0.85625 0.7328125 0.85625 0.7390625 0.8416666671874999 0.7484375 0.8416666671874999 0.75625 0.83125 0.75 0.8166666671874999 0.7609375 0.8104166671874999 0.759375 0.8 0.8 0.7375 0.796875 0.7229166671875
1 0.6484375 0.7458333328125 0.61015625 0.7333333328125 0.6015625 0.7333333328125 0.5875 0.75 0.5828125 0.7645833328125 0.5703125 0.83125 0.5703125 0.8416666671874999 0.5796875 0.85625 0.596875 0.8708333328125001 0.6609375 0.8104166671874999 0.6484375 0.7458333328125
1 0.6453125 0.5958333328125 0.6328125 0.58125 0.625 0.58125 0.6125 0.59375 0.609375 0.60625 0.5921875 0.6145833328125 0.5890625 0.6229166671875 0.6203125 0.6458333328125 0.6296875 0.6395833328125 0.6359375 0.6541666671875 0.634375 0.6291666671875 0.64375 0.61875 0.6453125 0.5958333328125
1 0.375 0.56875 0.35 0.5458333328125 0.346875 0.5458333328125 0.3109375 0.5708333328124999 0.2953125 0.6104166671875 0.2984375 0.6229166671875 0.33125 0.6583333328125 0.3703125 0.6270833328125 0.384375 0.5895833328125 0.384375 0.58125 0.375 0.56875
1 0.334375 0.42083333281249996 0.328125 0.3895833328125 0.3234375 0.3895833328125 0.3125 0.4291666671875 0.33125 0.4375 0.334375 0.42083333281249996
1 0.290625 0.30416666718749996 0.2453125 0.2708333328125 0.2375 0.2708333328125 0.2296875 0.27291666718749996 0.190625 0.32083333281250004 0.1875 0.34375 0.190625 0.3604166671875 0.196875 0.3604166671875 0.19375 0.3708333328125 0.159375 0.36875 0.1453125 0.3854166671875 0.1390625 0.45 0.159375 0.48125 0.1828125 0.40625 0.1921875 0.3916666671875 0.1734375 0.3895833328125 0.175 0.3729166671875 0.203125 0.3791666671875 0.20625 0.3854166671875 0.2171875 0.38333333281250004 0.228125 0.3416666671875 0.2578125 0.3104166671875 0.3 0.3395833328125 0.3140625 0.3416666671875 0.290625 0.30416666718749996
1 0.096875 0.2854166671875 0.065625 0.2791666671875 0.0578125 0.2791666671875 0.0421875 0.28958333281250004 0.0390625 0.30625 0.0015625 0.3125 0.0015625 0.39375 0.0609375 0.4 0.0734375 0.42291666718750004 0.084375 0.4270833328125 0.1078125 0.4291666671875 0.1234375 0.42291666718750004 0.1390625 0.3729166671875 0.1359375 0.35208333281250004 0.11875 0.33125 0.109375 0.3020833328125 0.096875 0.2854166671875