1 0.41875 0.6166666671875001 0.446875 0.61875 0.4609375 0.6583333328125 0.4859375 0.6770833328125 0.509375 0.6770833328125 0.525 0.6645833328124999 0.628125 0.4583333328125 0.628125 0.4291666671875 0.621875 0.4145833328125 0.59375 0.3916666671875 0.5671875 0.3916666671875 0.553125 0.35625 0.525 0.34375 0.5140625 0.34375 0.478125 0.36666666718749996 0.3953125 0.5333333328125 0.3953125 0.5854166671875001 0.41875 0.6166666671875001
1 0.88125 0.9458333328125 0.921875 0.9666666671874999 0.9359375 0.9645833328125001 0.9640625 0.8479166671874999 0.978125 0.8270833328125 0.9875 0.8395833328125001 0.9875 0.85625 0.96875 0.9729166671874999 0.9765625 0.9916666671875 0.9984375 0.9979166671874999 0.9984375 0.6666666671875 0.9734375 0.6604166671875 0.9651046875 0.6604166671875 0.91875 0.6708333328125 0.9125 0.6791666671875001 0.865625 0.9229166671875 0.88125 0.9458333328125
1 0.653125 0.6083333328125 0.6234375 0.7125 0.6046875 0.8083333328125001 0.6046875 0.8520833328125 0.6265625 0.8854166671874999 0.6828125 0.9208333328125 0.7109375 0.9229166671875 0.725 0.9166666671874999 0.765625 0.85625 0.7671875 0.8166666671874999 0.7875 0.7625 0.7875 0.7270833328124999 0.803125 0.6979166671875 0.7984375 0.5708333328124999 0.7859375 0.5520833328125 0.76875 0.5458333328125 0.765625 0.5458333328125 0.71875 0.5666666671875 0.690625 0.5666666671875 0.6703125 0.5770833328125 0.653125 0.6083333328125
1 0.2515625 0.7791666671875 0.2578125 0.8104166671874999 0.290625 0.8208333328125 0.3171875 0.8208333328125 0.371875 0.8041666671875 0.4125 0.78125 0.4171875 0.7729166671875001 0.4171875 0.7520833328125 0.4078125 0.71875 0.4 0.7083333328125 0.375 0.7041666671875 0.365625 0.7041666671875 0.3140625 0.7104166671875001 0.253125 0.7416666671875001 0.2421875 0.7625 0.2515625 0.7791666671875
1 0.2078125 0.32083333281250004 0.2234375 0.3770833328125 0.2421875 0.3958333328125 0.265625 0.3958333328125 0.2984375 0.3708333328125 0.3140625 0.3291666671875 0.3171875 0.2875 0.2984375 0.22916666718749998 0.2859375 0.2166666671875 0.265625 0.2104166671875 0.25625 0.1875 0.24375 0.17916666718750002 0.2359375 0.17916666718750002 0.203125 0.2208333328125 0.1984375 0.25625 0.2109375 0.29375 0.2078125 0.32083333281250004
1 0.4203125 0.2791666671875 0.4390625 0.3270833328125 0.4703125 0.3708333328125 0.509375 0.3416666671875 0.540625 0.3375 0.5796875 0.3104166671875 0.5859375 0.2979166671875 0.5703125 0.2125 0.5203125 0.09375 0.50625 0.08333333281250001 0.5 0.08333333281250001 0.428125 0.16458333281249998 0.4078125 0.1979166671875 0.41875 0.24583333281250003 0.4203125 0.2791666671875
1 0.6359375 0 0.659375 0.10833333281249999 0.66875 0.12291666718750001 0.7015625 0.1291666671875 0.7390625 0.1145833328125 0.7640625 0.0916666671875 0.7671875 0.0645833328125 0.746875 0 0.7389515624999999 0 0.6359375 0
1 0.859375 0 0.8359375 0.0416666671875 0.840625 0.0770833328125 0.85625 0.0979166671875 0.8875 0.10833333281249999 0.9375 0.0479166671875 0.9625 0.04375 0.9984375 0.025 0.9984375 0 0.9902578125 0 0.859375 0
1 0.31875 0 0.3203125 0.0770833328125 0.3265625 0.08333333281250001 0.3484375 0.08333333281250001 0.4171875 0.060416667187499995 0.41875 0.05 0.40625 0.0208333328125 0.40625 0 0.3982953125 0 0.31875 0
1 0.175 0 0.175 0.0208333328125 0.184375 0.0458333328125 0.2015625 0.05625 0.2109375 0.0791666671875 0.2234375 0.0895833328125 0.2765625 0.0395833328125 0.28125 0.0270833328125 0.278125 0 0.2701921875 0 0.175 0
1 0.4078125 0 0.4078125 0.01875 0.421875 0.05625 0.45625 0.1 0.4734375 0.10833333281249999 0.4921875 0.08541666718749999 0.5078125 0.08125 0.528125 0.1041666671875 0.5453125 0.0333333328125 0.546875 0 0.5386953125 0 0.4078125 0