1 0.8083333328125001 0.5109375 0.81875 0.478125 0.81875 0.475 0.8145833328125001 0.4703125 0.6895833328125 0.45 0.6791666671875001 0.45 0.68125 0.471875 0.6645833328124999 0.478125 0.6479166671875001 0.4703125 0.6020833328124999 0.4640625 0.5895833328125 0.4640625 0.5833333328125 0.4703125 0.6020833328124999 0.4828125 0.5958333328125 0.503125 0.7416666671875001 0.5328125 0.75625 0.5328125 0.8083333328125001 0.5109375
1 0.6583333328125 0.4390625 0.6916666671875 0.3984375 0.6916666671875 0.390625 0.6729166671875 0.353125 0.6645833328124999 0.346875 0.63125 0.34375 0.6208333328125 0.35 0.5895833328125 0.3921875 0.60625 0.4203125 0.6583333328125 0.4390625
1 0.6791666671875001 0.3140625 0.6833333328125 0.296875 0.6833333328125 0.2953125 0.6729166671875 0.2765625 0.61875 0.271875 0.5791666671875 0.271875 0.5645833328125 0.290625 0.5666666671875 0.303125 0.60625 0.3265625 0.6166666671875001 0.3234375 0.6666666671875 0.328125 0.6791666671875001 0.3140625
1 0.7604166671875 0.2625 0.76875 0.240625 0.76875 0.2265625 0.7541666671875 0.2078125 0.6833333328125 0.2203125 0.6708333328125 0.2296875 0.66875 0.25 0.7145833328125 0.2671875 0.7479166671875 0.271875 0.7604166671875 0.2625
1 0.6645833328124999 0.2265625 0.6708333328125 0.165625 0.6708333328125 0.153125 0.6583333328125 0.1453125 0.6375 0.1453125 0.6125 0.1609375 0.5916666671875 0.1390625 0.5770833328125 0.1375 0.55 0.140625 0.5395833328124999 0.1484375 0.5604166671875 0.1921875 0.5625 0.2234375 0.5770833328125 0.225 0.5958333328125 0.2125 0.6 0.215625 0.6020833328124999 0.2265625 0.5895833328125 0.2328125 0.60625 0.24375 0.6020833328124999 0.2703125 0.6479166671875001 0.2734375 0.6645833328124999 0.2265625
1 0.5520833328125 0.253125 0.5625 0.2140625 0.5625 0.2125 0.5458333328125 0.1640625 0.5270833328125 0.140625 0.5020833328125 0.146875 0.48333333281249996 0.1453125 0.43958333281249995 0.1859375 0.4625 0.2328125 0.48333333281249996 0.25 0.5020833328125 0.2390625 0.5270833328125 0.2359375 0.54375 0.253125 0.5520833328125 0.253125
1 0.4916666671875 0.359375 0.49375 0.3359375 0.49375 0.328125 0.4770833328125 0.2890625 0.4458333328125 0.271875 0.4125 0.2734375 0.3854166671875 0.2828125 0.3479166671875 0.30625 0.3375 0.3234375 0.3395833328125 0.3296875 0.3583333328125 0.3296875 0.3604166671875 0.315625 0.36666666718749996 0.3140625 0.40833333281249995 0.3390625 0.40416666718750005 0.3453125 0.3854166671875 0.346875 0.38333333281250004 0.3546875 0.36875 0.3625 0.375 0.365625 0.3875 0.3984375 0.43125 0.4234375 0.45 0.41875 0.4770833328125 0.390625 0.4916666671875 0.359375
1 0.42291666718750004 0.45 0.43541666718750005 0.4390625 0.43541666718750005 0.4328125 0.41875 0.415625 0.3854166671875 0.3984375 0.36875 0.36875 0.3708333328125 0.35 0.38125 0.3515625 0.3875 0.3453125 0.40833333281249995 0.3421875 0.3916666671875 0.325 0.36875 0.3140625 0.3604166671875 0.315625 0.3583333328125 0.3265625 0.35 0.3234375 0.3333333328125 0.334375 0.27291666718749996 0.3515625 0.18125 0.4140625 0.1895833328125 0.43125 0.23333333281250002 0.4578125 0.2520833328125 0.4828125 0.2625 0.4875 0.2854166671875 0.4875 0.29375 0.4828125 0.3 0.4609375 0.3375 0.4640625 0.3708333328125 0.44375 0.42291666718750004 0.45
1 0.2375 0.5671875 0.26875 0.534375 0.2666666671875 0.5328125 0.2270833328125 0.503125 0.1979166671875 0.4984375 0.1895833328125 0.48125 0.19375 0.4640625 0.175 0.459375 0.15 0.4375 0.125 0.4421875 0.11875 0.459375 0.0895833328125 0.459375 0.0770833328125 0.4703125 0.08541666718749999 0.4875 0.1125 0.4875 0.13125 0.4984375 0.1166666671875 0.521875 0.11875 0.5375 0.1416666671875 0.5421875 0.15625 0.534375 0.1708333328125 0.5578125 0.2166666671875 0.5890625 0.22916666718749998 0.584375 0.2375 0.5671875
1 0.31875 0.7625 0.31875 0.734375 0.31875 0.725 0.3083333328125 0.665625 0.25625 0.5984375 0.23541666718749998 0.5984375 0.22291666718749997 0.6203125 0.1875 0.6328125 0.1666666671875 0.628125 0.1541666671875 0.63125 0.15 0.6484375 0.1291666671875 0.675 0.13125 0.7 0.1541666671875 0.75625 0.1916666671875 0.7953125 0.2166666671875 0.80625 0.30416666718749996 0.8078125 0.3166666671875 0.7921875 0.3104166671875 0.7796875 0.31875 0.7625
1 0.4145833328125 0.71875 0.4145833328125 0.7020828125 0.4145833328125 0.69375 0.41041666718750003 0.6546875 0.3875 0.634375 0.38125 0.634375 0.3645833328125 0.65 0.3479166671875 0.6546875 0.30625 0.6546875 0.3145833328125 0.659375 0.325 0.7609375 0.3583333328125 0.7609375 0.3791666671875 0.7421875 0.39791666718749996 0.7375 0.4145833328125 0.71875
1 0.42083333281249996 0.61875 0.43333333281249997 0.6015625 0.43333333281249997 0.6 0.41875 0.5765625 0.4 0.5703125 0.4125 0.5546875 0.4125 0.5421875 0.40208333281249997 0.5328125 0.3416666671875 0.515625 0.30416666718749996 0.521875 0.28958333281250004 0.5734375 0.2854166671875 0.621875 0.28958333281250004 0.634375 0.30416666718749996 0.6453125 0.33125 0.6515625 0.3604166671875 0.65 0.39791666718749996 0.6203125 0.39791666718749996 0.6046875 0.39375 0.6078125 0.3895833328125 0.6 0.39375 0.5953125 0.4270833328125 0.5953125 0.42291666718750004 0.6078125 0.40833333281249995 0.6140625 0.40833333281249995 0.6234375 0.42083333281249996 0.61875
1 0.47291666718750003 0.50625 0.48541666718750004 0.49375 0.48541666718750004 0.4875 0.43541666718750005 0.4515625 0.40625 0.4546875 0.3875 0.478125 0.3895833328125 0.49375 0.41041666718750003 0.509375 0.4291666671875 0.5015625 0.43958333281249995 0.50625 0.47291666718750003 0.50625
1 0.4166666671875 0.625 0.4458333328125 0.5921875 0.4458333328125 0.58125 0.43333333281249997 0.565625 0.4125 0.5578125 0.4145833328125 0.5453125 0.40208333281249997 0.5328125 0.3416666671875 0.515625 0.3125 0.5171875 0.2979166671875 0.53125 0.2854166671875 0.6078125 0.2875 0.63125 0.30625 0.6453125 0.3541666671875 0.6515625 0.38125 0.6328125 0.4166666671875 0.625
1 0.50625 0.53125 0.5375 0.5046875 0.5375 0.4953125 0.53125 0.4875 0.50625 0.4796875 0.5125 0.4609375 0.4916666671875 0.45 0.4791666671875 0.45 0.46458333281249997 0.4546875 0.45625 0.4640625 0.48333333281249996 0.4859375 0.48541666718750004 0.4953125 0.46875 0.5078125 0.44166666718750003 0.50625 0.4375 0.5140625 0.45 0.5265625 0.48541666718750004 0.5234375 0.50625 0.53125
1 0.6770833328125 0.4703125 0.6791666671875001 0.4625 0.6791666671875001 0.45625 0.66875 0.44375 0.6020833328124999 0.421875 0.5916666671875 0.396875 0.5791666671875 0.396875 0.55 0.409375 0.525 0.390625 0.4916666671875 0.375 0.46458333281249997 0.409375 0.44166666718750003 0.425 0.4916666671875 0.440625 0.5270833328125 0.4640625 0.53125 0.475 0.55 0.4875 0.5666666671875 0.4828125 0.5875 0.4578125 0.6416666671875 0.4625 0.6645833328124999 0.475 0.6770833328125 0.4703125
1 0.7 0.6578125 0.7270833328124999 0.6265625 0.7270833328124999 0.61875 0.6958333328124999 0.5625 0.6833333328125 0.55625 0.5375 0.525 0.5229166671875001 0.525 0.5104166671875 0.53125 0.4916666671875 0.5515625 0.49791666718750005 0.565625 0.5375 0.609375 0.575 0.625 0.7 0.6578125
1 0.5979166671875 0.6859375 0.60625 0.6703125 0.60625 0.6578125 0.5854166671875001 0.6484375 0.5770833328125 0.6375 0.5333333328125 0.6390625 0.5270833328125 0.646875 0.5479166671875 0.6671875 0.5395833328124999 0.675 0.5791666671875 0.6890625 0.5979166671875 0.6859375
1 0.55 0.76875 0.5645833328125 0.75625 0.5645833328125 0.7421875 0.46666666718750005 0.6953125 0.4770833328125 0.6859375 0.46875 0.6796875 0.47291666718750003 0.6734375 0.43958333281249995 0.6671875 0.41875 0.6703125 0.41875 0.71875 0.45625 0.740625 0.5291666671875 0.76875 0.55 0.76875
1 0.5333333328125 0.665625 0.5458333328125 0.6703125 0.5458333328125 0.665625 0.5229166671875001 0.6515625 0.5125 0.6359375 0.4458333328125 0.609375 0.43125 0.609375 0.4145833328125 0.6265625 0.3916666671875 0.63125 0.41875 0.6625 0.5125 0.6703125 0.5270833328125 0.6703125 0.5333333328125 0.665625
1 0.59375 0.503125 0.6 0.4921875 0.6 0.48125 0.5791666671875 0.475 0.5541666671875001 0.490625 0.5333333328125 0.4828125 0.5416666671875 0.5 0.5395833328124999 0.521875 0.5458333328125 0.5265625 0.575 0.5296875 0.575 0.50625 0.59375 0.503125