1 0.2921875 0.0020833328125000002 0.284375 0.0083333328125 0.2796875 0.01875 0.284375 0.0625 0.309375 0.14375 0.31875 0.15625 0.3265625 0.15625 0.3640625 0.1416666671875 0.4171875 0.1 0.41875 0.04375 0.3984375 0.0229166671875 0.39375 0.0020833328125000002 0.2921875 0.0020833328125000002
1 0.3625 0.15625 0.33125 0.1708333328125 0.3109375 0.16458333281249998 0.296875 0.175 0.2609375 0.1729166671875 0.253125 0.17916666718750002 0.246875 0.20208333281250002 0.246875 0.23333333281250002 0.2546875 0.2479166671875 0.25 0.28125 0.2578125 0.2958333328125 0.284375 0.3125 0.296875 0.3125 0.3703125 0.29375 0.3890625 0.27291666718749996 0.3984375 0.20833333281250002 0.396875 0.18125 0.3890625 0.1666666671875 0.3625 0.15625
1 0.071875 0.4270833328125 0.028125 0.40416666718750005 0.0015625 0.41041666718750003 0.0015625 0.5145833328125 0.0125 0.51875 0.025 0.51875 0.040625 0.5145833328125 0.065625 0.4916666671875 0.06875 0.475 0.0640625 0.45625 0.075 0.4479166671875 0.071875 0.4270833328125
1 0.40625 0.11875 0.3921875 0.1270833328125 0.4 0.1541666671875 0.415625 0.15625 0.4234375 0.17916666718750002 0.4375 0.1895833328125 0.45 0.1895833328125 0.4734375 0.1666666671875 0.475 0.1125 0.4609375 0.08125 0.4421875 0.075 0.428125 0.08125 0.40625 0.11875
1 0.375 0.32083333281250004 0.3828125 0.3333333328125 0.39140625 0.3333333328125 0.409375 0.3270833328125 0.4203125 0.30416666718749996 0.409375 0.28125 0.39375 0.2645833328125 0.3703125 0.2958333328125 0.375 0.32083333281250004
1 0.490625 0.01875 0.4765625 0.0354166671875 0.478125 0.1145833328125 0.4921875 0.14375 0.5015625 0.1520833328125 0.50625 0.1520833328125 0.534375 0.1395833328125 0.546875 0.1270833328125 0.546875 0.0458333328125 0.53125 0.01875 0.5140625 0.0083333328125 0.490625 0.01875
1 0.75625 0.16875 0.7484375 0.1583333328125 0.7390625 0.1583333328125 0.7328125 0.14375 0.721875 0.14375 0.7171875 0.1375 0.6984375 0.13333333281249998 0.68125 0.14375 0.6640625 0.1854166671875 0.6625 0.20833333281250002 0.6515625 0.23958333281250002 0.6546875 0.25625 0.6875 0.28125 0.7109375 0.2833333328125 0.7375 0.2541666671875 0.771875 0.2958333328125 0.784375 0.2958333328125 0.796875 0.2770833328125 0.8 0.2625 0.759375 0.2 0.7609375 0.1895833328125 0.75 0.1833333328125 0.75625 0.16875
1 0.5703125 0.16875 0.5828125 0.23541666718749998 0.5875 0.25 0.6015625 0.2666666671875 0.61015625 0.2666666671875 0.6484375 0.2541666671875 0.6609375 0.1895833328125 0.596875 0.1291666671875 0.5796875 0.14375 0.5703125 0.1583333328125 0.5703125 0.16875
1 0.6203125 0.3541666671875 0.5890625 0.3770833328125 0.5921875 0.3854166671875 0.609375 0.39375 0.6125 0.40625 0.625 0.41875 0.6328125 0.41875 0.6453125 0.40416666718750005 0.64375 0.38125 0.634375 0.3708333328125 0.6359375 0.3458333328125 0.6296875 0.3604166671875 0.6203125 0.3541666671875
1 0.2984375 0.3770833328125 0.2953125 0.3895833328125 0.3109375 0.4291666671875 0.346875 0.45416666718750004 0.35 0.45416666718750004 0.375 0.43125 0.384375 0.41875 0.384375 0.41041666718750003 0.3703125 0.3729166671875 0.33125 0.3416666671875 0.2984375 0.3770833328125
1 0.334375 0.5791666671875 0.33125 0.5625 0.3125 0.5708333328124999 0.3234375 0.6104166671875 0.328125 0.6104166671875 0.334375 0.5791666671875
1 0.2171875 0.6166666671875001 0.20625 0.6145833328125 0.203125 0.6208333328125 0.175 0.6270833328125 0.1734375 0.6104166671875 0.1921875 0.6083333328125 0.1828125 0.59375 0.159375 0.51875 0.1390625 0.55 0.1453125 0.6145833328125 0.159375 0.63125 0.19375 0.6291666671875 0.196875 0.6395833328125 0.190625 0.6395833328125 0.1875 0.65625 0.190625 0.6791666671875001 0.2296875 0.7270833328124999 0.2375 0.7291666671875 0.2453125 0.7291666671875 0.290625 0.6958333328124999 0.3140625 0.6583333328125 0.3 0.6604166671875 0.2578125 0.6895833328125 0.228125 0.6583333328125 0.2171875 0.6166666671875001
1 0.1234375 0.5770833328125 0.1078125 0.5708333328124999 0.084375 0.5729166671875 0.0734375 0.5770833328125 0.0609375 0.6 0.0015625 0.60625 0.0015625 0.6875 0.0390625 0.69375 0.0421875 0.7104166671875001 0.0578125 0.7208333328125 0.065625 0.7208333328125 0.096875 0.7145833328125 0.109375 0.6979166671875 0.11875 0.66875 0.1359375 0.6479166671875001 0.1390625 0.6270833328125 0.1234375 0.5770833328125