1 0.6708333328125 0.35625 0.6520833328125 0.384375 0.6520833328125 0.3984375 0.6854166671875 0.43125 0.7041666671875 0.4328125 0.725 0.421875 0.7354166671875 0.3921875 0.7229166671875 0.3671875 0.6958333328124999 0.3515625 0.6708333328125 0.35625
1 0.8 0.3328125 0.7958333328125 0.340625 0.7958333328125 0.353125 0.8020833328125001 0.371875 0.81875 0.378125 0.8875 0.3609375 0.8791666671874999 0.3328125 0.85625 0.321875 0.8229166671874999 0.3203125 0.8 0.3328125
1 0.45416666718750004 0.4765625 0.45416666718750004 0.53125 0.45416666718750004 0.5390625 0.4791666671875 0.559375 0.53125 0.559375 0.5479166671875 0.5484375 0.54375 0.515625 0.55 0.5046875 0.5416666671875 0.4859375 0.55 0.4734375 0.5395833328124999 0.459375 0.5145833328125 0.4546875 0.5041666671875 0.4609375 0.48541666718750004 0.45625 0.46666666718750005 0.4625 0.45416666718750004 0.4765625
1 0.40416666718750005 0.6375 0.3958333328125 0.6421875 0.3958333328125 0.646875 0.40208333281249997 0.66875 0.4125 0.678125 0.4291666671875 0.6828125 0.475 0.6796875 0.5125 0.690625 0.5270833328125 0.6875 0.525 0.6765625 0.5145833328125 0.671875 0.5291666671875 0.6609375 0.5291666671875 0.65 0.5229166671875001 0.6453125 0.4916666671875 0.653125 0.475 0.6375 0.46458333281249997 0.6375 0.45625 0.64375 0.43958333281249995 0.6375 0.40416666718750005 0.6375
1 0.3875 0.5828125 0.38333333281250004 0.596875 0.38333333281250004 0.6046875 0.3958333328125 0.615625 0.4458333328125 0.6140625 0.46458333281249997 0.6109375 0.475 0.5953125 0.47083333281249995 0.584375 0.4604166671875 0.578125 0.4 0.5765625 0.3875 0.5828125
1 0.6458333328125 0.5296875 0.63125 0.540625 0.63125 0.5484375 0.6458333328125 0.5703125 0.6708333328125 0.575 0.68125 0.6171875 0.6958333328124999 0.6359375 0.7083333328125 0.640625 0.7458333328125 0.6390625 0.7791666671875 0.63125 0.7895833328124999 0.6234375 0.7833333328125 0.5671875 0.7729166671875001 0.5390625 0.7583333328124999 0.5234375 0.71875 0.5203125 0.6458333328125 0.5296875
1 0.5416666671875 0.35 0.5333333328125 0.3578125 0.5333333328125 0.365625 0.5479166671875 0.3703125 0.56875 0.35625 0.6125 0.353125 0.6291666671875 0.34375 0.63125 0.33125 0.5979166671875 0.2921875 0.56875 0.2890625 0.54375 0.303125 0.5354166671875 0.31875 0.5416666671875 0.35
1 0.48541666718750004 0.259375 0.46666666718750005 0.2640625 0.46666666718750005 0.2703125 0.49375 0.3421875 0.5125 0.3546875 0.5375 0.353125 0.5354166671875 0.3125 0.5458333328125 0.2984375 0.5666666671875 0.2875 0.5395833328124999 0.20625 0.5229166671875001 0.2109375 0.48541666718750004 0.259375
1 0.3958333328125 0.23125 0.35208333281250004 0.23125 0.35208333281250004 0.2359375 0.3916666671875 0.259375 0.45 0.278125 0.46458333281249997 0.278125 0.4625 0.2625 0.43541666718750005 0.246875 0.3958333328125 0.23125
1 0.2875 0.240625 0.26875 0.253125 0.26875 0.25625 0.2875 0.30625 0.3854166671875 0.3265625 0.4 0.3265625 0.4166666671875 0.3171875 0.39375 0.265625 0.3 0.240625 0.2875 0.240625
1 0.4125 0.359375 0.40208333281249997 0.378125 0.40208333281249997 0.3828125 0.40833333281249995 0.4 0.4270833328125 0.409375 0.4458333328125 0.4109375 0.47083333281249995 0.396875 0.475 0.3734375 0.4625 0.359375 0.43125 0.3515625 0.4125 0.359375
1 0.3770833328125 0.3421875 0.35208333281250004 0.35625 0.35208333281250004 0.365625 0.3604166671875 0.378125 0.3541666671875 0.3984375 0.3583333328125 0.4078125 0.3708333328125 0.4109375 0.375 0.4234375 0.39375 0.4328125 0.41875 0.4234375 0.425 0.4140625 0.40208333281249997 0.3953125 0.4 0.3765625 0.40625 0.3625 0.39791666718749996 0.35 0.3770833328125 0.3421875
1 0.30416666718749996 0.5 0.2916666671875 0.509375 0.2916666671875 0.515625 0.29375 0.525 0.30625 0.534375 0.325 0.5375 0.36875 0.534375 0.3770833328125 0.521875 0.3645833328125 0.50625 0.3479166671875 0.5015625 0.30416666718749996 0.5
1 0.28958333281250004 0.596875 0.2854166671875 0.61875 0.2875 0.6203125 0.29375 0.628125 0.3395833328125 0.64375 0.3895833328125 0.64375 0.4145833328125 0.63125 0.41041666718750003 0.61875 0.3875 0.615625 0.3791666671875 0.603125 0.35625 0.6 0.35208333281250004 0.590625 0.32083333281250004 0.590625 0.3145833328125 0.5859375 0.3020833328125 0.5859375 0.28958333281250004 0.596875