1 0.2765625 0.3395833328125 0.325 0.43958333281249995 0.3265625 0.4895833328125 0.321875 0.5020833328125 0.3140625 0.46875 0.3171875 0.4625 0.3109375 0.4583333328125 0.3171875 0.45 0.29375 0.45 0.253125 0.4895833328125 0.2453125 0.50625 0.246875 0.5291666671875 0.309375 0.6166666671875001 0.3203125 0.625 0.35 0.625 0.375 0.6125 0.384375 0.59375 0.384375 0.575 0.396875 0.54375 0.45 0.6145833328125 0.465625 0.6166666671875001 0.4859375 0.60625 0.5140625 0.5645833328125 0.515625 0.5375 0.4828125 0.4583333328125 0.4 0.3104166671875 0.2703125 0.1625 0.25625 0.1625 0.240625 0.16875 0.23125 0.18125 0.228125 0.21458333281250003 0.2765625 0.3395833328125
1 0.5671875 0.7333333328125 0.565625 0.74375 0.578125 0.7645833328125 0.6109375 0.7979166671875 0.6734375 0.8395833328125001 0.7296875 0.8604166671875 0.8140625 0.8666666671875 0.865625 0.85 0.896875 0.7791666671875 0.9078125 0.7666666671875 0.909375 0.7520833328125 0.9140625 0.7458333328125 0.9390625 0.7416666671875001 0.9453125 0.73125 0.9390625 0.7229166671875 0.9109375 0.7229166671875 0.8953125 0.7041666671875 0.85625 0.6854166671875 0.725 0.6645833328124999 0.71484375 0.6645833328124999 0.6609375 0.6729166671875 0.621875 0.6895833328125 0.58125 0.7166666671875 0.5671875 0.7333333328125
1 0.6671875 0.3125 0.665625 0.3375 0.6953125 0.3604166671875 0.7015625 0.3875 0.7296875 0.41041666718750003 0.740625 0.44166666718750003 0.778125 0.4458333328125 0.7953125 0.43125 0.8 0.41041666718750003 0.8109375 0.40208333281249997 0.821875 0.3708333328125 0.81875 0.3375 0.75625 0.25 0.734375 0.23958333281250002 0.7203125 0.23958333281250002 0.7046875 0.2520833328125 0.6984375 0.2708333328125 0.690625 0.275 0.6671875 0.3125
1 0.51875 0.3333333328125 0.5296875 0.3645833328125 0.5640625 0.39791666718749996 0.5921875 0.4 0.609375 0.3895833328125 0.6765625 0.2958333328125 0.7078125 0.2375 0.7109375 0.2104166671875 0.7046875 0.18125 0.684375 0.15625 0.6515625 0.1375 0.64296875 0.1375 0.615625 0.14791666718750002 0.59375 0.175 0.5203125 0.3020833328125 0.51875 0.3333333328125
1 0.478125 0.44375 0.51875 0.4458333328125 0.51875 0.4145833328125 0.4984375 0.3875 0.46875 0.38333333281250004 0.465625 0.38333333281250004 0.453125 0.3958333328125 0.459375 0.3958333328125 0.4546875 0.40416666718750005 0.4703125 0.43541666718750005 0.4734375 0.43333333281249997 0.478125 0.44375
1 0.5 0.5895833328125 0.5 0.6 0.4734375 0.625 0.446875 0.625 0.45 0.61875 0.4265625 0.5875 0.4140625 0.59375 0.4078125 0.61875 0.4296875 0.6333333328124999 0.4953125 0.63125 0.496875 0.6375 0.559375 0.6375 0.6 0.6145833328125 0.6078125 0.6 0.609375 0.58125 0.60625 0.5395833328124999 0.5953125 0.5083333328124999 0.5828125 0.4916666671875 0.56875 0.4895833328125 0.5625 0.49583333281249997 0.55625 0.5229166671875001 0.54375 0.5208333328125 0.5328125 0.46458333281249997 0.51875 0.45 0.51875 0.4458333328125 0.478125 0.45 0.484375 0.45416666718750004 0.484375 0.46458333281249997 0.509375 0.51875 0.51875 0.55625 0.5 0.5895833328125
1 0.05 0.6145833328125 0.0515625 0.63125 0.075 0.65625 0.1125 0.7145833328125 0.1265625 0.7479166671875 0.14375 0.7645833328125 0.15625 0.7625 0.1765625 0.7458333328125 0.234375 0.6833333328125 0.2546875 0.65 0.2515625 0.6291666671875 0.2703125 0.6020833328124999 0.2703125 0.5854166671875001 0.25625 0.5645833328125 0.19375 0.5041666671875 0.178125 0.49791666718750005 0.1734375 0.49791666718750005 0.11875 0.5291666671875 0.090625 0.5541666671875001 0.0609375 0.5875 0.05 0.6145833328125
1 0 0.8895833328125 0.0390625 0.91875 0.0609375 0.9208333328125 0.084375 0.9020833328125001 0.1171875 0.85 0.125 0.81875 0.125 0.75 0.1125 0.71875 0.0765625 0.6625 0.05625 0.6416666671875 0.0171875 0.6229166671875 0.00859375 0.6229166671875 0 0.6229166671875 0 0.8895833328125
1 0.3984375 0.9666666671874999 0.4109375 0.9666666671874999 0.4546875 0.95 0.459375 0.94375 0.459375 0.9270833328125001 0.43125 0.73125 0.4203125 0.6958333328124999 0.403125 0.6791666671875001 0.3921875 0.6791666671875001 0.3640625 0.6958333328124999 0.35625 0.7395833328125 0.3921875 0.9520833328125 0.3984375 0.9666666671874999
1 0.5234375 0.9208333328125 0.51875 0.9291666671875 0.51875 0.9479166671874999 0.5265625 0.9583333328125001 0.534375 0.9645833328125001 0.5953125 0.9604166671875 0.6015625 0.9666666671874999 0.5953125 0.9791666671874999 0.5984375 0.9979166671874999 0.640625 0.9979166671874999 0.6578125 0.9520833328125 0.684375 0.95 0.6921875 0.94375 0.69375 0.93125 0.6890625 0.925 0.6671875 0.91875 0.6296875 0.8854166671874999 0.634375 0.8729166671874999 0.6296875 0.85625 0.6125 0.8541666671874999 0.575 0.8270833328125 0.571875 0.8270833328125 0.53125 0.85625 0.53125 0.8916666671875 0.521875 0.90625 0.5234375 0.9208333328125
1 0.5515625 0.9770833328125 0.5015625 0.95625 0.496875 0.95625 0.490625 0.9625 0.484375 0.9979166671874999 0.553125 0.9979166671874999 0.5515625 0.9770833328125
1 0.1296875 0.9479166671874999 0.15 0.9979166671874999 0.2125 0.9979166671874999 0.30625 0.91875 0.3078125 0.9104166671874999 0.2984375 0.88125 0.2734375 0.825 0.265625 0.825 0.1890625 0.875 0.178125 0.8895833328125 0.13125 0.925 0.1296875 0.9479166671874999
1 0.2875 0 0.284375 0.0083333328125 0.275 0.0083333328125 0.265625 0.0208333328125 0.259375 0.09375 0.265625 0.1125 0.284375 0.1291666671875 0.3171875 0.13125 0.340625 0.1145833328125 0.3484375 0.1020833328125 0.35 0.07083333281250001 0.3296875 0.07083333281250001 0.321875 0.054166667187499996 0.3328125 0.0333333328125 0.33125 0 0.3225 0 0.2875 0
1 0.3765625 0.28125 0.3875 0.2854166671875 0.4109375 0.25833333281250004 0.41875 0.21875 0.403125 0.175 0.3859375 0.15625 0.3609375 0.1416666671875 0.352734375 0.1416666671875 0.328125 0.1416666671875 0.3171875 0.14791666718750002 0.2953125 0.1833333328125 0.3765625 0.28125