1 0.759375 0.16875 0.74375 0.1625 0.7296875 0.1625 0.6 0.3104166671875 0.5171875 0.4583333328125 0.484375 0.5375 0.4859375 0.5645833328125 0.5140625 0.60625 0.534375 0.6166666671875001 0.55 0.6145833328125 0.603125 0.54375 0.615625 0.575 0.615625 0.59375 0.625 0.6125 0.65 0.625 0.6796875 0.625 0.690625 0.6166666671875001 0.753125 0.5291666671875 0.7546875 0.50625 0.746875 0.4895833328125 0.70625 0.45 0.6828125 0.45 0.6890625 0.4583333328125 0.6828125 0.4625 0.6859375 0.46875 0.678125 0.5020833328125 0.6734375 0.4895833328125 0.675 0.43958333281249995 0.7234375 0.3395833328125 0.771875 0.21458333281250003 0.76875 0.18125 0.759375 0.16875
1 0.3390625 0.6729166671875 0.28515625 0.6645833328124999 0.275 0.6645833328124999 0.14375 0.6854166671875 0.1046875 0.7041666671875 0.0890625 0.7229166671875 0.0609375 0.7229166671875 0.0546875 0.73125 0.0609375 0.7416666671875001 0.0859375 0.7458333328125 0.090625 0.7520833328125 0.0921875 0.7666666671875 0.103125 0.7791666671875 0.134375 0.85 0.1859375 0.8666666671875 0.2703125 0.8604166671875 0.3265625 0.8395833328125001 0.3890625 0.7979166671875 0.421875 0.7645833328125 0.434375 0.74375 0.4328125 0.7333333328125 0.41875 0.7166666671875 0.378125 0.6895833328125 0.3390625 0.6729166671875
1 0.2953125 0.2520833328125 0.2796875 0.23958333281250002 0.265625 0.23958333281250002 0.24375 0.25 0.18125 0.3375 0.178125 0.3708333328125 0.1890625 0.40208333281249997 0.2 0.41041666718750003 0.2046875 0.43125 0.221875 0.4458333328125 0.259375 0.44166666718750003 0.2703125 0.41041666718750003 0.2984375 0.3875 0.3046875 0.3604166671875 0.334375 0.3375 0.3328125 0.3125 0.309375 0.275 0.3015625 0.2708333328125 0.2953125 0.2520833328125
1 0.384375 0.14791666718750002 0.35703125 0.1375 0.3484375 0.1375 0.315625 0.15625 0.2953125 0.18125 0.2890625 0.2104166671875 0.2921875 0.2375 0.3234375 0.2958333328125 0.390625 0.3895833328125 0.4078125 0.4 0.4359375 0.39791666718749996 0.4703125 0.3645833328125 0.48125 0.3333333328125 0.4796875 0.3020833328125 0.40625 0.175 0.384375 0.14791666718750002
1 0.5453125 0.40416666718750005 0.540625 0.3958333328125 0.546875 0.3958333328125 0.534375 0.38333333281250004 0.53125 0.38333333281250004 0.5015625 0.3875 0.48125 0.4145833328125 0.48125 0.4458333328125 0.521875 0.44375 0.5265625 0.43333333281249997 0.5296875 0.43541666718750005 0.5453125 0.40416666718750005
1 0.515625 0.46458333281249997 0.515625 0.45416666718750004 0.521875 0.45 0.48125 0.4458333328125 0.48125 0.45 0.4671875 0.46458333281249997 0.45625 0.5208333328125 0.44375 0.5229166671875001 0.4375 0.49583333281249997 0.43125 0.4895833328125 0.4171875 0.4916666671875 0.4046875 0.5083333328124999 0.39375 0.5395833328124999 0.390625 0.58125 0.3921875 0.6 0.4 0.6145833328125 0.440625 0.6375 0.503125 0.6375 0.5046875 0.63125 0.5703125 0.6333333328124999 0.5921875 0.61875 0.5859375 0.59375 0.5734375 0.5875 0.55 0.61875 0.553125 0.625 0.5265625 0.625 0.5 0.6 0.5 0.5895833328125 0.48125 0.55625 0.490625 0.51875 0.515625 0.46458333281249997
1 0.88125 0.5291666671875 0.8265625 0.49791666718750005 0.821875 0.49791666718750005 0.80625 0.5041666671875 0.74375 0.5645833328125 0.7296875 0.5854166671875001 0.7296875 0.6020833328124999 0.7484375 0.6291666671875 0.7453125 0.65 0.765625 0.6833333328125 0.8234375 0.7458333328125 0.84375 0.7625 0.85625 0.7645833328125 0.8734375 0.7479166671875 0.8875 0.7145833328125 0.925 0.65625 0.9484375 0.63125 0.95 0.6145833328125 0.9390625 0.5875 0.909375 0.5541666671875001 0.88125 0.5291666671875
1 1 0.6229166671875 0.99140625 0.6229166671875 0.9828125 0.6229166671875 0.94375 0.6416666671875 0.9234375 0.6625 0.8875 0.71875 0.875 0.75 0.875 0.81875 0.8828125 0.85 0.915625 0.9020833328125001 0.9390625 0.9208333328125 0.9609375 0.91875 1 0.8895833328125 1 0.6229166671875
1 0.6359375 0.6958333328124999 0.6078125 0.6791666671875001 0.596875 0.6791666671875001 0.5796875 0.6958333328124999 0.56875 0.73125 0.540625 0.9270833328125001 0.540625 0.94375 0.5453125 0.95 0.5890625 0.9666666671874999 0.6015625 0.9666666671874999 0.6078125 0.9520833328125 0.64375 0.7395833328125 0.6359375 0.6958333328124999
1 0.46875 0.85625 0.428125 0.8270833328125 0.425 0.8270833328125 0.3875 0.8541666671874999 0.3703125 0.85625 0.365625 0.8729166671874999 0.3703125 0.8854166671874999 0.3328125 0.91875 0.3109375 0.925 0.30625 0.93125 0.3078125 0.94375 0.315625 0.95 0.3421875 0.9520833328125 0.359375 0.9979166671874999 0.4015625 0.9979166671874999 0.4046875 0.9791666671874999 0.3984375 0.9666666671874999 0.4046875 0.9604166671875 0.465625 0.9645833328125001 0.4734375 0.9583333328125001 0.48125 0.9479166671874999 0.48125 0.9291666671875 0.4765625 0.9208333328125 0.478125 0.90625 0.46875 0.8916666671875 0.46875 0.85625
1 0.509375 0.9625 0.503125 0.95625 0.4984375 0.95625 0.4484375 0.9770833328125 0.446875 0.9979166671874999 0.515625 0.9979166671874999 0.509375 0.9625
1 0.8109375 0.875 0.734375 0.825 0.7265625 0.825 0.7015625 0.88125 0.6921875 0.9104166671874999 0.69375 0.91875 0.7875 0.9979166671874999 0.85 0.9979166671874999 0.8703125 0.9479166671874999 0.86875 0.925 0.821875 0.8895833328125 0.8109375 0.875
1 0.66875 0 0.6671875 0.0333333328125 0.678125 0.054166667187499996 0.6703125 0.07083333281250001 0.65 0.07083333281250001 0.6515625 0.1020833328125 0.659375 0.1145833328125 0.6828125 0.13125 0.715625 0.1291666671875 0.734375 0.1125 0.740625 0.09375 0.734375 0.0208333328125 0.725 0.0083333328125 0.715625 0.0083333328125 0.7125 0 0.6775 0 0.66875 0
1 0.671875 0.1416666671875 0.647265625 0.1416666671875 0.6390625 0.1416666671875 0.6140625 0.15625 0.596875 0.175 0.58125 0.21875 0.5890625 0.25833333281250004 0.6125 0.2854166671875 0.6234375 0.28125 0.7046875 0.1833333328125 0.6828125 0.14791666718750002 0.671875 0.1416666671875