1 0.2875 0.7609375 0.23541666718749998 0.8453125 0.23541666718749998 0.853125 0.29375 0.8578125 0.31875 0.853125 0.35 0.8390625 0.38125 0.809375 0.40208333281249997 0.7671875 0.4 0.734375 0.38125 0.703125 0.35625 0.6859375 0.33541666718749996 0.690625 0.3104166671875 0.7203125 0.2958333328125 0.75 0.2791666671875 0.7546875 0.2875 0.7609375
1 0.29375 0.56875 0.275 0.5859375 0.275 0.5921875 0.3125 0.61875 0.32083333281250004 0.6453125 0.3604166671875 0.6578125 0.425 0.7015625 0.48541666718750004 0.721875 0.5041666671875 0.7171875 0.55625 0.6484375 0.55625 0.6296875 0.55 0.625 0.5229166671875001 0.6109375 0.46875 0.59375 0.31875 0.578125 0.29375 0.56875
1 0.59375 0.509375 0.5708333328124999 0.565625 0.5708333328124999 0.5734375 0.5875 0.5765625 0.5979166671875 0.571875 0.66875 0.521875 0.6979166671875 0.4734375 0.70625 0.421875 0.7020833328125 0.403125 0.68125 0.4078125 0.6708333328125 0.415625 0.6333333328124999 0.4578125 0.59375 0.509375
1 0.65625 0.3 0.65625 0.3109375 0.65625 0.321875 0.6833333328125 0.3546875 0.71875 0.3609375 0.7645833328125 0.3609375 0.7979166671875 0.3296875 0.8104166671874999 0.3296875 0.84375 0.2921875 0.8583333328125 0.29375 0.8770833328125001 0.28125 0.89375 0.25625 0.8958333328125001 0.2375 0.9208333328125 0.20625 0.9270833328125001 0.1890625 0.8875 0.1359375 0.8125 0.128125 0.7958333328125 0.1296875 0.78125 0.1390625 0.7020833328125 0.228125 0.65625 0.3
1 0.4604166671875 0.290625 0.4583333328125 0.3015625 0.4583333328125 0.309375 0.47291666718750003 0.325 0.5104166671875 0.34375 0.50625 0.353125 0.4916666671875 0.3578125 0.49583333281249997 0.3734375 0.50625 0.3796875 0.5625 0.3765625 0.5791666671875 0.38125 0.6083333328125 0.3484375 0.6104166671875 0.340625 0.5541666671875001 0.3140625 0.5604166671875 0.3015625 0.5583333328125 0.2875 0.54375 0.29375 0.5083333328124999 0.2796875 0.48125 0.278125 0.4604166671875 0.290625
1 0.56875 0.2828125 0.55625 0.3109375 0.55625 0.315625 0.6020833328124999 0.3375 0.6333333328124999 0.3453125 0.6479166671875001 0.346875 0.6604166671875 0.3390625 0.6583333328125 0.3328125 0.6520833328125 0.3328125 0.6479166671875001 0.3140625 0.6520833328125 0.3 0.5895833328125 0.2765625 0.5833333328125 0.275 0.56875 0.2828125
1 0.6833333328125 0.0828125 0.6458333328125 0.11875 0.6458333328125 0.1203125 0.6791666671875001 0.128125 0.6979166671875 0.1140625 0.7145833328125 0.1140625 0.7270833328124999 0.1265625 0.7270833328124999 0.14375 0.7666666671875 0.1515625 0.7895833328124999 0.128125 0.81875 0.1234375 0.8354166671875 0.0703125 0.8208333328125 0.065625 0.7833333328125 0.071875 0.7 0.0578125 0.6833333328125 0.0828125
1 0.4583333328125 0.103125 0.4479166671875 0.1125 0.4479166671875 0.1171875 0.45208333281249996 0.1328125 0.46875 0.140625 0.48125 0.16875 0.5104166671875 0.1765625 0.55625 0.215625 0.66875 0.2765625 0.70625 0.2203125 0.7583333328124999 0.1609375 0.74375 0.15 0.6958333328124999 0.1421875 0.6666666671875 0.1296875 0.5208333328125 0.0984375 0.48541666718750004 0.1078125 0.4770833328125 0.103125 0.4583333328125 0.103125
1 0.4270833328125 0.509375 0.42291666718750004 0.521875 0.42291666718750004 0.5265625 0.45 0.5375 0.5375 0.546875 0.5604166671875 0.5234375 0.5604166671875 0.5171875 0.55625 0.5015625 0.5125 0.4671875 0.48541666718750004 0.453125 0.47291666718750003 0.453125 0.4270833328125 0.509375
1 0.55625 0.453125 0.5458333328125 0.4734375 0.5458333328125 0.475 0.5645833328125 0.4890625 0.5604166671875 0.49375 0.5666666671875 0.4984375 0.5875 0.5046875 0.5895833328125 0.4984375 0.59375 0.5046875 0.5979166671875 0.503125 0.60625 0.4921875 0.6041666671875 0.478125 0.6208333328125 0.4765625 0.65 0.434375 0.59375 0.4140625 0.5708333328124999 0.4328125 0.5708333328124999 0.440625 0.55625 0.453125
1 0.2868290953125 0.7543520484374999 0.33541666718749996 0.6890625 0.3104166671875 0.6765625 0.28958333281250004 0.6953125 0.2708333328125 0.7234375 0.2708333328125 0.73125 0.275 0.7484375 0.2868290953125 0.7543520484374999