1 0.6 0.734375 0.5979166671875 0.7671875 0.61875 0.809375 0.65 0.8390625 0.68125 0.853125 0.70625 0.8578125 0.7645833328125 0.853125 0.7645833328125 0.8453125 0.7125 0.7609375 0.7208333328125 0.7546875 0.7041666671875 0.75 0.6895833328125 0.7203125 0.6645833328124999 0.690625 0.64375 0.6859375 0.61875 0.703125 0.6 0.734375
1 0.49583333281249997 0.7171875 0.5145833328125 0.721875 0.575 0.7015625 0.6395833328125 0.6578125 0.6791666671875001 0.6453125 0.6875 0.61875 0.725 0.5921875 0.725 0.5859375 0.70625 0.56875 0.68125 0.578125 0.53125 0.59375 0.4770833328125 0.6109375 0.45 0.625 0.44375 0.6296875 0.44375 0.6484375 0.49583333281249997 0.7171875
1 0.33125 0.521875 0.40208333281249997 0.571875 0.4125 0.5765625 0.4291666671875 0.5734375 0.4291666671875 0.565625 0.40625 0.509375 0.36666666718749996 0.4578125 0.3291666671875 0.415625 0.31875 0.4078125 0.2979166671875 0.403125 0.29375 0.421875 0.3020833328125 0.4734375 0.33125 0.521875
1 0.0791666671875 0.20625 0.1041666671875 0.2375 0.10625 0.25625 0.12291666718750001 0.28125 0.1416666671875 0.29375 0.15625 0.2921875 0.1895833328125 0.3296875 0.20208333281250002 0.3296875 0.23541666718749998 0.3609375 0.28125 0.3609375 0.3166666671875 0.3546875 0.34375 0.321875 0.34375 0.3109375 0.34375 0.3 0.2979166671875 0.228125 0.21875 0.1390625 0.20416666718749998 0.1296875 0.1875 0.128125 0.1125 0.1359375 0.07291666718749999 0.1890625 0.0791666671875 0.20625
1 0.3895833328125 0.340625 0.3916666671875 0.3484375 0.42083333281249996 0.38125 0.4375 0.3765625 0.49375 0.3796875 0.5041666671875 0.3734375 0.5083333328124999 0.3578125 0.49375 0.353125 0.4895833328125 0.34375 0.5270833328125 0.325 0.5416666671875 0.309375 0.5416666671875 0.3015625 0.5395833328124999 0.290625 0.51875 0.278125 0.4916666671875 0.2796875 0.45625 0.29375 0.44166666718750003 0.2875 0.43958333281249995 0.3015625 0.4458333328125 0.3140625 0.3895833328125 0.340625
1 0.3395833328125 0.3390625 0.35208333281250004 0.346875 0.36666666718749996 0.3453125 0.39791666718749996 0.3375 0.44375 0.315625 0.44375 0.3109375 0.43125 0.2828125 0.4166666671875 0.275 0.41041666718750003 0.2765625 0.3479166671875 0.3 0.35208333281250004 0.3140625 0.3479166671875 0.3328125 0.3416666671875 0.3328125 0.3395833328125 0.3390625
1 0.23333333281250002 0.1515625 0.27291666718749996 0.14375 0.27291666718749996 0.1265625 0.2854166671875 0.1140625 0.3020833328125 0.1140625 0.32083333281250004 0.128125 0.3541666671875 0.1203125 0.3541666671875 0.11875 0.3166666671875 0.0828125 0.3 0.0578125 0.2166666671875 0.071875 0.17916666718750002 0.065625 0.16458333281249998 0.0703125 0.18125 0.1234375 0.2104166671875 0.128125 0.23333333281250002 0.1515625
1 0.2416666671875 0.1609375 0.29375 0.2203125 0.33125 0.2765625 0.44375 0.215625 0.4895833328125 0.1765625 0.51875 0.16875 0.53125 0.140625 0.5479166671875 0.1328125 0.5520833328125 0.1171875 0.5520833328125 0.1125 0.5416666671875 0.103125 0.5229166671875001 0.103125 0.5145833328125 0.1078125 0.4791666671875 0.0984375 0.3333333328125 0.1296875 0.30416666718749996 0.1421875 0.25625 0.15 0.2416666671875 0.1609375
1 0.4625 0.546875 0.55 0.5375 0.5770833328125 0.5265625 0.5770833328125 0.521875 0.5729166671875 0.509375 0.5270833328125 0.453125 0.5145833328125 0.453125 0.4875 0.4671875 0.44375 0.5015625 0.43958333281249995 0.5171875 0.43958333281249995 0.5234375 0.4625 0.546875
1 0.39375 0.4921875 0.40208333281249997 0.503125 0.40625 0.5046875 0.41041666718750003 0.4984375 0.4125 0.5046875 0.43333333281249997 0.4984375 0.43958333281249995 0.49375 0.43541666718750005 0.4890625 0.45416666718750004 0.475 0.45416666718750004 0.4734375 0.44375 0.453125 0.4291666671875 0.440625 0.4291666671875 0.4328125 0.40625 0.4140625 0.35 0.434375 0.3791666671875 0.4765625 0.3958333328125 0.478125 0.39375 0.4921875
1 0.7131709046875 0.7543520484374999 0.725 0.7484375 0.7291666671875 0.73125 0.7291666671875 0.7234375 0.7104166671875001 0.6953125 0.6895833328125 0.6765625 0.6645833328124999 0.6890625 0.7131709046875 0.7543520484374999