1 0.3229166671875 0.509375 0.33541666718749996 0.525 0.5416666671875 0.628125 0.5708333328124999 0.628125 0.5854166671875001 0.621875 0.6083333328125 0.59375 0.6083333328125 0.5671875 0.64375 0.553125 0.65625 0.525 0.65625 0.5140625 0.6333333328124999 0.478125 0.46666666718750005 0.3953125 0.4145833328125 0.3953125 0.38333333281250004 0.41875 0.38125 0.446875 0.3416666671875 0.4609375 0.3229166671875 0.4859375 0.3229166671875 0.509375
1 0.1729166671875 0.978125 0.1604166671875 0.9875 0.14375 0.9875 0.0270833328125 0.96875 0.0083333328125 0.9765625 0.0020833328125000002 0.9984375 0.3333333328125 0.9984375 0.3395833328125 0.9734375 0.3395833328125 0.9651046875 0.3291666671875 0.91875 0.32083333281250004 0.9125 0.0770833328125 0.865625 0.054166667187499996 0.88125 0.0333333328125 0.921875 0.0354166671875 0.9359375 0.1520833328125 0.9640625 0.1729166671875 0.978125
1 0.1145833328125 0.6265625 0.0791666671875 0.6828125 0.0770833328125 0.7109375 0.08333333281250001 0.725 0.14375 0.765625 0.1833333328125 0.7671875 0.2375 0.7875 0.27291666718749996 0.7875 0.3020833328125 0.803125 0.4291666671875 0.7984375 0.4479166671875 0.7859375 0.45416666718750004 0.76875 0.45416666718750004 0.765625 0.43333333281249997 0.71875 0.43333333281249997 0.690625 0.42291666718750004 0.6703125 0.3916666671875 0.653125 0.2875 0.6234375 0.1916666671875 0.6046875 0.14791666718750002 0.6046875 0.1145833328125 0.6265625
1 0.19583333281249998 0.371875 0.21875 0.4125 0.2270833328125 0.4171875 0.2479166671875 0.4171875 0.28125 0.4078125 0.2916666671875 0.4 0.2958333328125 0.375 0.2958333328125 0.365625 0.28958333281250004 0.3140625 0.25833333281250004 0.253125 0.2375 0.2421875 0.2208333328125 0.2515625 0.1895833328125 0.2578125 0.17916666718750002 0.290625 0.17916666718750002 0.3171875 0.19583333281249998 0.371875
1 0.6291666671875 0.2984375 0.6708333328125 0.3140625 0.7125 0.3171875 0.7708333328125 0.2984375 0.7833333328125 0.2859375 0.7895833328124999 0.265625 0.8125 0.25625 0.8208333328125 0.24375 0.8208333328125 0.2359375 0.7791666671875 0.203125 0.74375 0.1984375 0.70625 0.2109375 0.6791666671875001 0.2078125 0.6229166671875 0.2234375 0.6041666671875 0.2421875 0.6041666671875 0.265625 0.6291666671875 0.2984375
1 0.6625 0.540625 0.6895833328125 0.5796875 0.7020833328125 0.5859375 0.7875 0.5703125 0.90625 0.5203125 0.9166666671874999 0.50625 0.9166666671874999 0.5 0.8354166671875 0.428125 0.8020833328125001 0.4078125 0.7541666671875 0.41875 0.7208333328125 0.4203125 0.6729166671875 0.4390625 0.6291666671875 0.4703125 0.6583333328125 0.509375 0.6625 0.540625
1 1 0.6359375 0.8916666671875 0.659375 0.8770833328125001 0.66875 0.8708333328125001 0.7015625 0.8854166671874999 0.7390625 0.9083333328125001 0.7640625 0.9354166671874999 0.7671875 1 0.746875 1 0.7389515624999999 1 0.6359375
1 1 0.859375 0.9583333328125001 0.8359375 0.9229166671875 0.840625 0.9020833328125001 0.85625 0.8916666671875 0.8875 0.9520833328125 0.9375 0.95625 0.9625 0.975 0.9984375 1 0.9984375 1 0.9902578125 1 0.859375
1 1 0.31875 0.9229166671875 0.3203125 0.9166666671874999 0.3265625 0.9166666671874999 0.3484375 0.9395833328125001 0.4171875 0.95 0.41875 0.9791666671874999 0.40625 1 0.40625 1 0.3982953125 1 0.31875
1 1 0.175 0.9791666671874999 0.175 0.9541666671875 0.184375 0.94375 0.2015625 0.9208333328125 0.2109375 0.9104166671874999 0.2234375 0.9604166671875 0.2765625 0.9729166671874999 0.28125 1 0.278125 1 0.2701921875 1 0.175
1 1 0.4078125 0.98125 0.4078125 0.94375 0.421875 0.9 0.45625 0.8916666671875 0.4734375 0.9145833328125 0.4921875 0.91875 0.5078125 0.8958333328125001 0.528125 0.9666666671874999 0.5453125 1 0.546875 1 0.5386953125 1 0.4078125