1 0.3484375 0.6083333328125 0.3625 0.61875 0.3875 0.61875 0.3921875 0.6104166671875 0.3734375 0.5541666671875001 0.3671875 0.5541666671875001 0.3375 0.5833333328125 0.3265625 0.6020833328124999 0.3296875 0.6125 0.3484375 0.6083333328125
1 0.3828125 0.63125 0.3953125 0.6375 0.3875 0.6208333328125 0.3734375 0.6166666671875001 0.3703125 0.6166666671875001 0.3359375 0.6520833328125 0.3671875 0.6791666671875001 0.3859375 0.6458333328125 0.3828125 0.63125
1 0.2921875 0.7604166671875 0.2984375 0.7479166671875 0.315625 0.7458333328125 0.315625 0.7583333328124999 0.3046875 0.7666666671875 0.3140625 0.7875 0.3203125 0.7625 0.340625 0.7416666671875001 0.3359375 0.7416666671875001 0.325 0.7208333328125 0.3140625 0.71875 0.309375 0.7083333328125 0.2984375 0.7125 0.296875 0.7041666671875 0.2828125 0.7 0.278125 0.6875 0.2765625 0.6875 0.2671875 0.6979166671875 0.2625 0.7354166671875 0.2734375 0.75 0.2921875 0.7604166671875
1 0.353125 0.5833333328125 0.35625 0.5895833328125 0.36875 0.56875 0.3796875 0.5770833328125 0.371875 0.55625 0.3640625 0.55625 0.340625 0.5854166671875001 0.3453125 0.5833333328125 0.3484375 0.5895833328125 0.353125 0.5833333328125
1 0.3953125 0.6041666671875 0.4015625 0.60625 0.4203125 0.5875 0.4234375 0.5708333328124999 0.4140625 0.55625 0.3890625 0.54375 0.3875 0.5416666671875 0.3796875 0.5583333328125 0.3890625 0.5854166671875001 0.396875 0.59375 0.3953125 0.6041666671875
1 0.5609375 0.3458333328125 0.559375 0.3541666671875 0.565625 0.3625 0.5609375 0.38333333281250004 0.5546875 0.38333333281250004 0.5515625 0.3916666671875 0.55625 0.40625 0.5875 0.42291666718750004 0.6078125 0.42083333281249996 0.6203125 0.40833333281249995 0.6328125 0.43125 0.640625 0.4270833328125 0.65 0.40625 0.6328125 0.3770833328125 0.6171875 0.33541666718749996 0.5984375 0.3333333328125 0.5765625 0.35625 0.56875 0.35625 0.5609375 0.3229166671875 0.565625 0.3125 0.575 0.3125 0.5890625 0.3270833328125 0.6015625 0.325 0.590625 0.30625 0.5765625 0.2979166671875 0.5703125 0.2979166671875 0.55625 0.30625 0.55 0.32083333281250004 0.5515625 0.33541666718749996 0.5609375 0.3458333328125
1 0.6421875 0.3875 0.6609375 0.35208333281250004 0.6453125 0.3395833328125 0.6453125 0.31875 0.6375 0.30625 0.621875 0.2979166671875 0.6171875 0.2979166671875 0.6109375 0.3291666671875 0.625 0.34375 0.634375 0.3770833328125 0.6421875 0.3875
1 0.2984375 0.8333333328125001 0.303125 0.8270833328125 0.3109375 0.8395833328125001 0.3109375 0.79375 0.2921875 0.7666666671875 0.284375 0.7666666671875 0.265625 0.7729166671875001 0.2578125 0.7854166671875 0.278125 0.8020833328125001 0.2984375 0.8333333328125001
1 0.2546875 0.9 0.271875 0.8916666671875 0.271875 0.8833333328125 0.253125 0.8541666671874999 0.234375 0.80625 0.23125 0.80625 0.203125 0.8520833328125 0.1921875 0.8916666671875 0.2203125 0.9 0.2546875 0.9
1 0.278125 0.89375 0.2953125 0.9083333328125001 0.3203125 0.9020833328125001 0.3296875 0.8875 0.3296875 0.875 0.3140625 0.8458333328125001 0.2765625 0.8 0.225 0.7604166671875 0.221875 0.7604166671875 0.2203125 0.7708333328125 0.228125 0.78125 0.2453125 0.8333333328125001 0.278125 0.89375
1 0.14375 0.9520833328125 0.1359375 0.9625 0.1265625 0.9979166671874999 0.215625 0.9979166671874999 0.253125 0.9604166671875 0.2578125 0.90625 0.24375 0.9 0.203125 0.9041666671874999 0.190625 0.8958333328125001 0.1859375 0.8958333328125001 0.1734375 0.9125 0.15625 0.9125 0.146875 0.925 0.14375 0.9520833328125
1 0.3359375 0.73125 0.34375 0.73125 0.340625 0.71875 0.3109375 0.7 0.315625 0.68125 0.340625 0.6958333328124999 0.3609375 0.7166666671875 0.3296875 0.7895833328124999 0.328125 0.8208333328125 0.3484375 0.8416666671874999 0.3484375 0.8645833328125001 0.3578125 0.88125 0.3734375 0.8895833328125 0.3828125 0.8875 0.4015625 0.86875 0.4171875 0.8395833328125001 0.425 0.8083333328125001 0.4234375 0.7895833328124999 0.4640625 0.7833333328125 0.4765625 0.7625 0.4765625 0.7416666671875001 0.4546875 0.7020833328125 0.4484375 0.6645833328124999 0.421875 0.6645833328124999 0.4 0.70625 0.31875 0.64375 0.3125 0.64375 0.275 0.6770833328125 0.275 0.6833333328125 0.315625 0.7104166671875001 0.3359375 0.73125