1 0.328125 0.49583333281249997 0.3125 0.46666666718750005 0.31875 0.41041666718750003 0.3109375 0.3958333328125 0.2875 0.39791666718749996 0.284375 0.40625 0.290625 0.425 0.28125 0.43125 0.265625 0.4270833328125 0.2390625 0.39791666718749996 0.2203125 0.4 0.2140625 0.41041666718750003 0.221875 0.4291666671875 0.209375 0.44375 0.215625 0.4625 0.2078125 0.4791666671875 0.203125 0.5229166671875001 0.19375 0.55 0.25625 0.5541666671875001 0.2640625 0.5541666671875001 0.275 0.5145833328125 0.2765625 0.48541666718750004 0.2953125 0.4875 0.321875 0.5104166671875 0.328125 0.5083333328124999 0.328125 0.49583333281249997
1 0.5734375 0.30625 0.5640625 0.2645833328125 0.4671875 0.2833333328125 0.459375 0.2979166671875 0.4625 0.3270833328125 0.4453125 0.3479166671875 0.446875 0.3854166671875 0.4625 0.4 0.47239531250000005 0.4 0.5015625 0.39791666718749996 0.5203125 0.38333333281250004 0.5984375 0.3583333328125 0.60625 0.3479166671875 0.59375 0.3145833328125 0.5734375 0.30625
1 0.453125 0.4 0.4671875 0.41041666718750003 0.5015625 0.5020833328125 0.515625 0.5270833328125 0.5265625 0.5270833328125 0.5578125 0.5166666671875 0.5625 0.5020833328125 0.51875 0.39375 0.509375 0.3895833328125 0.4703125 0.40208333281249997 0.453125 0.4
1 0.471875 0.47291666718750003 0.4703125 0.4625 0.475 0.46458333281249997 0.4796875 0.45208333281249996 0.4671875 0.4166666671875 0.434375 0.3875 0.421875 0.35208333281250004 0.4125 0.3416666671875 0.3953125 0.3375 0.3703125 0.3583333328125 0.31875 0.4375 0.3171875 0.46875 0.328125 0.4895833328125 0.3296875 0.5145833328125 0.35625 0.5229166671875001 0.3578125 0.525 0.3875 0.51875 0.39375 0.5041666671875 0.43125 0.50625 0.45 0.4875 0.453125 0.46875 0.471875 0.47291666718750003
1 0.4984375 0.5479166671875 0.503125 0.5479166671875 0.5109375 0.54375 0.515625 0.53125 0.4828125 0.45625 0.4578125 0.4916666671875 0.465625 0.5125 0.4984375 0.5479166671875
1 0.696875 0.19375 0.6890625 0.1854166671875 0.68125 0.1875 0.66875 0.20416666718749998 0.6171875 0.2270833328125 0.6078125 0.2375 0.60625 0.2958333328125 0.6140625 0.3104166671875 0.640625 0.3125 0.640625 0.3708333328125 0.646875 0.3791666671875 0.6484375 0.3791666671875 0.696875 0.32083333281250004 0.7078125 0.3 0.7140625 0.27291666718749996 0.715625 0.23541666718749998 0.6953125 0.2125 0.696875 0.19375
1 0.64375 0.38125 0.6390625 0.3583333328125 0.628125 0.3458333328125 0.6078125 0.35 0.5921875 0.36666666718749996 0.596875 0.4270833328125 0.6046875 0.46458333281249997 0.6125 0.475 0.62265625 0.475 0.6375 0.47291666718750003 0.675 0.44375 0.6859375 0.3895833328125 0.6859375 0.38125 0.6765625 0.36875 0.64375 0.38125
1 0.5828125 0.4875 0.59296875 0.4875 0.61875 0.4791666671875 0.60625 0.46875 0.5953125 0.4270833328125 0.571875 0.4625 0.5734375 0.4791666671875 0.5828125 0.4875
1 0.7140625 0.3729166671875 0.703125 0.3895833328125 0.703125 0.41041666718750003 0.7140625 0.4625 0.725 0.4895833328125 0.7296875 0.4895833328125 0.771875 0.46666666718750005 0.7890625 0.4479166671875 0.7953125 0.4291666671875 0.7734375 0.3916666671875 0.7359375 0.39375 0.7140625 0.3729166671875
1 0.8125 0.23125 0.778125 0.23333333281250002 0.7484375 0.2520833328125 0.725 0.2854166671875 0.7140625 0.3270833328125 0.71875 0.375 0.7296875 0.3895833328125 0.74375 0.3916666671875 0.746875 0.3916666671875 0.784375 0.38125 0.8234375 0.35 0.8578125 0.3020833328125 0.8625 0.2875 0.859375 0.2645833328125 0.8125 0.23125
1 0.6203125 0.5 0.6 0.5104166671875 0.571875 0.5395833328124999 0.5734375 0.5541666671875001 0.58125 0.5666666671875 0.6 0.5708333328124999 0.609375 0.5708333328124999 0.628125 0.5666666671875 0.6546875 0.5479166671875 0.6609375 0.5354166671875 0.6578125 0.51875 0.6484375 0.5083333328124999 0.6203125 0.5
1 0.65625 0.5604166671875 0.6578125 0.575 0.665625 0.5875 0.6796875 0.5875 0.6921875 0.60625 0.6984375 0.60625 0.709375 0.5979166671875 0.7125 0.5708333328124999 0.703125 0.55625 0.7046875 0.5354166671875 0.684375 0.5520833328125 0.65625 0.5604166671875
1 0.65625 0.54375 0.6625 0.55625 0.6671875 0.55625 0.6875 0.55 0.7078125 0.5291666671875 0.696875 0.49791666718750005 0.659375 0.51875 0.6609375 0.5333333328125 0.65625 0.54375
1 0.5859375 0.63125 0.60625 0.6416666671875 0.6078125 0.64375 0.65 0.6125 0.640625 0.5854166671875001 0.6296875 0.5729166671875 0.6140625 0.5729166671875 0.5796875 0.5979166671875 0.5859375 0.63125
1 0.5296875 0.6020833328124999 0.5265625 0.6166666671875001 0.5765625 0.7645833328125 0.6015625 0.8020833328125001 0.6078125 0.8020833328125001 0.6171875 0.79375 0.615625 0.7541666671875 0.5890625 0.6395833328125 0.571875 0.59375 0.5484375 0.5875 0.5296875 0.6020833328124999
1 0.503125 0.6083333328125 0.496875 0.58125 0.4765625 0.5770833328125 0.4671875 0.63125 0.4484375 0.6583333328125 0.45625 0.69375 0.4546875 0.71875 0.4640625 0.71875 0.4859375 0.75625 0.5 0.7645833328125 0.5078125 0.7645833328125 0.521875 0.75625 0.53125 0.7375 0.521875 0.6854166671875 0.5203125 0.6395833328125 0.5140625 0.6208333328125 0.503125 0.6083333328125
1 0.446875 0.7833333328125 0.4484375 0.7833333328125 0.4484375 0.75 0.4546875 0.73125 0.44375 0.6708333328125 0.403125 0.7104166671875001 0.440625 0.78125 0.446875 0.7833333328125