1 0.6984375 0.4458333328125 0.6734375 0.4291666671875 0.665625 0.4291666671875 0.65625 0.43958333281249995 0.64375 0.475 0.6328125 0.45 0.6125 0.43958333281249995 0.5953125 0.43958333281249995 0.565625 0.4583333328125 0.553125 0.5 0.5546875 0.525 0.5609375 0.5395833328124999 0.5765625 0.55625 0.6078125 0.5604166671875 0.65 0.5875 0.675 0.59375 0.684375 0.5729166671875 0.69375 0.5708333328124999 0.6984375 0.5625 0.725 0.49375 0.725 0.48333333281249996 0.7046875 0.47291666718750003 0.6859375 0.5145833328125 0.6828125 0.5083333328124999 0.6984375 0.4458333328125
1 0.7234375 0.7833333328125 0.6953125 0.71875 0.6890625 0.71875 0.671875 0.7333333328125 0.6703125 0.7458333328125 0.6953125 0.8 0.6953125 0.825 0.6734375 0.8729166671874999 0.665625 0.8791666671874999 0.6546875 0.90625 0.6125 0.975 0.6046875 0.9979166671874999 0.7171875 0.9979166671874999 0.728125 0.9770833328125 0.728125 0.9479166671874999 0.68125 0.8916666671875 0.68125 0.8833333328125 0.7109375 0.825 0.7171875 0.80625 0.715625 0.79375 0.7234375 0.7833333328125
1 0.6359375 0.6395833328125 0.6265625 0.6395833328125 0.6171875 0.6395833328125 0.5421875 0.6604166671875 0.55 0.7333333328125 0.6484375 0.7166666671875 0.65 0.6958333328124999 0.6421875 0.65 0.6359375 0.6395833328125
1 0.7703125 0.46458333281249997 0.75 0.45208333281249996 0.7453125 0.45208333281249996 0.7453125 0.46875 0.7375 0.4875 0.740625 0.5041666671875 0.7640625 0.49791666718750005 0.7859375 0.5270833328125 0.8140625 0.5125 0.815625 0.4770833328125 0.8109375 0.46666666718750005 0.790625 0.45625 0.7703125 0.46458333281249997
1 0.59375 0.78125 0.571875 0.7520833328125 0.56875 0.7520833328125 0.5484375 0.7666666671875 0.546875 0.79375 0.5609375 0.8083333328125001 0.584375 0.8145833328125001 0.5921875 0.8083333328125001 0.59375 0.78125
1 0.3984375 0.6145833328125 0.365625 0.58125 0.3609375 0.58125 0.3453125 0.59375 0.34375 0.6145833328125 0.3890625 0.675 0.4359375 0.7145833328125 0.4484375 0.7125 0.453125 0.71875 0.45 0.73125 0.4140625 0.73125 0.40625 0.7895833328124999 0.4015625 0.7958333328125 0.3828125 0.7916666671875 0.38125 0.8104166671874999 0.390625 0.8208333328125 0.4109375 0.80625 0.434375 0.8208333328125 0.440625 0.84375 0.4640625 0.8708333328125001 0.490625 0.9208333328125 0.5078125 0.9333333328125001 0.525 0.9270833328125001 0.5453125 0.90625 0.55 0.8875 0.5234375 0.8375 0.490625 0.8 0.490625 0.7583333328124999 0.50625 0.7458333328125 0.5078125 0.73125 0.4640625 0.6916666671875 0.4609375 0.66875 0.4453125 0.6479166671875001 0.3984375 0.6145833328125
1 0.5078125 0.4458333328125 0.49375 0.43125 0.4828125 0.43125 0.471875 0.4458333328125 0.4703125 0.5291666671875 0.478125 0.6020833328124999 0.4875 0.61875 0.503125 0.5958333328125 0.5140625 0.5916666671875 0.5375 0.6 0.5421875 0.575 0.53125 0.49583333281249997 0.5078125 0.4458333328125
1 0.5546875 0.30416666718749996 0.5348953125 0.30416666718749996 0.525 0.30416666718749996 0.5015625 0.32083333281250004 0.4859375 0.3625 0.49375 0.4 0.5203125 0.42083333281249996 0.5515625 0.4166666671875 0.5671875 0.40208333281249997 0.58125 0.3583333328125 0.575 0.325 0.56875 0.3166666671875 0.5546875 0.30416666718749996
1 0.434375 0.5166666671875 0.4203125 0.47291666718750003 0.41875 0.47291666718750003 0.3921875 0.49791666718750005 0.38125 0.5229166671875001 0.3859375 0.55 0.403125 0.5604166671875 0.428125 0.5604166671875 0.4359375 0.5479166671875 0.434375 0.5166666671875
1 0.76875 0.2208333328125 0.75625 0.20625 0.7421875 0.20625 0.6890625 0.23333333281250002 0.68125 0.2520833328125 0.68125 0.2708333328125 0.6921875 0.30416666718749996 0.7109375 0.3083333328125 0.721875 0.2979166671875 0.771875 0.2791666671875 0.7796875 0.25625 0.76875 0.2375 0.76875 0.2208333328125
1 0.678125 0.3291666671875 0.6625 0.31875 0.6546875 0.31875 0.6125 0.3479166671875 0.6109375 0.3583333328125 0.6171875 0.3708333328125 0.6453125 0.3958333328125 0.6671875 0.40208333281249997 0.6859375 0.3708333328125 0.6859375 0.3458333328125 0.678125 0.3291666671875
1 0.79375 0.3083333328125 0.7703125 0.28125 0.76875 0.28125 0.7578125 0.28958333281250004 0.75625 0.3104166671875 0.765625 0.40625 0.7828125 0.4270833328125 0.796875 0.43333333281249997 0.803125 0.45 0.8234375 0.45 0.8328125 0.43541666718750005 0.8296875 0.425 0.8421875 0.4 0.84375 0.3604166671875 0.8296875 0.33541666718749996 0.815625 0.3291666671875 0.80625 0.3125 0.79375 0.3083333328125
1 0.925 0.53125 0.890625 0.51875 0.8859375 0.51875 0.875 0.5291666671875 0.871875 0.5541666671875001 0.8859375 0.5895833328125 0.8671875 0.60625 0.8515625 0.60625 0.8546875 0.5791666671875 0.85 0.5708333328124999 0.8046875 0.5833333328125 0.7921875 0.5479166671875 0.784375 0.5479166671875 0.753125 0.5770833328125 0.7484375 0.60625 0.715625 0.6416666671875 0.7125 0.65625 0.721875 0.65625 0.7609375 0.6208333328125 0.7671875 0.6229166671875 0.7734375 0.6354166671875 0.78125 0.69375 0.7875 0.6979166671875 0.7921875 0.6916666671875 0.7921875 0.6729166671875 0.7859375 0.63125 0.803125 0.60625 0.821875 0.6333333328124999 0.828125 0.65625 0.8375 0.66875 0.8359375 0.675 0.84375 0.68125 0.84375 0.6916666671875 0.8546875 0.7020833328125 0.865625 0.7 0.884375 0.6791666671875001 0.890625 0.6625 0.928125 0.6333333328124999 0.925 0.60625 0.94375 0.5833333328125 0.9421875 0.5625 0.925 0.53125