1 0.48541666718750004 0.725 0.4458333328125 0.7359375 0.4458333328125 0.74375 0.45 0.80625 0.4770833328125 0.796875 0.5208333328125 0.7921875 0.5375 0.784375 0.55625 0.790625 0.5708333328124999 0.778125 0.5895833328125 0.7859375 0.6 0.7796875 0.6020833328124999 0.7609375 0.5729166671875 0.734375 0.56875 0.71875 0.575 0.709375 0.59375 0.715625 0.6020833328124999 0.7125 0.6041666671875 0.6890625 0.5895833328125 0.68125 0.5333333328125 0.6875 0.5041666671875 0.671875 0.4916666671875 0.671875 0.4895833328125 0.678125 0.5125 0.7046875 0.5145833328125 0.7234375 0.48541666718750004 0.725
1 0.6020833328124999 0.4984375 0.6 0.5276046875 0.6 0.5375 0.6145833328125 0.553125 0.6520833328125 0.5546875 0.6729166671875 0.5375 0.7020833328125 0.540625 0.7166666671875 0.5328125 0.7354166671875 0.4359375 0.69375 0.4265625 0.6854166671875 0.40625 0.6520833328125 0.39375 0.6416666671875 0.4015625 0.6166666671875001 0.4796875 0.6020833328124999 0.4984375
1 0.48333333281249996 0.4421875 0.47291666718750003 0.4734375 0.47291666718750003 0.484375 0.49791666718750005 0.4984375 0.5895833328125 0.5328125 0.6 0.546875 0.5979166671875 0.5296875 0.6104166671875 0.490625 0.60625 0.48125 0.49791666718750005 0.4375 0.48333333281249996 0.4421875
1 0.48125 0.6125 0.475 0.6421875 0.4770833328125 0.64375 0.48541666718750004 0.6703125 0.5104166671875 0.671875 0.53125 0.6828125 0.5625 0.68125 0.6416666671875 0.6296875 0.6625 0.6046875 0.6583333328125 0.5875 0.6479166671875001 0.578125 0.6125 0.565625 0.5833333328125 0.5328125 0.5479166671875 0.5203125 0.5354166671875 0.525 0.5375 0.5296875 0.5270833328125 0.528125 0.53125 0.546875 0.5125 0.55 0.49375 0.56875 0.49583333281249997 0.60625 0.48125 0.6125
1 0.45625 0.4890625 0.45208333281249996 0.496875 0.45208333281249996 0.5015625 0.4875 0.534375 0.5083333328124999 0.5421875 0.54375 0.5171875 0.46875 0.484375 0.45625 0.4890625
1 0.6791666671875001 0.303125 0.6208333328125 0.3515625 0.6208333328125 0.353125 0.6291666671875 0.359375 0.6875 0.359375 0.6895833328125 0.3859375 0.7041666671875 0.39375 0.7625 0.3921875 0.7729166671875001 0.3828125 0.7958333328125 0.33125 0.8125 0.31875 0.8145833328125001 0.3109375 0.80625 0.303125 0.7875 0.3046875 0.7645833328125 0.284375 0.7270833328124999 0.2859375 0.7 0.2921875 0.6791666671875001 0.303125
1 0.5270833328125 0.3625 0.525 0.37734375 0.525 0.3875 0.5354166671875 0.3953125 0.5729166671875 0.403125 0.6333333328124999 0.4078125 0.65 0.3921875 0.6541666671875 0.371875 0.6416666671875 0.3609375 0.61875 0.35625 0.63125 0.3234375 0.61875 0.3140625 0.6104166671875 0.3140625 0.55625 0.325 0.5270833328125 0.3625
1 0.5208333328125 0.38125 0.5125 0.40703125 0.5125 0.4171875 0.5208333328125 0.4265625 0.5375 0.428125 0.5729166671875 0.4046875 0.53125 0.39375 0.5208333328125 0.38125
1 0.5333333328125 0.228125 0.5104166671875 0.2703125 0.5104166671875 0.275 0.5375 0.2859375 0.5895833328125 0.296875 0.6104166671875 0.296875 0.6270833328125 0.2859375 0.60625 0.2640625 0.6083333328125 0.2265625 0.5708333328124999 0.2046875 0.5520833328125 0.2109375 0.5333333328125 0.228125
1 0.61875 0.215625 0.6083333328125 0.253125 0.6083333328125 0.25625 0.6104166671875 0.2703125 0.625 0.28125 0.6729166671875 0.2859375 0.7145833328125 0.275 0.7479166671875 0.2515625 0.7666666671875 0.221875 0.76875 0.1875 0.7354166671875 0.140625 0.7125 0.1375 0.6979166671875 0.1421875 0.65 0.1765625 0.61875 0.215625
1 0.43333333281249997 0.371875 0.4291666671875 0.390625 0.4291666671875 0.4 0.43333333281249997 0.41875 0.4458333328125 0.4265625 0.4604166671875 0.428125 0.4895833328125 0.4 0.5 0.3796875 0.4916666671875 0.3515625 0.48125 0.3421875 0.46458333281249997 0.3390625 0.45208333281249996 0.3453125 0.43333333281249997 0.371875
1 0.40208333281249997 0.290625 0.39375 0.3015625 0.39375 0.3078125 0.4125 0.3203125 0.4125 0.334375 0.425 0.3421875 0.43958333281249995 0.34375 0.4479166671875 0.315625 0.46458333281249997 0.2953125 0.44375 0.296875 0.4291666671875 0.2875 0.40208333281249997 0.290625
1 0.45 0.3125 0.44375 0.3328125 0.44375 0.3375 0.45625 0.34375 0.46666666718750005 0.3390625 0.48125 0.340625 0.5020833328125 0.303125 0.47083333281249995 0.2921875 0.45 0.3125
1 0.3875 0.35 0.35625 0.3921875 0.3583333328125 0.39375 0.36875 0.4140625 0.40208333281249997 0.4203125 0.4270833328125 0.3859375 0.4270833328125 0.3703125 0.4145833328125 0.359375 0.3875 0.35
1 0.20625 0.3828125 0.1979166671875 0.3921875 0.1979166671875 0.3984375 0.23541666718749998 0.4234375 0.38333333281250004 0.4734375 0.39791666718749996 0.4703125 0.4125 0.4515625 0.40625 0.428125 0.3604166671875 0.4109375 0.24583333281250003 0.384375 0.20625 0.3828125
1 0.24375 0.478125 0.23541666718749998 0.4921875 0.23541666718749998 0.5 0.24375 0.5140625 0.28125 0.5359375 0.28125 0.5453125 0.30625 0.54375 0.3416666671875 0.5515625 0.36875 0.5328125 0.42291666718750004 0.5234375 0.41875 0.503125 0.3916666671875 0.496875 0.3791666671875 0.4859375 0.3604166671875 0.4796875 0.3145833328125 0.478125 0.2625 0.46875 0.24375 0.478125
1 0.25 0.5515625 0.2166666671875 0.5515625 0.2166666671875 0.553125 0.21875 0.559375 0.28958333281250004 0.596875 0.3291666671875 0.55625 0.26875 0.5453125 0.25 0.5515625