1 0.375 0.7895833328124999 0.2953125 0.7479166671875 0.2875 0.7479166671875 0.26875 0.79375 0.2640625 0.825 0.3453125 0.8729166671874999 0.3546875 0.8729166671874999 0.3734375 0.8166666671874999 0.375 0.7895833328124999
1 0.240625 0.8854166671874999 0.2359375 0.88125 0.2328125 0.88125 0.225 0.8916666671875 0.228125 0.9041666671874999 0.240625 0.9 0.240625 0.8854166671874999
1 0.28125 0.8541666671874999 0.2625 0.8291666671875 0.259375 0.8291666671875 0.246875 0.8354166671875 0.228125 0.8604166671875 0.225 0.9 0.259375 0.9208333328125 0.2859375 0.9041666671874999 0.2921875 0.8916666671875 0.28125 0.8541666671874999
1 0.3515625 0.90625 0.3338546875 0.90625 0.325 0.90625 0.3 0.91875 0.284375 0.9375 0.2703125 0.9708333328125001 0.265625 0.9979166671874999 0.403125 0.9979166671874999 0.4 0.9625 0.3765625 0.9208333328125 0.3515625 0.90625
1 0.484375 0.8791666671874999 0.4625 0.875 0.4546875 0.875 0.4375 0.8854166671874999 0.4171875 0.91875 0.4171875 0.94375 0.428125 0.9583333328125001 0.4734375 0.9583333328125001 0.4953125 0.9270833328125001 0.4984375 0.90625 0.49375 0.8895833328125 0.484375 0.8791666671874999
1 0.590625 0.8333333328125001 0.5890625 0.8208333328125 0.5828125 0.8208333328125 0.56875 0.83125 0.5390625 0.8208333328125 0.515625 0.8375 0.5078125 0.8583333328125 0.50625 0.88125 0.521875 0.9166666671874999 0.5390625 0.9270833328125001 0.56875 0.91875 0.5828125 0.8875 0.5796875 0.8479166671874999 0.590625 0.8333333328125001
1 0.5453125 0.66875 0.5375 0.6604166671875 0.5265625 0.6604166671875 0.5171875 0.6708333328125 0.515625 0.6854166671875 0.521875 0.7 0.534375 0.7041666671875 0.5453125 0.6958333328124999 0.546875 0.6875 0.5453125 0.66875
1 0.64375 0.5791666671875 0.590625 0.575 0.578125 0.575 0.5765625 0.65 0.64375 0.6541666671875 0.64375 0.5791666671875
1 0.8046875 0.85625 0.790625 0.8416666671874999 0.778125 0.8416666671874999 0.753125 0.8625 0.7515625 0.8791666671874999 0.775 0.91875 0.803125 0.9229166671875 0.8125 0.9041666671874999 0.8109375 0.88125 0.8046875 0.85625
1 0.8078125 0.9270833328125001 0.79375 0.9208333328125 0.78125 0.9208333328125 0.7625 0.9291666671875 0.75 0.95 0.7484375 0.975 0.753125 0.9979166671874999 0.828125 0.9979166671874999 0.8296875 0.9708333328125001 0.821875 0.9458333328125 0.8078125 0.9270833328125001
1 0.31875 0.59375 0.3046875 0.58125 0.303125 0.5833333328125 0.284375 0.5895833328125 0.25 0.6333333328124999 0.2203125 0.6229166671875 0.1984375 0.6333333328124999 0.1671875 0.6895833328125 0.165625 0.7083333328125 0.18125 0.7125 0.196875 0.7395833328125 0.215625 0.7520833328125 0.23125 0.7541666671875 0.25 0.7458333328125 0.2640625 0.725 0.26875 0.7 0.28125 0.6791666671875001 0.290625 0.66875 0.303125 0.6666666671875 0.3203125 0.6458333328125 0.3125 0.6166666671875001 0.31875 0.59375
1 0.540625 0.325 0.5041671875 0.32083333281250004 0.4953125 0.32083333281250004 0.4890625 0.3291666671875 0.4859375 0.36666666718749996 0.5109375 0.3875 0.5203125 0.43125 0.5546875 0.43333333281249997 0.5625 0.40208333281249997 0.5640625 0.33541666718749996 0.540625 0.325
1 0.603125 0.3791666671875 0.590625 0.3708333328125 0.58125 0.3708333328125 0.571875 0.375 0.565625 0.3895833328125 0.5625 0.5041666671875 0.575 0.51875 0.6 0.5125 0.615625 0.5229166671875001 0.6328125 0.5208333328125 0.640625 0.5041666671875 0.6421875 0.48333333281249996 0.640625 0.39375 0.63125 0.3770833328125 0.603125 0.3791666671875
1 0.75625 0.31875 0.7328125 0.2979166671875 0.721875 0.2979166671875 0.696875 0.325 0.675 0.38333333281250004 0.659375 0.3958333328125 0.659375 0.41041666718750003 0.6671875 0.425 0.6859375 0.42291666718750004 0.696875 0.43541666718750005 0.7265625 0.4375 0.7484375 0.4270833328125 0.7515625 0.4125 0.7609375 0.40416666718750005 0.7703125 0.3729166671875 0.76875 0.34375 0.7796875 0.3291666671875 0.7796875 0.3145833328125 0.75625 0.31875
1 0.9125 0.3166666671875 0.8828125 0.28125 0.878125 0.28125 0.8546875 0.28958333281250004 0.8296875 0.31875 0.8015625 0.3291666671875 0.790625 0.3395833328125 0.7953125 0.35625 0.80625 0.3604166671875 0.8078125 0.3875 0.8203125 0.3854166671875 0.8390625 0.3583333328125 0.8625 0.3604166671875 0.8703125 0.3458333328125 0.8890625 0.3395833328125 0.9125 0.3166666671875
1 0.7328125 0.6104166671875 0.7265625 0.6 0.71875 0.6 0.6734375 0.6416666671875 0.66875 0.6895833328125 0.621875 0.7354166671875 0.6125 0.7583333328124999 0.6203125 0.7645833328125 0.68125 0.7125 0.6953125 0.7083333328125 0.7046875 0.73125 0.721875 0.8166666671874999 0.73125 0.825 0.7359375 0.8020833328125001 0.721875 0.7270833328124999 0.7265625 0.7083333328125 0.740625 0.6875 0.7421875 0.6625 0.7328125 0.6104166671875