1 0.2104166671875 0.375 0.2520833328125 0.2953125 0.2520833328125 0.2875 0.20625 0.26875 0.175 0.2640625 0.1270833328125 0.3453125 0.1270833328125 0.3546875 0.1833333328125 0.3734375 0.2104166671875 0.375
1 0.1145833328125 0.240625 0.11875 0.2359375 0.11875 0.2328125 0.10833333281249999 0.225 0.0958333328125 0.228125 0.1 0.240625 0.1145833328125 0.240625
1 0.1458333328125 0.28125 0.1708333328125 0.2625 0.1708333328125 0.259375 0.16458333281249998 0.246875 0.1395833328125 0.228125 0.1 0.225 0.0791666671875 0.259375 0.0958333328125 0.2859375 0.10833333281249999 0.2921875 0.1458333328125 0.28125
1 0.09375 0.3515625 0.09375 0.3338546875 0.09375 0.325 0.08125 0.3 0.0625 0.284375 0.029166667187500002 0.2703125 0.0020833328125000002 0.265625 0.0020833328125000002 0.403125 0.0375 0.4 0.0791666671875 0.3765625 0.09375 0.3515625
1 0.1208333328125 0.484375 0.125 0.4625 0.125 0.4546875 0.1145833328125 0.4375 0.08125 0.4171875 0.05625 0.4171875 0.0416666671875 0.428125 0.0416666671875 0.4734375 0.07291666718749999 0.4953125 0.09375 0.4984375 0.11041666718750001 0.49375 0.1208333328125 0.484375
1 0.1666666671875 0.590625 0.17916666718750002 0.5890625 0.17916666718750002 0.5828125 0.16875 0.56875 0.17916666718750002 0.5390625 0.1625 0.515625 0.1416666671875 0.5078125 0.11875 0.50625 0.08333333281250001 0.521875 0.07291666718749999 0.5390625 0.08125 0.56875 0.1125 0.5828125 0.1520833328125 0.5796875 0.1666666671875 0.590625
1 0.33125 0.5453125 0.3395833328125 0.5375 0.3395833328125 0.5265625 0.3291666671875 0.5171875 0.3145833328125 0.515625 0.3 0.521875 0.2958333328125 0.534375 0.30416666718749996 0.5453125 0.3125 0.546875 0.33125 0.5453125
1 0.42083333281249996 0.64375 0.425 0.590625 0.425 0.578125 0.35 0.5765625 0.3458333328125 0.64375 0.42083333281249996 0.64375
1 0.14375 0.8046875 0.1583333328125 0.790625 0.1583333328125 0.778125 0.1375 0.753125 0.1208333328125 0.7515625 0.08125 0.775 0.0770833328125 0.803125 0.0958333328125 0.8125 0.11875 0.8109375 0.14375 0.8046875
1 0.07291666718749999 0.8078125 0.0791666671875 0.79375 0.0791666671875 0.78125 0.07083333281250001 0.7625 0.05 0.75 0.025 0.7484375 0.0020833328125000002 0.753125 0.0020833328125000002 0.828125 0.029166667187500002 0.8296875 0.054166667187499996 0.821875 0.07291666718749999 0.8078125
1 0.40625 0.31875 0.41875 0.3046875 0.4166666671875 0.303125 0.41041666718750003 0.284375 0.36666666718749996 0.25 0.3770833328125 0.2203125 0.36666666718749996 0.1984375 0.3104166671875 0.1671875 0.2916666671875 0.165625 0.2875 0.18125 0.2604166671875 0.196875 0.2479166671875 0.215625 0.24583333281250003 0.23125 0.2541666671875 0.25 0.275 0.2640625 0.3 0.26875 0.32083333281250004 0.28125 0.33125 0.290625 0.3333333328125 0.303125 0.3541666671875 0.3203125 0.38333333281250004 0.3125 0.40625 0.31875
1 0.675 0.540625 0.6791666671875001 0.5041671875 0.6791666671875001 0.4953125 0.6708333328125 0.4890625 0.6333333328124999 0.4859375 0.6125 0.5109375 0.56875 0.5203125 0.5666666671875 0.5546875 0.5979166671875 0.5625 0.6645833328124999 0.5640625 0.675 0.540625
1 0.6208333328125 0.603125 0.6291666671875 0.590625 0.6291666671875 0.58125 0.625 0.571875 0.6104166671875 0.565625 0.49583333281249997 0.5625 0.48125 0.575 0.4875 0.6 0.4770833328125 0.615625 0.4791666671875 0.6328125 0.49583333281249997 0.640625 0.5166666671875 0.6421875 0.60625 0.640625 0.6229166671875 0.63125 0.6208333328125 0.603125
1 0.68125 0.75625 0.7020833328125 0.7328125 0.7020833328125 0.721875 0.675 0.696875 0.6166666671875001 0.675 0.6041666671875 0.659375 0.5895833328125 0.659375 0.575 0.6671875 0.5770833328125 0.6859375 0.5645833328125 0.696875 0.5625 0.7265625 0.5729166671875 0.7484375 0.5875 0.7515625 0.5958333328125 0.7609375 0.6270833328125 0.7703125 0.65625 0.76875 0.6708333328125 0.7796875 0.6854166671875 0.7796875 0.68125 0.75625
1 0.6833333328125 0.9125 0.71875 0.8828125 0.71875 0.878125 0.7104166671875001 0.8546875 0.68125 0.8296875 0.6708333328125 0.8015625 0.6604166671875 0.790625 0.64375 0.7953125 0.6395833328125 0.80625 0.6125 0.8078125 0.6145833328125 0.8203125 0.6416666671875 0.8390625 0.6395833328125 0.8625 0.6541666671875 0.8703125 0.6604166671875 0.8890625 0.6833333328125 0.9125
1 0.3895833328125 0.7328125 0.4 0.7265625 0.4 0.71875 0.3583333328125 0.6734375 0.3104166671875 0.66875 0.2645833328125 0.621875 0.2416666671875 0.6125 0.23541666718749998 0.6203125 0.2875 0.68125 0.2916666671875 0.6953125 0.26875 0.7046875 0.1833333328125 0.721875 0.175 0.73125 0.1979166671875 0.7359375 0.27291666718749996 0.721875 0.2916666671875 0.7265625 0.3125 0.740625 0.3375 0.7421875 0.3895833328125 0.7328125