1 0.3609375 0.5958333328125 0.3375 0.58125 0.3328125 0.58125 0.246875 0.5958333328125 0.2359375 0.6041666671875 0.2296875 0.6395833328125 0.2328125 0.6770833328125 0.26875 0.7458333328125 0.290625 0.7479166671875 0.31875 0.7333333328125 0.35625 0.73125 0.3734375 0.7229166671875 0.3828125 0.6875 0.3859375 0.64375 0.3609375 0.5958333328125
1 0.3234375 0.5375 0.3125 0.5270833328125 0.30625 0.5270833328125 0.2921875 0.5395833328124999 0.284375 0.5875 0.3328125 0.5791666671875 0.3234375 0.5375
1 0.39375 0.5208333328125 0.384375 0.5166666671875 0.3828125 0.51875 0.3703125 0.5208333328125 0.359375 0.53125 0.359375 0.5583333328125 0.3671875 0.5770833328125 0.35625 0.5875 0.375 0.6104166671875 0.384375 0.6333333328124999 0.4234375 0.6229166671875 0.4296875 0.6125 0.428125 0.5958333328125 0.4078125 0.5729166671875 0.4171875 0.5416666671875 0.403125 0.5416666671875 0.39375 0.5208333328125
1 0.4640625 0.5229166671875001 0.453125 0.5166666671875 0.4453125 0.5166666671875 0.440625 0.5625 0.44375 0.6 0.4515625 0.6291666671875 0.46875 0.6395833328125 0.46875 0.6104166671875 0.4578125 0.59375 0.4578125 0.575 0.465625 0.5583333328125 0.4640625 0.5229166671875001
1 0.559375 0.5333333328125 0.5375 0.5125 0.534375 0.5125 0.5109375 0.5229166671875001 0.4734375 0.5520833328125 0.459375 0.5791666671875 0.471875 0.6229166671875 0.471875 0.6458333328125 0.4671875 0.6541666671875 0.471875 0.65625 0.471875 0.6645833328124999 0.4609375 0.6875 0.4640625 0.7125 0.4796875 0.7458333328125 0.5046875 0.76875 0.5203125 0.7666666671875 0.5296875 0.7479166671875 0.5578125 0.74375 0.5484375 0.7354166671875 0.553125 0.7291666671875 0.540625 0.7166666671875 0.5328125 0.6979166671875 0.53125 0.6458333328125 0.5359375 0.6125 0.546875 0.6020833328124999 0.5671875 0.6 0.56875 0.5854166671875001 0.559375 0.5333333328125
1 0.7234375 0.76875 0.5796875 0.725 0.565625 0.725 0.5453125 0.8041666671875 0.5484375 0.81875 0.55625 0.825 0.6203125 0.8416666671874999 0.6984375 0.8770833328125001 0.7140625 0.8770833328125001 0.7421875 0.85625 0.771875 0.8229166671874999 0.759375 0.7979166671875 0.7234375 0.76875
1 0.6828125 0.625 0.5765625 0.60625 0.5625 0.60625 0.5421875 0.6104166671875 0.534375 0.63125 0.534375 0.69375 0.5625 0.7333333328125 0.5625 0.7479166671875 0.546875 0.7958333328125 0.546875 0.8125 0.553125 0.8229166671874999 0.6203125 0.8416666671874999 0.696875 0.8770833328125001 0.7140625 0.8770833328125001 0.7734375 0.825 0.7953125 0.8333333328125001 0.8078125 0.825 0.8296875 0.7875 0.8328125 0.7541666671875 0.81875 0.7208333328125 0.7953125 0.6875 0.7640625 0.65625 0.7390625 0.6416666671875 0.6828125 0.625
1 0.6140625 0.34375 0.5848953125 0.3375 0.5765625 0.3375 0.5546875 0.3479166671875 0.546875 0.3583333328125 0.54375 0.3895833328125 0.5703125 0.5979166671875 0.578125 0.6041666671875 0.659375 0.6166666671875001 0.6296875 0.3770833328125 0.6140625 0.34375
1 0.8890625 0.5854166671875001 0.8066765625000001 0.5854166671875001 0.7984375 0.5854166671875001 0.740625 0.6 0.73125 0.6104166671875 0.728125 0.6291666671875 0.7859375 0.6708333328125 0.8125 0.7041666671875 0.8390625 0.7541666671875 0.8828125 0.7395833328125 0.90625 0.725 0.925 0.7020833328125 0.928125 0.70625 0.9375 0.6541666671875 0.9375 0.6145833328125 0.9296875 0.5979166671875 0.8890625 0.5854166671875001
1 0.765625 0.5458333328125 0.74375 0.5375 0.734375 0.5375 0.7109375 0.5479166671875 0.715625 0.60625 0.725 0.6333333328124999 0.734375 0.6020833328124999 0.76875 0.5875 0.765625 0.5458333328125
1 0.7109375 0.575 0.69375 0.56875 0.690625 0.56875 0.690625 0.6229166671875 0.715625 0.63125 0.7109375 0.575
1 0.796875 0.5229166671875001 0.770703125 0.5208333328125 0.7625 0.5208333328125 0.7015625 0.525 0.69375 0.5375 0.690625 0.5666666671875 0.709375 0.56875 0.709375 0.55 0.7203125 0.5395833328124999 0.7609375 0.5354166671875 0.7671875 0.5458333328125 0.7703125 0.5875 0.790625 0.5833333328125 0.7984375 0.5604166671875 0.796875 0.5229166671875001
1 0.7828125 0.43125 0.7765625 0.42291666718750004 0.7703125 0.43125 0.7546875 0.43541666718750005 0.7515625 0.51875 0.7921875 0.5166666671875 0.7828125 0.43125
1 0.790625 0.39375 0.7859375 0.3229166671875 0.7828125 0.3229166671875 0.7578125 0.33541666718749996 0.7078125 0.3291666671875 0.68125 0.3458333328125 0.6828125 0.39375 0.70625 0.45416666718750004 0.7234375 0.4625 0.7421875 0.45416666718750004 0.765625 0.41041666718750003 0.790625 0.39375
1 1 0.55 0.9953125 0.55 0.9734375 0.5583333328125 0.9671875 0.56875 0.9671875 0.5854166671875001 0.984375 0.61875 0.990625 0.6729166671875 0.990625 0.7 0.971875 0.7520833328125 0.978125 0.7625 1 0.76875 1 0.55