1 0.3296875 0.4791666671875 0.340625 0.4291666671875 0.334375 0.4125 0.315625 0.4125 0.3140625 0.4291666671875 0.303125 0.4375 0.2921875 0.43333333281249997 0.275 0.41041666718750003 0.259375 0.41041666718750003 0.253125 0.4166666671875 0.253125 0.43958333281249995 0.2609375 0.43958333281249995 0.2640625 0.45208333281249996 0.2421875 0.47083333281249995 0.234375 0.5083333328124999 0.225 0.525 0.2640625 0.5395833328124999 0.2734375 0.55 0.2796875 0.55 0.296875 0.48541666718750004 0.315625 0.4895833328125 0.3296875 0.5104166671875 0.3390625 0.50625 0.3375 0.4916666671875 0.3296875 0.4791666671875
1 0.44375 0.43333333281249997 0.434375 0.4270833328125 0.428125 0.39375 0.421875 0.3875 0.4015625 0.3854166671875 0.3859375 0.39375 0.3390625 0.44166666718750003 0.3421875 0.5083333328124999 0.3484375 0.5166666671875 0.3875 0.5208333328125 0.3890625 0.5229166671875001 0.4359375 0.5145833328125 0.4453125 0.5020833328125 0.4515625 0.5020833328125 0.453125 0.4875 0.459375 0.48333333281249996 0.44375 0.43333333281249997
1 0.5453125 0.35 0.465625 0.3583333328125 0.459375 0.38125 0.4515625 0.3854166671875 0.446875 0.4145833328125 0.45 0.44375 0.459375 0.4583333328125 0.46796875 0.4583333328125 0.5546875 0.4479166671875 0.5796875 0.4375 0.578125 0.40833333281249995 0.5625 0.3791666671875 0.559375 0.3541666671875 0.5453125 0.35
1 0.48125 0.58125 0.4921875 0.58125 0.509375 0.5791666671875 0.5171875 0.5708333328124999 0.5046875 0.4604166671875 0.459375 0.4604166671875 0.4703125 0.55625 0.48125 0.58125
1 0.671875 0.3083333328125 0.659375 0.31875 0.6 0.33541666718749996 0.6015625 0.3770833328125 0.628125 0.3895833328125 0.6125 0.4166666671875 0.61875 0.45625 0.6265625 0.45625 0.6765625 0.41041666718750003 0.6921875 0.38125 0.69375 0.3604166671875 0.6828125 0.3395833328125 0.6796875 0.3104166671875 0.671875 0.3083333328125
1 0.8078125 0.3541666671875 0.7765625 0.3416666671875 0.75 0.3458333328125 0.7265625 0.3604166671875 0.7046875 0.3895833328125 0.696875 0.4479166671875 0.7015625 0.45625 0.7328125 0.4625 0.734375 0.4625 0.7671875 0.4583333328125 0.828125 0.425 0.8375 0.4125 0.8375 0.39791666718749996 0.8296875 0.3791666671875 0.8078125 0.3541666671875
1 0.7015625 0.4583333328125 0.709375 0.5229166671875001 0.7171875 0.5229166671875001 0.7484375 0.5166666671875 0.771875 0.5020833328125 0.775 0.4875 0.7671875 0.4625 0.7234375 0.46458333281249997 0.7015625 0.4583333328125
1 0.6640625 0.5416666671875 0.66875 0.5416666671875 0.6890625 0.5375 0.7078125 0.525 0.7015625 0.49375 0.665625 0.50625 0.659375 0.5270833328125 0.6640625 0.5416666671875
1 0.690625 0.5833333328125 0.7015625 0.5833333328125 0.7078125 0.5770833328125 0.7109375 0.5604166671875 0.70625 0.5416666671875 0.709375 0.5270833328125 0.665625 0.5458333328125 0.690625 0.5833333328125
1 0.6125 0.5895833328125 0.65625 0.5729166671875 0.6484375 0.5395833328124999 0.5921875 0.5479166671875 0.5921875 0.58125 0.6109375 0.5875 0.6125 0.5895833328125
1 0.5390625 0.5666666671875 0.5578125 0.6916666671875 0.5765625 0.7354166671875 0.5875 0.7354166671875 0.5953125 0.7083333328125 0.5890625 0.5583333328125 0.578125 0.5416666671875 0.55625 0.5395833328124999 0.5390625 0.55 0.5390625 0.5666666671875
1 0.4828125 0.5833333328125 0.471875 0.56875 0.459375 0.6041666671875 0.4578125 0.6395833328125 0.4734375 0.6791666671875001 0.4921875 0.69375 0.496875 0.69375 0.5140625 0.6833333328125 0.5203125 0.66875 0.5171875 0.5854166671875001 0.5140625 0.5770833328125 0.5046875 0.5833333328125 0.4828125 0.5833333328125
1 0.296875 0.5979166671875 0.30625 0.60625 0.3078125 0.60625 0.33125 0.5958333328125 0.3359375 0.5145833328125 0.31875 0.49583333281249997 0.296875 0.4875 0.2875 0.54375 0.296875 0.5979166671875
1 0.6171875 0.4583333328125 0.6109375 0.43125 0.615625 0.40416666718750005 0.6109375 0.40208333281249997 0.596875 0.40416666718750005 0.590625 0.4145833328125 0.5859375 0.5 0.59375 0.5104166671875 0.60234375 0.5104166671875 0.6484375 0.5 0.6578125 0.4875 0.6625 0.4604166671875 0.65625 0.4375 0.628125 0.4583333328125 0.6171875 0.4583333328125
1 0.584375 0.5104166671875 0.5796875 0.5166666671875 0.5796875 0.5375 0.6 0.5416666671875 0.6098953125000001 0.5416666671875 0.6296875 0.5416666671875 0.659375 0.5291666671875 0.6625 0.50625 0.653125 0.49791666718750005 0.6109375 0.5125 0.584375 0.5104166671875
1 0.2796875 0.5916666671875 0.259375 0.59375 0.2421875 0.6208333328125 0.2375 0.66875 0.2484375 0.7020833328125 0.275 0.7125 0.28125 0.7125 0.31875 0.6875 0.3703125 0.6875 0.378125 0.6645833328124999 0.375 0.6375 0.3234375 0.6208333328125 0.2796875 0.5916666671875
1 0.4203125 0.5229166671875001 0.3765625 0.5270833328125 0.353125 0.5208333328125 0.3375 0.5354166671875 0.334375 0.58125 0.3390625 0.6104166671875 0.346875 0.625 0.3734375 0.63125 0.38125 0.64375 0.3921875 0.64375 0.440625 0.6166666671875001 0.446875 0.6020833328124999 0.4640625 0.5895833328125 0.471875 0.5645833328125 0.4609375 0.5041666671875 0.4203125 0.5229166671875001
1 0.45625 0.65 0.4546875 0.6041666671875 0.425 0.63125 0.4453125 0.6958333328124999 0.4484375 0.6958333328124999 0.45625 0.65