1 0.4458333328125 0.3015625 0.4291666671875 0.3265625 0.4291666671875 0.334375 0.43958333281249995 0.34375 0.475 0.35625 0.45 0.3671875 0.43958333281249995 0.3875 0.43958333281249995 0.4046875 0.4583333328125 0.434375 0.5 0.446875 0.525 0.4453125 0.5395833328124999 0.4390625 0.55625 0.4234375 0.5604166671875 0.3921875 0.5875 0.35 0.59375 0.325 0.5729166671875 0.315625 0.5708333328124999 0.30625 0.5625 0.3015625 0.49375 0.275 0.48333333281249996 0.275 0.47291666718750003 0.2953125 0.5145833328125 0.3140625 0.5083333328124999 0.3171875 0.4458333328125 0.3015625
1 0.7833333328125 0.2765625 0.71875 0.3046875 0.71875 0.3109375 0.7333333328125 0.328125 0.7458333328125 0.3296875 0.8 0.3046875 0.825 0.3046875 0.8729166671874999 0.3265625 0.8791666671874999 0.334375 0.90625 0.3453125 0.975 0.3875 0.9979166671874999 0.3953125 0.9979166671874999 0.2828125 0.9770833328125 0.271875 0.9479166671874999 0.271875 0.8916666671875 0.31875 0.8833333328125 0.31875 0.825 0.2890625 0.80625 0.2828125 0.79375 0.284375 0.7833333328125 0.2765625
1 0.6395833328125 0.3640625 0.6395833328125 0.3734375 0.6395833328125 0.3828125 0.6604166671875 0.4578125 0.7333333328125 0.45 0.7166666671875 0.3515625 0.6958333328124999 0.35 0.65 0.3578125 0.6395833328125 0.3640625
1 0.46458333281249997 0.2296875 0.45208333281249996 0.25 0.45208333281249996 0.2546875 0.46875 0.2546875 0.4875 0.2625 0.5041666671875 0.259375 0.49791666718750005 0.2359375 0.5270833328125 0.2140625 0.5125 0.1859375 0.4770833328125 0.184375 0.46666666718750005 0.1890625 0.45625 0.209375 0.46458333281249997 0.2296875
1 0.78125 0.40625 0.7520833328125 0.428125 0.7520833328125 0.43125 0.7666666671875 0.4515625 0.79375 0.453125 0.8083333328125001 0.4390625 0.8145833328125001 0.415625 0.8083333328125001 0.4078125 0.78125 0.40625
1 0.6145833328125 0.6015625 0.58125 0.634375 0.58125 0.6390625 0.59375 0.6546875 0.6145833328125 0.65625 0.675 0.6109375 0.7145833328125 0.5640625 0.7125 0.5515625 0.71875 0.546875 0.73125 0.55 0.73125 0.5859375 0.7895833328124999 0.59375 0.7958333328125 0.5984375 0.7916666671875 0.6171875 0.8104166671874999 0.61875 0.8208333328125 0.609375 0.80625 0.5890625 0.8208333328125 0.565625 0.84375 0.559375 0.8708333328125001 0.5359375 0.9208333328125 0.509375 0.9333333328125001 0.4921875 0.9270833328125001 0.475 0.90625 0.4546875 0.8875 0.45 0.8375 0.4765625 0.8 0.509375 0.7583333328124999 0.509375 0.7458333328125 0.49375 0.73125 0.4921875 0.6916666671875 0.5359375 0.66875 0.5390625 0.6479166671875001 0.5546875 0.6145833328125 0.6015625
1 0.4458333328125 0.4921875 0.43125 0.50625 0.43125 0.5171875 0.4458333328125 0.528125 0.5291666671875 0.5296875 0.6020833328124999 0.521875 0.61875 0.5125 0.5958333328125 0.496875 0.5916666671875 0.4859375 0.6 0.4625 0.575 0.4578125 0.49583333281249997 0.46875 0.4458333328125 0.4921875
1 0.30416666718749996 0.4453125 0.30416666718749996 0.46510468749999995 0.30416666718749996 0.475 0.32083333281250004 0.4984375 0.3625 0.5140625 0.4 0.50625 0.42083333281249996 0.4796875 0.4166666671875 0.4484375 0.40208333281249997 0.4328125 0.3583333328125 0.41875 0.325 0.425 0.3166666671875 0.43125 0.30416666718749996 0.4453125
1 0.5166666671875 0.565625 0.47291666718750003 0.5796875 0.47291666718750003 0.58125 0.49791666718750005 0.6078125 0.5229166671875001 0.61875 0.55 0.6140625 0.5604166671875 0.596875 0.5604166671875 0.571875 0.5479166671875 0.5640625 0.5166666671875 0.565625
1 0.2208333328125 0.23125 0.20625 0.24375 0.20625 0.2578125 0.23333333281250002 0.3109375 0.2520833328125 0.31875 0.2708333328125 0.31875 0.30416666718749996 0.3078125 0.3083333328125 0.2890625 0.2979166671875 0.278125 0.2791666671875 0.228125 0.25625 0.2203125 0.2375 0.23125 0.2208333328125 0.23125
1 0.3291666671875 0.321875 0.31875 0.3375 0.31875 0.3453125 0.3479166671875 0.3875 0.3583333328125 0.3890625 0.3708333328125 0.3828125 0.3958333328125 0.3546875 0.40208333281249997 0.3328125 0.3708333328125 0.3140625 0.3458333328125 0.3140625 0.3291666671875 0.321875
1 0.3083333328125 0.20625 0.28125 0.2296875 0.28125 0.23125 0.28958333281250004 0.2421875 0.3104166671875 0.24375 0.40625 0.234375 0.4270833328125 0.2171875 0.43333333281249997 0.203125 0.45 0.196875 0.45 0.1765625 0.43541666718750005 0.1671875 0.425 0.1703125 0.4 0.1578125 0.3604166671875 0.15625 0.33541666718749996 0.1703125 0.3291666671875 0.184375 0.3125 0.19375 0.3083333328125 0.20625
1 0.53125 0.075 0.51875 0.109375 0.51875 0.1140625 0.5291666671875 0.125 0.5541666671875001 0.128125 0.5895833328125 0.1140625 0.60625 0.1328125 0.60625 0.1484375 0.5791666671875 0.1453125 0.5708333328124999 0.15 0.5833333328125 0.1953125 0.5479166671875 0.2078125 0.5479166671875 0.215625 0.5770833328125 0.246875 0.60625 0.2515625 0.6416666671875 0.284375 0.65625 0.2875 0.65625 0.278125 0.6208333328125 0.2390625 0.6229166671875 0.2328125 0.6354166671875 0.2265625 0.69375 0.21875 0.6979166671875 0.2125 0.6916666671875 0.2078125 0.6729166671875 0.2078125 0.63125 0.2140625 0.60625 0.196875 0.6333333328124999 0.178125 0.65625 0.171875 0.66875 0.1625 0.675 0.1640625 0.68125 0.15625 0.6916666671875 0.15625 0.7020833328125 0.1453125 0.7 0.134375 0.6791666671875001 0.115625 0.6625 0.109375 0.6333333328124999 0.071875 0.60625 0.075 0.5833333328125 0.05625 0.5625 0.0578125 0.53125 0.075