1 0.703125 0.48541666718750004 0.7203125 0.55 0.7265625 0.55 0.7359375 0.5395833328124999 0.775 0.525 0.765625 0.5083333328124999 0.7578125 0.47083333281249995 0.7359375 0.45208333281249996 0.7390625 0.43958333281249995 0.746875 0.43958333281249995 0.746875 0.4166666671875 0.740625 0.41041666718750003 0.725 0.41041666718750003 0.7078125 0.43333333281249997 0.696875 0.4375 0.6859375 0.4291666671875 0.684375 0.4125 0.665625 0.4125 0.659375 0.4291666671875 0.6703125 0.4791666671875 0.6625 0.4916666671875 0.6609375 0.50625 0.6703125 0.5104166671875 0.684375 0.4895833328125 0.703125 0.48541666718750004
1 0.5640625 0.5145833328125 0.6109375 0.5229166671875001 0.6125 0.5208333328125 0.6515625 0.5166666671875 0.6578125 0.5083333328124999 0.6609375 0.44166666718750003 0.6140625 0.39375 0.5984375 0.3854166671875 0.578125 0.3875 0.571875 0.39375 0.565625 0.4270833328125 0.55625 0.43333333281249997 0.540625 0.48333333281249996 0.546875 0.4875 0.5484375 0.5020833328125 0.5546875 0.5020833328125 0.5640625 0.5145833328125
1 0.4453125 0.4479166671875 0.53203125 0.4583333328125 0.540625 0.4583333328125 0.55 0.44375 0.553125 0.4145833328125 0.5484375 0.3854166671875 0.540625 0.38125 0.534375 0.3583333328125 0.4546875 0.35 0.440625 0.3541666671875 0.4375 0.3791666671875 0.421875 0.40833333281249995 0.4203125 0.4375 0.4453125 0.4479166671875
1 0.490625 0.5791666671875 0.5078125 0.58125 0.51875 0.58125 0.5296875 0.55625 0.540625 0.4604166671875 0.4953125 0.4604166671875 0.4828125 0.5708333328124999 0.490625 0.5791666671875
1 0.3234375 0.41041666718750003 0.3734375 0.45625 0.38125 0.45625 0.3875 0.4166666671875 0.371875 0.3895833328125 0.3984375 0.3770833328125 0.4 0.33541666718749996 0.340625 0.31875 0.328125 0.3083333328125 0.3203125 0.3104166671875 0.3171875 0.3395833328125 0.30625 0.3604166671875 0.3078125 0.38125 0.3234375 0.41041666718750003
1 0.2328125 0.4583333328125 0.265625 0.4625 0.2671875 0.4625 0.2984375 0.45625 0.303125 0.4479166671875 0.2953125 0.3895833328125 0.2734375 0.3604166671875 0.25 0.3458333328125 0.2234375 0.3416666671875 0.1921875 0.3541666671875 0.1703125 0.3791666671875 0.1625 0.39791666718749996 0.1625 0.4125 0.171875 0.425 0.2328125 0.4583333328125
1 0.2515625 0.5166666671875 0.2828125 0.5229166671875001 0.290625 0.5229166671875001 0.2984375 0.4583333328125 0.2765625 0.46458333281249997 0.2328125 0.4625 0.225 0.4875 0.228125 0.5020833328125 0.2515625 0.5166666671875
1 0.3109375 0.5375 0.33125 0.5416666671875 0.3359375 0.5416666671875 0.340625 0.5270833328125 0.334375 0.50625 0.2984375 0.49375 0.2921875 0.525 0.3109375 0.5375
1 0.2921875 0.5770833328125 0.2984375 0.5833333328125 0.309375 0.5833333328125 0.334375 0.5458333328125 0.290625 0.5270833328125 0.29375 0.5416666671875 0.2890625 0.5604166671875 0.2921875 0.5770833328125
1 0.34375 0.5729166671875 0.3875 0.5895833328125 0.3890625 0.5875 0.4078125 0.58125 0.4078125 0.5479166671875 0.3515625 0.5395833328124999 0.34375 0.5729166671875
1 0.4046875 0.7083333328125 0.4125 0.7354166671875 0.4234375 0.7354166671875 0.4421875 0.6916666671875 0.4609375 0.5666666671875 0.4609375 0.55 0.44375 0.5395833328124999 0.421875 0.5416666671875 0.4109375 0.5583333328125 0.4046875 0.7083333328125
1 0.4859375 0.6833333328125 0.503125 0.69375 0.5078125 0.69375 0.5265625 0.6791666671875001 0.5421875 0.6395833328125 0.540625 0.6041666671875 0.528125 0.56875 0.5171875 0.5833333328125 0.4953125 0.5833333328125 0.4859375 0.5770833328125 0.4828125 0.5854166671875001 0.4796875 0.66875 0.4859375 0.6833333328125
1 0.66875 0.5958333328125 0.6921875 0.60625 0.69375 0.60625 0.703125 0.5979166671875 0.7125 0.54375 0.703125 0.4875 0.68125 0.49583333281249997 0.6640625 0.5145833328125 0.66875 0.5958333328125
1 0.3515625 0.5 0.39765625 0.5104166671875 0.40625 0.5104166671875 0.4140625 0.5 0.409375 0.4145833328125 0.403125 0.40416666718750005 0.3890625 0.40208333281249997 0.384375 0.40416666718750005 0.3890625 0.43125 0.3828125 0.4583333328125 0.371875 0.4583333328125 0.34375 0.4375 0.3375 0.4604166671875 0.3421875 0.4875 0.3515625 0.5
1 0.3703125 0.5416666671875 0.3901046875 0.5416666671875 0.4 0.5416666671875 0.4203125 0.5375 0.4203125 0.5166666671875 0.415625 0.5104166671875 0.3890625 0.5125 0.346875 0.49791666718750005 0.3375 0.50625 0.340625 0.5291666671875 0.3703125 0.5416666671875
1 0.68125 0.6875 0.71875 0.7125 0.725 0.7125 0.7515625 0.7020833328125 0.7625 0.66875 0.7578125 0.6208333328125 0.740625 0.59375 0.7203125 0.5916666671875 0.6765625 0.6208333328125 0.625 0.6375 0.621875 0.6645833328124999 0.6296875 0.6875 0.68125 0.6875
1 0.559375 0.6166666671875001 0.6078125 0.64375 0.61875 0.64375 0.6265625 0.63125 0.653125 0.625 0.6609375 0.6104166671875 0.665625 0.58125 0.6625 0.5354166671875 0.646875 0.5208333328125 0.6234375 0.5270833328125 0.5796875 0.5229166671875001 0.5390625 0.5041666671875 0.528125 0.5645833328125 0.5359375 0.5895833328125 0.553125 0.6020833328124999 0.559375 0.6166666671875001
1 0.54375 0.65 0.5515625 0.6958333328124999 0.5546875 0.6958333328124999 0.575 0.63125 0.5453125 0.6041666671875 0.54375 0.65