1 0.0015625 0.23541666718749998 0.0015625 0.34375 0.0203125 0.33541666718749996 0.0296875 0.3458333328125 0.0390625 0.3458333328125 0.053125 0.3291666671875 0.0578125 0.3145833328125 0.0765625 0.2958333328125 0.078125 0.2833333328125 0.071875 0.26875 0.0453125 0.23958333281250002 0.0125 0.22916666718749998 0.0015625 0.23541666718749998
1 0.3078125 0.2604166671875 0.2921875 0.26875 0.278125 0.2875 0.2703125 0.3291666671875 0.28125 0.36666666718749996 0.2984375 0.3854166671875 0.315625 0.39375 0.3265625 0.39375 0.346875 0.3854166671875 0.3578125 0.3729166671875 0.36875 0.3458333328125 0.3703125 0.31875 0.3640625 0.29375 0.35 0.27291666718749996 0.33125 0.2604166671875 0.3078125 0.2604166671875
1 0.2578125 0.35625 0.246875 0.3583333328125 0.2328125 0.3729166671875 0.228125 0.3916666671875 0.234375 0.40625 0.2234375 0.40833333281249995 0.1765625 0.34375 0.153125 0.33125 0.1140625 0.3729166671875 0.109375 0.39375 0.1234375 0.42291666718750004 0.1546875 0.46666666718750005 0.165625 0.5020833328125 0.1640625 0.525 0.1859375 0.5541666671875001 0.1890625 0.5541666671875001 0.2375 0.5229166671875001 0.275 0.46458333281249997 0.296875 0.45208333281249996 0.3046875 0.4375 0.3078125 0.4145833328125 0.3015625 0.39375 0.2734375 0.3625 0.2578125 0.35625
1 0.4265625 0.5791666671875 0.428125 0.6083333328125 0.45625 0.6395833328125 0.475 0.6479166671875001 0.4875 0.6479166671875001 0.53125 0.6229166671875 0.534375 0.59375 0.528125 0.5770833328125 0.521875 0.5666666671875 0.5109375 0.5645833328125 0.478125 0.5875 0.4421875 0.5541666671875001 0.4265625 0.5791666671875
1 0.4078125 0.175 0.4171875 0.175 0.428125 0.16875 0.440625 0.1458333328125 0.4359375 0.1145833328125 0.4203125 0.1 0.4015625 0.1020833328125 0.3875 0.1270833328125 0.390625 0.1583333328125 0.4078125 0.175
1 0.4859375 0.3395833328125 0.540625 0.38125 0.5453125 0.38125 0.5515625 0.3770833328125 0.6078125 0.2520833328125 0.6015625 0.23333333281250002 0.5484375 0.1875 0.5265625 0.19583333281249998 0.4765625 0.3083333328125 0.4765625 0.325 0.4859375 0.3395833328125
1 0.6265625 0.70625 0.615625 0.7270833328124999 0.5875 0.6895833328125 0.56875 0.68125 0.559375 0.6958333328124999 0.5625 0.7145833328125 0.55 0.7333333328125 0.54375 0.7645833328125 0.5328125 0.78125 0.571875 0.8041666671875 0.5859375 0.8041666671875 0.6125 0.7791666671875 0.6515625 0.7895833328124999 0.65625 0.7895833328124999 0.659375 0.7791666671875 0.6453125 0.7583333328124999 0.65 0.7395833328125 0.6453125 0.7145833328125 0.6265625 0.70625
1 0.3859375 0.7333333328125 0.3703125 0.7354166671875 0.35 0.8020833328125001 0.3421875 0.8583333328125 0.3765625 0.88125 0.4125 0.8916666671875 0.4203125 0.8916666671875 0.440625 0.88125 0.4640625 0.8270833328125 0.4640625 0.8145833328125001 0.4515625 0.8 0.45625 0.76875 0.4484375 0.7583333328124999 0.415625 0.74375 0.3859375 0.7333333328125
1 0.2921875 0.7125 0.29375 0.7291666671875 0.30625 0.75 0.3125 0.7791666671875 0.31875 0.7791666671875 0.3390625 0.7458333328125 0.35625 0.6916666671875 0.3609375 0.6458333328125 0.35625 0.6354166671875 0.340625 0.625 0.3328125 0.6270833328125 0.3109375 0.6604166671875 0.2921875 0.7125
1 0.5453125 0.1583333328125 0.5484375 0.1604166671875 0.5484375 0.1520833328125 0.553125 0.15 0.5734375 0.16875 0.58125 0.16875 0.6640625 0.10833333281249999 0.6671875 0.08125 0.6515625 0.0354166671875 0.6265625 0.0333333328125 0.5578125 0.08125 0.5375 0.10625 0.5375 0.14375 0.5453125 0.1583333328125
1 0.703125 0.0020833328125000002 0.6546875 0.0020833328125000002 0.6703125 0.0479166671875 0.6890625 0.075 0.725 0.09375 0.7328125 0.09375 0.759375 0.0916666671875 0.7890625 0.075 0.815625 0.0416666671875 0.83125 0.0020833328125000002 0.73125 0.0020833328125000002 0.721875 0.0125 0.7046875 0.0083333328125 0.703125 0.0020833328125000002
1 0.678125 1 0.6875 0.9833333328125 0.6890625 0.96875 0.6890625 0.9541666671875 0.6796875 0.9395833328125001 0.6859375 0.9145833328125 0.6828125 0.89375 0.6734375 0.8916666671875 0.6484375 0.9145833328125 0.609375 0.9041666671874999 0.60625 0.89375 0.6109375 0.88125 0.584375 0.9020833328125001 0.559375 0.89375 0.546875 0.9145833328125 0.54375 0.9395833328125001 0.553125 0.9645833328125001 0.5484375 0.9854166671875 0.5515625 1 0.5594718750000001 1 0.678125 1
1 0.6578125 0.38125 0.6515625 0.375 0.5890625 0.3583333328125 0.575 0.3645833328125 0.5640625 0.38333333281250004 0.5546875 0.48333333281249996 0.546875 0.49583333281249997 0.540625 0.5291666671875 0.55625 0.5416666671875 0.5703125 0.5645833328125 0.609375 0.575 0.61875 0.575 0.628125 0.575 0.64375 0.5604166671875 0.653125 0.53125 0.6578125 0.4916666671875 0.6796875 0.47083333281249995 0.684375 0.42291666718750004 0.659375 0.39375 0.6578125 0.38125
1 0.4609375 0.39791666718749996 0.4375 0.4145833328125 0.4234375 0.4375 0.396875 0.4375 0.390625 0.45208333281249996 0.39375 0.4625 0.421875 0.48125 0.4359375 0.5375 0.4765625 0.5854166671875001 0.4828125 0.5854166671875001 0.496875 0.56875 0.5265625 0.55 0.5390625 0.525 0.54375 0.4875 0.5328125 0.45 0.5046875 0.41041666718750003 0.4859375 0.39791666718749996 0.4609375 0.39791666718749996
1 0.7078125 0.1354166671875 0.6796875 0.14375 0.659375 0.1625 0.6515625 0.1875 0.6515625 0.21458333281250003 0.665625 0.3020833328125 0.6640625 0.35625 0.6703125 0.39375 0.684375 0.41041666718750003 0.6890625 0.425 0.6875 0.4604166671875 0.68125 0.4791666671875 0.6984375 0.5104166671875 0.7125 0.51875 0.721875 0.51875 0.753125 0.50625 0.771875 0.47291666718750003 0.7765625 0.4375 0.775 0.31875 0.75 0.24583333281250003 0.7328125 0.1541666671875 0.725 0.1416666671875 0.7078125 0.1354166671875
1 0.2015625 0.0666666671875 0.1859375 0.05208333281250001 0.1625 0.05208333281250001 0.15 0.0375 0.1359375 0.0020833328125000002 0.0390625 0.0020833328125000002 0.0484375 0.0458333328125 0.0890625 0.1395833328125 0.1 0.1770833328125 0.1796875 0.30625 0.2 0.325 0.2078125 0.325 0.2203125 0.3229166671875 0.2328125 0.3 0.2265625 0.2541666671875 0.2140625 0.2125 0.2328125 0.19583333281249998 0.2421875 0.1770833328125 0.2421875 0.1625 0.2015625 0.0666666671875