1 0.6265625 0.7229166671875 0.64375 0.73125 0.68125 0.7333333328125 0.709375 0.7479166671875 0.73125 0.7458333328125 0.7671875 0.6770833328125 0.7703125 0.6395833328125 0.7640625 0.6041666671875 0.753125 0.5958333328125 0.6671875 0.58125 0.6625 0.58125 0.6390625 0.5958333328125 0.6140625 0.64375 0.6171875 0.6875 0.6265625 0.7229166671875
1 0.7078125 0.5395833328124999 0.69375 0.5270833328125 0.6875 0.5270833328125 0.6765625 0.5375 0.6671875 0.5791666671875 0.715625 0.5875 0.7078125 0.5395833328124999
1 0.5921875 0.5729166671875 0.571875 0.5958333328125 0.5703125 0.6125 0.5765625 0.6229166671875 0.615625 0.6333333328124999 0.625 0.6104166671875 0.64375 0.5875 0.6328125 0.5770833328125 0.640625 0.5583333328125 0.640625 0.53125 0.6296875 0.5208333328125 0.6171875 0.51875 0.615625 0.5166666671875 0.60625 0.5208333328125 0.596875 0.5416666671875 0.5828125 0.5416666671875 0.5921875 0.5729166671875
1 0.5421875 0.59375 0.53125 0.6104166671875 0.53125 0.6395833328125 0.5484375 0.6291666671875 0.55625 0.6 0.559375 0.5625 0.5546875 0.5166666671875 0.546875 0.5166666671875 0.5359375 0.5229166671875001 0.534375 0.5583333328125 0.5421875 0.575 0.5421875 0.59375
1 0.453125 0.6020833328124999 0.4640625 0.6125 0.46875 0.6458333328125 0.4671875 0.6979166671875 0.459375 0.7166666671875 0.446875 0.7291666671875 0.4515625 0.7354166671875 0.4421875 0.74375 0.4703125 0.7479166671875 0.4796875 0.7666666671875 0.4953125 0.76875 0.5203125 0.7458333328125 0.5359375 0.7125 0.5390625 0.6875 0.528125 0.6645833328124999 0.528125 0.65625 0.5328125 0.6541666671875 0.528125 0.6458333328125 0.528125 0.6229166671875 0.540625 0.5791666671875 0.5265625 0.5520833328125 0.4890625 0.5229166671875001 0.465625 0.5125 0.4625 0.5125 0.440625 0.5333333328125 0.43125 0.5854166671875001 0.4328125 0.6 0.453125 0.6020833328124999
1 0.2578125 0.85625 0.2859375 0.8770833328125001 0.3015625 0.8770833328125001 0.3796875 0.8416666671874999 0.44375 0.825 0.4515625 0.81875 0.4546875 0.8041666671875 0.434375 0.725 0.4203125 0.725 0.2765625 0.76875 0.240625 0.7979166671875 0.228125 0.8229166671874999 0.2578125 0.85625
1 0.2046875 0.6875 0.18125 0.7208333328125 0.1671875 0.7541666671875 0.1703125 0.7875 0.1921875 0.825 0.2046875 0.8333333328125001 0.2265625 0.825 0.2859375 0.8770833328125001 0.303125 0.8770833328125001 0.3796875 0.8416666671874999 0.446875 0.8229166671874999 0.453125 0.8125 0.453125 0.7958333328125 0.4375 0.7479166671875 0.4375 0.7333333328125 0.465625 0.69375 0.465625 0.63125 0.4578125 0.6104166671875 0.4375 0.60625 0.4234375 0.60625 0.3171875 0.625 0.2609375 0.6416666671875 0.2359375 0.65625 0.2046875 0.6875
1 0.421875 0.6041666671875 0.4296875 0.5979166671875 0.45625 0.3895833328125 0.453125 0.3583333328125 0.4453125 0.3479166671875 0.4234375 0.3375 0.41510468749999996 0.3375 0.3859375 0.34375 0.3703125 0.3770833328125 0.340625 0.6166666671875001 0.421875 0.6041666671875
1 0.0625 0.6541666671875 0.071875 0.70625 0.075 0.7020833328125 0.09375 0.725 0.1171875 0.7395833328125 0.1609375 0.7541666671875 0.1875 0.7041666671875 0.2140625 0.6708333328125 0.271875 0.6291666671875 0.26875 0.6104166671875 0.259375 0.6 0.2015625 0.5854166671875001 0.1933234375 0.5854166671875001 0.1109375 0.5854166671875001 0.0703125 0.5979166671875 0.0625 0.6145833328125 0.0625 0.6541666671875
1 0.275 0.6333333328124999 0.284375 0.60625 0.2890625 0.5479166671875 0.265625 0.5375 0.25625 0.5375 0.234375 0.5458333328125 0.23125 0.5875 0.265625 0.6020833328124999 0.275 0.6333333328124999
1 0.309375 0.56875 0.30625 0.56875 0.2890625 0.575 0.284375 0.63125 0.309375 0.6229166671875 0.309375 0.56875
1 0.2296875 0.5875 0.2328125 0.5458333328125 0.2390625 0.5354166671875 0.2796875 0.5395833328124999 0.290625 0.55 0.290625 0.56875 0.309375 0.5666666671875 0.30625 0.5375 0.2984375 0.525 0.2375 0.5208333328125 0.229296875 0.5208333328125 0.203125 0.5229166671875001 0.2015625 0.5604166671875 0.209375 0.5833333328125 0.2296875 0.5875
1 0.2453125 0.43541666718750005 0.2296875 0.43125 0.2234375 0.42291666718750004 0.2171875 0.43125 0.2078125 0.5166666671875 0.2484375 0.51875 0.2453125 0.43541666718750005
1 0.2765625 0.4625 0.29375 0.45416666718750004 0.3171875 0.39375 0.31875 0.3458333328125 0.2921875 0.3291666671875 0.2421875 0.33541666718749996 0.2171875 0.3229166671875 0.2140625 0.3229166671875 0.209375 0.39375 0.234375 0.41041666718750003 0.2578125 0.45416666718750004 0.2765625 0.4625
1 0 0.76875 0.021875 0.7625 0.028125 0.7520833328125 0.009375 0.7 0.009375 0.6729166671875 0.015625 0.61875 0.0328125 0.5854166671875001 0.0328125 0.56875 0.0265625 0.5583333328125 0.0046875 0.55 0 0.55 0 0.76875