1 0.6390625 0.40416666718750005 0.6625 0.41875 0.6671875 0.41875 0.753125 0.40416666718750005 0.7640625 0.3958333328125 0.7703125 0.3604166671875 0.7671875 0.3229166671875 0.73125 0.2541666671875 0.709375 0.2520833328125 0.68125 0.2666666671875 0.64375 0.26875 0.6265625 0.2770833328125 0.6171875 0.3125 0.6140625 0.35625 0.6390625 0.40416666718750005
1 0.6765625 0.4625 0.6875 0.47291666718750003 0.69375 0.47291666718750003 0.7078125 0.4604166671875 0.715625 0.4125 0.6671875 0.42083333281249996 0.6765625 0.4625
1 0.60625 0.4791666671875 0.615625 0.48333333281249996 0.6171875 0.48125 0.6296875 0.4791666671875 0.640625 0.46875 0.640625 0.44166666718750003 0.6328125 0.42291666718750004 0.64375 0.4125 0.625 0.3895833328125 0.615625 0.36666666718749996 0.5765625 0.3770833328125 0.5703125 0.3875 0.571875 0.40416666718750005 0.5921875 0.4270833328125 0.5828125 0.4583333328125 0.596875 0.4583333328125 0.60625 0.4791666671875
1 0.5359375 0.4770833328125 0.546875 0.48333333281249996 0.5546875 0.48333333281249996 0.559375 0.4375 0.55625 0.4 0.5484375 0.3708333328125 0.53125 0.3604166671875 0.53125 0.3895833328125 0.5421875 0.40625 0.5421875 0.425 0.534375 0.44166666718750003 0.5359375 0.4770833328125
1 0.440625 0.46666666718750005 0.4625 0.4875 0.465625 0.4875 0.4890625 0.4770833328125 0.5265625 0.4479166671875 0.540625 0.42083333281249996 0.528125 0.3770833328125 0.528125 0.3541666671875 0.5328125 0.3458333328125 0.528125 0.34375 0.528125 0.33541666718749996 0.5390625 0.3125 0.5359375 0.2875 0.5203125 0.2541666671875 0.4953125 0.23125 0.4796875 0.23333333281250002 0.4703125 0.2520833328125 0.4421875 0.25625 0.4515625 0.2645833328125 0.446875 0.2708333328125 0.459375 0.2833333328125 0.4671875 0.3020833328125 0.46875 0.3541666671875 0.4640625 0.3875 0.453125 0.39791666718749996 0.4328125 0.4 0.43125 0.4145833328125 0.440625 0.46666666718750005
1 0.2765625 0.23125 0.4203125 0.275 0.434375 0.275 0.4546875 0.19583333281249998 0.4515625 0.18125 0.44375 0.175 0.3796875 0.1583333328125 0.3015625 0.12291666718750001 0.2859375 0.12291666718750001 0.2578125 0.14375 0.228125 0.1770833328125 0.240625 0.20208333281250002 0.2765625 0.23125
1 0.3171875 0.375 0.4234375 0.39375 0.4375 0.39375 0.4578125 0.3895833328125 0.465625 0.36875 0.465625 0.30625 0.4375 0.2666666671875 0.4375 0.2520833328125 0.453125 0.20416666718749998 0.453125 0.1875 0.446875 0.1770833328125 0.3796875 0.1583333328125 0.303125 0.12291666718750001 0.2859375 0.12291666718750001 0.2265625 0.175 0.2046875 0.1666666671875 0.1921875 0.175 0.1703125 0.2125 0.1671875 0.24583333281250003 0.18125 0.2791666671875 0.2046875 0.3125 0.2359375 0.34375 0.2609375 0.3583333328125 0.3171875 0.375
1 0.3859375 0.65625 0.41510468749999996 0.6625 0.4234375 0.6625 0.4453125 0.6520833328125 0.453125 0.6416666671875 0.45625 0.6104166671875 0.4296875 0.40208333281249997 0.421875 0.3958333328125 0.340625 0.38333333281250004 0.3703125 0.6229166671875 0.3859375 0.65625
1 0.1109375 0.4145833328125 0.1933234375 0.4145833328125 0.2015625 0.4145833328125 0.259375 0.4 0.26875 0.3895833328125 0.271875 0.3708333328125 0.2140625 0.3291666671875 0.1875 0.2958333328125 0.1609375 0.24583333281250003 0.1171875 0.2604166671875 0.09375 0.275 0.075 0.2979166671875 0.071875 0.29375 0.0625 0.3458333328125 0.0625 0.3854166671875 0.0703125 0.40208333281249997 0.1109375 0.4145833328125
1 0.234375 0.45416666718750004 0.25625 0.4625 0.265625 0.4625 0.2890625 0.45208333281249996 0.284375 0.39375 0.275 0.36666666718749996 0.265625 0.39791666718749996 0.23125 0.4125 0.234375 0.45416666718750004
1 0.2890625 0.425 0.30625 0.43125 0.309375 0.43125 0.309375 0.3770833328125 0.284375 0.36875 0.2890625 0.425
1 0.203125 0.4770833328125 0.229296875 0.4791666671875 0.2375 0.4791666671875 0.2984375 0.475 0.30625 0.4625 0.309375 0.43333333281249997 0.290625 0.43125 0.290625 0.45 0.2796875 0.4604166671875 0.2390625 0.46458333281249997 0.2328125 0.45416666718750004 0.2296875 0.4125 0.209375 0.4166666671875 0.2015625 0.43958333281249995 0.203125 0.4770833328125
1 0.2171875 0.56875 0.2234375 0.5770833328125 0.2296875 0.56875 0.2453125 0.5645833328125 0.2484375 0.48125 0.2078125 0.48333333281249996 0.2171875 0.56875
1 0.209375 0.60625 0.2140625 0.6770833328125 0.2171875 0.6770833328125 0.2421875 0.6645833328124999 0.2921875 0.6708333328125 0.31875 0.6541666671875 0.3171875 0.60625 0.29375 0.5458333328125 0.2765625 0.5375 0.2578125 0.5458333328125 0.234375 0.5895833328125 0.209375 0.60625
1 0 0.45 0.0046875 0.45 0.0265625 0.44166666718750003 0.0328125 0.43125 0.0328125 0.4145833328125 0.015625 0.38125 0.009375 0.3270833328125 0.009375 0.3 0.028125 0.2479166671875 0.021875 0.2375 0 0.23125 0 0.45