1 0.6546875 0.8729166671874999 0.7359375 0.825 0.73125 0.79375 0.7125 0.7479166671875 0.7046875 0.7479166671875 0.625 0.7895833328124999 0.6265625 0.8166666671874999 0.6453125 0.8729166671874999 0.6546875 0.8729166671874999
1 0.775 0.8916666671875 0.7671875 0.88125 0.7640625 0.88125 0.759375 0.8854166671874999 0.759375 0.9 0.771875 0.9041666671874999 0.775 0.8916666671875
1 0.740625 0.9208333328125 0.775 0.9 0.771875 0.8604166671875 0.753125 0.8354166671875 0.740625 0.8291666671875 0.7375 0.8291666671875 0.71875 0.8541666671874999 0.7078125 0.8916666671875 0.7140625 0.9041666671874999 0.740625 0.9208333328125
1 0.596875 0.9979166671874999 0.734375 0.9979166671874999 0.7296875 0.9708333328125001 0.715625 0.9375 0.7 0.91875 0.675 0.90625 0.6661453125000001 0.90625 0.6484375 0.90625 0.6234375 0.9208333328125 0.6 0.9625 0.596875 0.9979166671874999
1 0.5046875 0.9270833328125001 0.5265625 0.9583333328125001 0.571875 0.9583333328125001 0.5828125 0.94375 0.5828125 0.91875 0.5625 0.8854166671874999 0.5453125 0.875 0.5375 0.875 0.515625 0.8791666671874999 0.50625 0.8895833328125 0.5015625 0.90625 0.5046875 0.9270833328125001
1 0.43125 0.91875 0.4609375 0.9270833328125001 0.478125 0.9166666671874999 0.49375 0.88125 0.4921875 0.8583333328125 0.484375 0.8375 0.4609375 0.8208333328125 0.43125 0.83125 0.4171875 0.8208333328125 0.4109375 0.8208333328125 0.409375 0.8333333328125001 0.4203125 0.8479166671874999 0.4171875 0.8875 0.43125 0.91875
1 0.465625 0.7041666671875 0.478125 0.7 0.484375 0.6854166671875 0.4828125 0.6708333328125 0.4734375 0.6604166671875 0.4625 0.6604166671875 0.4546875 0.66875 0.453125 0.6875 0.4546875 0.6958333328124999 0.465625 0.7041666671875
1 0.421875 0.575 0.409375 0.575 0.35625 0.5791666671875 0.35625 0.6541666671875 0.4234375 0.65 0.421875 0.575
1 0.196875 0.9229166671875 0.225 0.91875 0.2484375 0.8791666671874999 0.246875 0.8625 0.221875 0.8416666671874999 0.209375 0.8416666671874999 0.1953125 0.85625 0.1890625 0.88125 0.1875 0.9041666671874999 0.196875 0.9229166671875
1 0.171875 0.9979166671874999 0.246875 0.9979166671874999 0.2515625 0.975 0.25 0.95 0.2375 0.9291666671875 0.21875 0.9208333328125 0.20625 0.9208333328125 0.1921875 0.9270833328125001 0.178125 0.9458333328125 0.1703125 0.9708333328125001 0.171875 0.9979166671874999
1 0.696875 0.6666666671875 0.709375 0.66875 0.71875 0.6791666671875001 0.73125 0.7 0.7359375 0.725 0.75 0.7458333328125 0.76875 0.7541666671875 0.784375 0.7520833328125 0.803125 0.7395833328125 0.81875 0.7125 0.834375 0.7083333328125 0.8328125 0.6895833328125 0.8015625 0.6333333328124999 0.7796875 0.6229166671875 0.75 0.6333333328124999 0.715625 0.5895833328125 0.696875 0.5833333328125 0.6953125 0.58125 0.68125 0.59375 0.6875 0.6166666671875001 0.6796875 0.6458333328125 0.696875 0.6666666671875
1 0.4453125 0.43333333281249997 0.4796875 0.43125 0.4890625 0.3875 0.5140625 0.36666666718749996 0.5109375 0.3291666671875 0.5046875 0.32083333281250004 0.49583281250000005 0.32083333281250004 0.459375 0.325 0.4359375 0.33541666718749996 0.4375 0.40208333281249997 0.4453125 0.43333333281249997
1 0.3578125 0.48333333281249996 0.359375 0.5041666671875 0.3671875 0.5208333328125 0.384375 0.5229166671875001 0.4 0.5125 0.425 0.51875 0.4375 0.5041666671875 0.434375 0.3895833328125 0.428125 0.375 0.41875 0.3708333328125 0.409375 0.3708333328125 0.396875 0.3791666671875 0.36875 0.3770833328125 0.359375 0.39375 0.3578125 0.48333333281249996
1 0.23125 0.34375 0.2296875 0.3729166671875 0.2390625 0.40416666718750005 0.2484375 0.4125 0.2515625 0.4270833328125 0.2734375 0.4375 0.303125 0.43541666718750005 0.3140625 0.42291666718750004 0.3328125 0.425 0.340625 0.41041666718750003 0.340625 0.3958333328125 0.325 0.38333333281250004 0.303125 0.325 0.278125 0.2979166671875 0.2671875 0.2979166671875 0.24375 0.31875 0.2203125 0.3145833328125 0.2203125 0.3291666671875 0.23125 0.34375
1 0.1375 0.3604166671875 0.1609375 0.3583333328125 0.1796875 0.3854166671875 0.1921875 0.3875 0.19375 0.3604166671875 0.2046875 0.35625 0.209375 0.3395833328125 0.1984375 0.3291666671875 0.1703125 0.31875 0.1453125 0.28958333281250004 0.121875 0.28125 0.1171875 0.28125 0.0875 0.3166666671875 0.1109375 0.3395833328125 0.1296875 0.3458333328125 0.1375 0.3604166671875
1 0.2734375 0.7083333328125 0.278125 0.7270833328124999 0.2640625 0.8020833328125001 0.26875 0.825 0.278125 0.8166666671874999 0.2953125 0.73125 0.3046875 0.7083333328125 0.31875 0.7125 0.3796875 0.7645833328125 0.3875 0.7583333328124999 0.378125 0.7354166671875 0.33125 0.6895833328125 0.3265625 0.6416666671875 0.28125 0.6 0.2734375 0.6 0.2671875 0.6104166671875 0.2578125 0.6625 0.259375 0.6875 0.2734375 0.7083333328125