1 0.921875 0.7166666671875 0.928125 0.73125 0.9546875 0.7604166671875 0.9875 0.7708333328125 0.9984375 0.7645833328125 0.9984375 0.65625 0.9796875 0.6645833328124999 0.9703125 0.6541666671875 0.9609375 0.6541666671875 0.946875 0.6708333328125 0.9421875 0.6854166671875 0.9234375 0.7041666671875 0.921875 0.7166666671875
1 0.6296875 0.68125 0.6359375 0.70625 0.65 0.7270833328124999 0.66875 0.7395833328125 0.6921875 0.7395833328125 0.7078125 0.73125 0.721875 0.7125 0.7296875 0.6708333328125 0.71875 0.6333333328124999 0.7015625 0.6145833328125 0.684375 0.60625 0.6734375 0.60625 0.653125 0.6145833328125 0.6421875 0.6270833328125 0.63125 0.6541666671875 0.6296875 0.68125
1 0.6953125 0.5625 0.6921875 0.5854166671875001 0.6984375 0.60625 0.7265625 0.6375 0.7421875 0.64375 0.753125 0.6416666671875 0.7671875 0.6270833328125 0.771875 0.6083333328125 0.765625 0.59375 0.7765625 0.5916666671875 0.8234375 0.65625 0.846875 0.66875 0.8859375 0.6270833328125 0.890625 0.60625 0.8765625 0.5770833328125 0.8453125 0.5333333328125 0.834375 0.49791666718750005 0.8359375 0.475 0.8140625 0.4458333328125 0.8109375 0.4458333328125 0.7625 0.4770833328125 0.725 0.5354166671875 0.703125 0.5479166671875 0.6953125 0.5625
1 0.478125 0.43333333281249997 0.4890625 0.43541666718750005 0.521875 0.4125 0.5578125 0.4458333328125 0.5734375 0.42083333281249996 0.571875 0.3916666671875 0.54375 0.3604166671875 0.525 0.35208333281250004 0.5125 0.35208333281250004 0.46875 0.3770833328125 0.465625 0.40625 0.471875 0.42291666718750004 0.478125 0.43333333281249997
1 0.5796875 0.9 0.5984375 0.8979166671875 0.6125 0.8729166671874999 0.609375 0.8416666671874999 0.5921875 0.825 0.5828125 0.825 0.571875 0.83125 0.559375 0.8541666671874999 0.5640625 0.8854166671874999 0.5796875 0.9
1 0.4515625 0.8125 0.4734375 0.8041666671875 0.5234375 0.6916666671875 0.5234375 0.675 0.5140625 0.6604166671875 0.459375 0.61875 0.4546875 0.61875 0.4484375 0.6229166671875 0.3921875 0.7479166671875 0.3984375 0.7666666671875 0.4515625 0.8125
1 0.340625 0.2208333328125 0.3546875 0.2416666671875 0.35 0.2604166671875 0.3546875 0.2854166671875 0.3734375 0.29375 0.384375 0.27291666718749996 0.4125 0.3104166671875 0.43125 0.31875 0.440625 0.30416666718749996 0.4375 0.2854166671875 0.45 0.2666666671875 0.45625 0.23541666718749998 0.4671875 0.21875 0.428125 0.19583333281249998 0.4140625 0.19583333281249998 0.3875 0.2208333328125 0.3484375 0.2104166671875 0.34375 0.2104166671875 0.340625 0.2208333328125
1 0.5484375 0.2 0.54375 0.23125 0.5515625 0.2416666671875 0.584375 0.25625 0.6140625 0.2666666671875 0.6296875 0.2645833328125 0.65 0.1979166671875 0.6578125 0.1416666671875 0.6234375 0.11875 0.5875 0.10833333281249999 0.5796875 0.10833333281249999 0.559375 0.11875 0.5359375 0.1729166671875 0.5359375 0.1854166671875 0.5484375 0.2
1 0.64375 0.3645833328125 0.659375 0.375 0.6671875 0.3729166671875 0.6890625 0.3395833328125 0.7078125 0.2875 0.70625 0.2708333328125 0.69375 0.25 0.6875 0.2208333328125 0.68125 0.2208333328125 0.6609375 0.2541666671875 0.64375 0.3083333328125 0.6390625 0.3541666671875 0.64375 0.3645833328125
1 0.3734375 0.9666666671874999 0.4421875 0.91875 0.4625 0.89375 0.4625 0.85625 0.4546875 0.8416666671874999 0.4515625 0.8395833328125001 0.4515625 0.8479166671874999 0.446875 0.85 0.4265625 0.83125 0.41875 0.83125 0.3359375 0.8916666671875 0.3328125 0.91875 0.3484375 0.9645833328125001 0.3734375 0.9666666671874999
1 0.16875 0.9979166671874999 0.26875 0.9979166671874999 0.278125 0.9875 0.2953125 0.9916666671875 0.296875 0.9979166671874999 0.3453125 0.9979166671874999 0.3296875 0.9520833328125 0.3109375 0.925 0.275 0.90625 0.2671875 0.90625 0.240625 0.9083333328125001 0.2109375 0.925 0.184375 0.9583333328125001 0.16875 0.9979166671874999
1 0.321875 0 0.3125 0.0166666671875 0.3109375 0.03125 0.3109375 0.0458333328125 0.3203125 0.060416667187499995 0.3140625 0.08541666718749999 0.3171875 0.10625 0.3265625 0.10833333281249999 0.3515625 0.08541666718749999 0.390625 0.0958333328125 0.39375 0.10625 0.3890625 0.11875 0.415625 0.0979166671875 0.440625 0.10625 0.453125 0.08541666718749999 0.45625 0.060416667187499995 0.446875 0.0354166671875 0.4515625 0.014583332812499999 0.4484375 0 0.440528125 0 0.321875 0
1 0.3421875 0.5083333328124999 0.3203125 0.5291666671875 0.315625 0.5770833328125 0.340625 0.60625 0.3421875 0.61875 0.3484375 0.625 0.4109375 0.6416666671875 0.425 0.6354166671875 0.4359375 0.6166666671875001 0.4453125 0.5166666671875 0.453125 0.5041666671875 0.459375 0.47083333281249995 0.44375 0.4583333328125 0.4296875 0.43541666718750005 0.390625 0.425 0.38125 0.425 0.371875 0.425 0.35625 0.43958333281249995 0.346875 0.46875 0.3421875 0.5083333328124999
1 0.45625 0.5125 0.4671875 0.55 0.4953125 0.5895833328125 0.5140625 0.6020833328124999 0.5390625 0.6020833328124999 0.5625 0.5854166671875001 0.5765625 0.5625 0.603125 0.5625 0.609375 0.5479166671875 0.60625 0.5375 0.578125 0.51875 0.5640625 0.4625 0.5234375 0.4145833328125 0.5171875 0.4145833328125 0.503125 0.43125 0.4734375 0.45 0.4609375 0.475 0.45625 0.5125
1 0.225 0.68125 0.25 0.7541666671875 0.2671875 0.8458333328125001 0.275 0.8583333328125 0.2921875 0.8645833328125001 0.3203125 0.85625 0.340625 0.8375 0.3484375 0.8125 0.3484375 0.7854166671875 0.334375 0.6979166671875 0.3359375 0.64375 0.3296875 0.60625 0.315625 0.5895833328125 0.3109375 0.575 0.3125 0.5395833328124999 0.31875 0.5208333328125 0.3015625 0.4895833328125 0.2875 0.48125 0.278125 0.48125 0.246875 0.49375 0.228125 0.5270833328125 0.2234375 0.5625 0.225 0.68125
1 0.7859375 0.7875 0.7671875 0.8041666671875 0.7578125 0.8229166671874999 0.7578125 0.8375 0.7984375 0.9333333328125001 0.8140625 0.9479166671874999 0.8375 0.9479166671874999 0.85 0.9625 0.8640625 0.9979166671874999 0.9609375 0.9979166671874999 0.9515625 0.9541666671875 0.9109375 0.8604166671875 0.9 0.8229166671874999 0.8203125 0.69375 0.8 0.675 0.7921875 0.675 0.7796875 0.6770833328125 0.7671875 0.7 0.7734375 0.7458333328125 0.7859375 0.7875