1 0.12291666718750001 0.6140625 0.20208333281250002 0.6734375 0.2166666671875 0.678125 0.2416666671875 0.66875 0.2479166671875 0.653125 0.2666666671875 0.6484375 0.28125 0.634375 0.28125 0.6234375 0.23958333281250002 0.58125 0.20625 0.559375 0.1875 0.5546875 0.1666666671875 0.559375 0.1583333328125 0.575 0.13125 0.5828125 0.11875 0.596875 0.12291666718750001 0.6140625
1 0.2645833328125 0.7453125 0.3375 0.8046875 0.35 0.803125 0.36666666718749996 0.7890625 0.35208333281250004 0.7640625 0.39791666718749996 0.7875 0.43541666718750005 0.7578125 0.43541666718750005 0.753125 0.3791666671875 0.7015625 0.36666666718749996 0.6625 0.3395833328125 0.6390625 0.3270833328125 0.640625 0.2979166671875 0.6578125 0.24375 0.7046875 0.2666666671875 0.73125 0.2645833328125 0.7453125
1 0.175 0.4640625 0.175 0.490625 0.1895833328125 0.5140625 0.2125 0.5328125 0.2416666671875 0.5421875 0.2791666671875 0.5421875 0.3125 0.53125 0.33541666718749996 0.5109375 0.34375 0.4859375 0.34375 0.48125 0.33541666718749996 0.45625 0.3229166671875 0.4421875 0.2958333328125 0.425 0.2625 0.4171875 0.22916666718749998 0.4203125 0.20833333281250002 0.428125 0.1875 0.44375 0.175 0.4640625
1 0.3708333328125 0.4859375 0.35 0.515625 0.38333333281250004 0.54375 0.41875 0.546875 0.46875 0.5265625 0.4875 0.4984375 0.5208333328125 0.496875 0.5208333328125 0.490625 0.5145833328125 0.475 0.5083333328124999 0.4734375 0.49791666718750005 0.484375 0.48541666718750004 0.4859375 0.45208333281249996 0.459375 0.4375 0.4578125 0.41041666718750003 0.465625 0.3708333328125 0.4859375
1 0.43333333281249997 0.3234375 0.45416666718750004 0.3078125 0.47083333281249995 0.28125 0.4791666671875 0.240625 0.4791666671875 0.23125 0.46666666718750005 0.221875 0.4270833328125 0.2171875 0.39791666718749996 0.24375 0.3541666671875 0.2375 0.3395833328125 0.2734375 0.39791666718749996 0.2984375 0.4125 0.31875 0.43333333281249997 0.3234375
1 0.5791666671875 0.26875 0.53125 0.24375 0.51875 0.2421875 0.4791666671875 0.259375 0.46666666718750005 0.2953125 0.5041666671875 0.325 0.5145833328125 0.325 0.5791666671875 0.275 0.5791666671875 0.26875
1 0.58125 0.3828125 0.6604166671875 0.375 0.6729166671875 0.365625 0.6833333328125 0.340625 0.6833333328125 0.33203125 0.6708333328125 0.30625 0.6520833328125 0.3015625 0.63125 0.30625 0.6166666671875001 0.315625 0.5833333328125 0.321875 0.5666666671875 0.334375 0.5708333328124999 0.375 0.58125 0.3828125
1 0.625 0.4421875 0.625 0.4328125 0.6125 0.421875 0.5833333328125 0.425 0.5604166671875 0.434375 0.5583333328125 0.4453125 0.5770833328125 0.465625 0.5979166671875 0.46875 0.6104166671875 0.4625 0.625 0.4421875
1 0.7416666671875001 0.434375 0.7416666671875001 0.43125 0.6770833328125 0.428125 0.6583333328125 0.4328125 0.6458333328125 0.4453125 0.64375 0.475 0.6583333328125 0.4828125 0.6833333328125 0.478125 0.7104166671875001 0.4640625 0.7416666671875001 0.434375
1 0.7729166671875001 0.4765625 0.8520833328125 0.475 0.8520833328125 0.4703125 0.8416666671874999 0.459375 0.8354166671875 0.4328125 0.81875 0.421875 0.7895833328124999 0.425 0.75625 0.45 0.7520833328125 0.4609375 0.7583333328124999 0.4703125 0.7729166671875001 0.4765625
1 0.7208333328125 0.540625 0.75 0.540625 0.7645833328125 0.5234375 0.7645833328125 0.51875 0.75 0.4984375 0.7291666671875 0.4953125 0.7208333328125 0.4859375 0.7145833328125 0.4859375 0.7083333328125 0.5 0.6895833328125 0.5171875 0.6916666671875 0.525 0.7208333328125 0.540625
1 0.8625 0.5796875 0.8625 0.571875 0.8583333328125 0.5484375 0.825 0.546875 0.8020833328125001 0.553125 0.7916666671875 0.5625 0.7916666671875 0.578125 0.8083333328125001 0.5921875 0.8479166671874999 0.5921875 0.8625 0.5796875
1 0.8333333328125001 0.6671875 0.85625 0.6578125 0.85625 0.6546875 0.8291666671875 0.61875 0.81875 0.61875 0.7916666671875 0.6421875 0.7770833328125 0.6390625 0.7666666671875 0.6453125 0.7708333328125 0.659375 0.8083333328125001 0.6578125 0.8333333328125001 0.6671875
1 0.5958333328125 0.7609375 0.5916666671875 0.78125 0.65625 0.7984375 0.6645833328124999 0.778125 0.6645833328124999 0.7703125 0.6041666671875 0.753125 0.5958333328125 0.7609375
1 0.6104166671875 0.80625 0.6020833328124999 0.8078125 0.5875 0.828125 0.63125 0.8515625 0.6395833328125 0.85 0.6520833328125 0.8296875 0.6520833328125 0.828125 0.6104166671875 0.80625
1 0.6520833328125 0.8296875 0.6104166671875 0.80625 0.5895833328125 0.8125 0.58125 0.8609375 0.5979166671875 0.8671875 0.6208333328125 0.85 0.6354166671875 0.853125 0.65 0.83125 0.6520833328125 0.8296875
1 0.7666666671875 0.6421875 0.7916666671875 0.61875 0.7916666671875 0.6171875 0.76875 0.590625 0.7541666671875 0.5828125 0.7270833328124999 0.5984375 0.7375 0.6234375 0.7229166671875 0.6421875 0.7333333328125 0.6515625 0.7458333328125 0.653125 0.7666666671875 0.6421875
1 0.4895833328125 0.484375 0.5145833328125 0.475 0.5145833328125 0.4734375 0.4791666671875 0.475 0.475 0.4796875 0.4895833328125 0.484375
1 0.525 0.5046875 0.525 0.49375 0.51875 0.4859375 0.51875 0.4984375 0.48541666718750004 0.503125 0.4625 0.5359375 0.48333333281249996 0.5453125 0.5020833328125 0.5421875 0.51875 0.5234375 0.525 0.5046875