1 0.43958333281249995 0.0640625 0.4458333328125 0.0359375 0.4458333328125 0.0265625 0.44166666718750003 0.0015625 0.25 0.0015625 0.2604166671875 0.0296875 0.2833333328125 0.0578125 0.3229166671875 0.08125 0.3604166671875 0.090625 0.39375 0.090625 0.41875 0.084375 0.43958333281249995 0.0640625
1 0.2604166671875 0.303125 0.2708333328125 0.253125 0.2708333328125 0.2421875 0.2479166671875 0.228125 0.1666666671875 0.2046875 0.12291666718750001 0.2234375 0.1125 0.240625 0.10833333281249999 0.2796875 0.14375 0.296875 0.2166666671875 0.315625 0.2604166671875 0.303125
1 0.0416666671875 0.3109375 0.05 0.2953125 0.0458333328125 0.2921875 0.04375 0.2875 0.05 0.284375 0.0416666671875 0.2859375 0.0354166671875 0.28125 0.0166666671875 0.253125 0.0041666671875 0.253125 0.0020833328125000002 0.3296875 0.0416666671875 0.3109375
1 0.38125 0.2359375 0.43541666718750005 0.1765625 0.43541666718750005 0.16875 0.4291666671875 0.1515625 0.40833333281249995 0.1359375 0.38125 0.1 0.3375 0.096875 0.3104166671875 0.1125 0.2666666671875 0.153125 0.2479166671875 0.1921875 0.25833333281250004 0.20625 0.2854166671875 0.2203125 0.3020833328125 0.2484375 0.3458333328125 0.2578125 0.3604166671875 0.253125 0.38125 0.2359375
1 0.3333333328125 0.484375 0.3854166671875 0.4109375 0.3854166671875 0.4078125 0.375 0.3890625 0.35 0.371875 0.26875 0.384375 0.24375 0.4 0.2166666671875 0.43125 0.20625 0.4453125 0.20625 0.4609375 0.2208333328125 0.475 0.2416666671875 0.4828125 0.3333333328125 0.484375
1 0.1541666671875 0.578125 0.1833333328125 0.578125 0.1833333328125 0.571875 0.1666666671875 0.55625 0.07083333281250001 0.51875 0.0645833328125 0.4828125 0.029166667187500002 0.4484375 0.0020833328125000002 0.43125 0.0020833328125000002 0.546875 0.0229166671875 0.540625 0.07291666718749999 0.55625 0.11875 0.5640625 0.1541666671875 0.578125
1 0.3270833328125 0.8234375 0.3333333328125 0.803125 0.33125 0.8015625 0.3291666671875 0.753125 0.30625 0.7421875 0.3125 0.7015625 0.3083333328125 0.675 0.2208333328125 0.6671875 0.20208333281250002 0.690625 0.1979166671875 0.7453125 0.175 0.746875 0.1354166671875 0.7375 0.10833333281249999 0.740625 0.0875 0.7671875 0.075 0.8078125 0.08333333281250001 0.825 0.1395833328125 0.846875 0.1666666671875 0.85 0.20625 0.840625 0.2770833328125 0.8484375 0.2979166671875 0.8453125 0.3270833328125 0.8234375
1 0.3583333328125 0.6203125 0.3791666671875 0.5765625 0.3791666671875 0.565625 0.3708333328125 0.5375 0.35208333281250004 0.5140625 0.3229166671875 0.5015625 0.2958333328125 0.5 0.2645833328125 0.5109375 0.24375 0.528125 0.22916666718749998 0.5546875 0.2270833328125 0.5828125 0.2479166671875 0.625 0.27291666718749996 0.640625 0.3083333328125 0.6453125 0.3375 0.6375 0.3583333328125 0.6203125
1 0.6083333328125 0.4 0.6145833328125 0.3921875 0.6145833328125 0.3890625 0.59375 0.3421875 0.5708333328124999 0.3265625 0.54375 0.3296875 0.48333333281249996 0.3546875 0.47083333281249995 0.3734375 0.4791666671875 0.396875 0.5458333328125 0.4109375 0.5854166671875001 0.409375 0.5979166671875 0.4 0.6083333328125 0.4
1 0.5270833328125 0.5125 0.5520833328125 0.50625 0.5520833328125 0.5015625 0.53125 0.4875 0.5479166671875 0.471875 0.5208333328125 0.46875 0.4895833328125 0.4515625 0.4604166671875 0.4546875 0.4625 0.4734375 0.42083333281249996 0.4765625 0.41041666718750003 0.484375 0.4166666671875 0.5 0.44166666718750003 0.5 0.425 0.5140625 0.4291666671875 0.53125 0.4625 0.5265625 0.4916666671875 0.5328125 0.5104166671875 0.5265625 0.5270833328125 0.5125
1 0.6020833328124999 0.6078125 0.6354166671875 0.6046875 0.6354166671875 0.6 0.625 0.5921875 0.5125 0.5625 0.4625 0.5609375 0.43333333281249997 0.5765625 0.4458333328125 0.609375 0.47083333281249995 0.63125 0.5166666671875 0.6328125 0.5666666671875 0.625 0.6020833328124999 0.6078125
1 0.6041666671875 0.6953125 0.6625 0.640625 0.6625 0.63125 0.6354166671875 0.60625 0.6041666671875 0.6078125 0.5666666671875 0.6265625 0.5270833328125 0.63125 0.50625 0.64375 0.5020833328125 0.653125 0.5145833328125 0.6671875 0.5458333328125 0.6859375 0.6041666671875 0.6953125
1 0.76875 0.51875 0.7729166671875001 0.46927031250000006 0.7729166671875001 0.4609375 0.7604166671875 0.440625 0.725 0.4359375 0.6854166671875 0.48125 0.6104166671875 0.48125 0.5875 0.4765625 0.55 0.4953125 0.55625 0.50625 0.5291666671875 0.515625 0.525 0.528125 0.5416666671875 0.553125 0.5604166671875 0.5609375 0.5791666671875 0.546875 0.5979166671875 0.521875 0.64375 0.521875 0.6666666671875 0.528125 0.68125 0.5453125 0.6854166671875 0.5875 0.6958333328124999 0.5953125 0.7125 0.596875 0.7270833328124999 0.5890625 0.75625 0.5484375 0.76875 0.51875
1 0.7333333328125 0.4 0.75 0.3921875 0.75 0.378125 0.73125 0.3625 0.70625 0.3625 0.7125 0.4015625 0.7333333328125 0.4
1 0.775 0.384375 0.8020833328125001 0.3890625 0.8020833328125001 0.384375 0.7854166671875 0.375 0.7708333328125 0.3203125 0.7375 0.2796875 0.7375 0.26875 0.7125 0.2625 0.66875 0.2828125 0.60625 0.296875 0.6208333328125 0.3453125 0.6791666671875001 0.3375 0.7270833328124999 0.3421875 0.7166666671875 0.3140625 0.6958333328124999 0.2921875 0.7083333328125 0.290625 0.7333333328125 0.3140625 0.7479166671875 0.35 0.7666666671875 0.365625 0.775 0.384375