1 0.75625 0.7458333328125 0.765625 0.7770833328125 0.790625 0.8145833328125001 0.8203125 0.8333333328125001 0.8625 0.8395833328125001 0.8953125 0.8229166671874999 0.9109375 0.8041666671875 0.9203125 0.7791666671875 0.9234375 0.7354166671875 0.9109375 0.6916666671875 0.8921875 0.6645833328124999 0.8703125 0.6458333328125 0.8375 0.6333333328124999 0.828125 0.6333333328124999 0.7984375 0.6395833328125 0.76875 0.66875 0.75625 0.7041666671875 0.75625 0.7458333328125
1 0.5265625 0.7708333328125 0.5296875 0.80625 0.5453125 0.8416666671874999 0.5734375 0.8729166671874999 0.6015625 0.8854166671874999 0.634375 0.8833333328125 0.6609375 0.8666666671875 0.6875 0.825 0.6953125 0.7875 0.69375 0.7541666671875 0.6765625 0.7083333328125 0.6515625 0.6791666671875001 0.621875 0.6666666671875 0.6125 0.6666666671875 0.5875 0.6708333328125 0.5578125 0.6895833328125 0.5375 0.7208333328125 0.5265625 0.7708333328125
1 0.475 0.7916666671875 0.490625 0.7708333328125 0.4890625 0.7479166671875 0.4625 0.6979166671875 0.4375 0.6770833328125 0.4296875 0.6770833328125 0.4171875 0.7 0.4265625 0.7333333328125 0.4625 0.7875 0.475 0.7916666671875
1 0.3140625 0.4791666671875 0.3328125 0.5208333328125 0.3296875 0.5291666671875 0.3109375 0.53125 0.3109375 0.5541666671875001 0.3265625 0.56875 0.3375 0.5666666671875 0.3453125 0.55625 0.3640625 0.5666666671875 0.3984375 0.5583333328125 0.4140625 0.5375 0.41875 0.5041666671875 0.3984375 0.45 0.3953125 0.40625 0.3875 0.3958333328125 0.365625 0.40625 0.328125 0.3916666671875 0.325 0.3916666671875 0.3109375 0.4 0.30625 0.4270833328125 0.3140625 0.4479166671875 0.3140625 0.4791666671875
1 0.4671875 0.2875 0.4796875 0.2979166671875 0.4921875 0.2979166671875 0.5296875 0.2541666671875 0.54375 0.22291666718749997 0.54375 0.20416666718749998 0.5171875 0.15625 0.4953125 0.15 0.48125 0.1604166671875 0.4640625 0.1291666671875 0.45625 0.1291666671875 0.4390625 0.15 0.4484375 0.20416666718749998 0.4421875 0.24583333281250003 0.4671875 0.2875
1 0.5484375 0.2520833328125 0.55 0.3104166671875 0.559375 0.31875 0.6078125 0.31875 0.6546875 0.3104166671875 0.6578125 0.2520833328125 0.65 0.22291666718749997 0.6328125 0.21875 0.6234375 0.23333333281250002 0.6140625 0.23125 0.6140625 0.20416666718749998 0.6078125 0.2 0.6109375 0.1895833328125 0.6 0.1875 0.6 0.18125 0.60625 0.18125 0.5921875 0.1729166671875 0.5890625 0.1729166671875 0.571875 0.1833333328125 0.5640625 0.20625 0.5625 0.2375 0.5484375 0.2520833328125
1 0.68125 0.1770833328125 0.6734375 0.2125 0.7078125 0.22291666718749997 0.7140625 0.2104166671875 0.7203125 0.2104166671875 0.7234375 0.23125 0.7328125 0.23333333281250002 0.7578125 0.1729166671875 0.759375 0.14375 0.709375 0.0958333328125 0.7046875 0.0958333328125 0.690625 0.1145833328125 0.678125 0.15 0.6765625 0.16458333281249998 0.68125 0.1770833328125
1 0.671875 0.3291666671875 0.6765625 0.3333333328125 0.7078125 0.3416666671875 0.715625 0.3375 0.7203125 0.30625 0.7359375 0.2854166671875 0.7359375 0.2645833328125 0.721875 0.23958333281250002 0.71875 0.2125 0.715625 0.2125 0.7046875 0.2375 0.6921875 0.2416666671875 0.6734375 0.2833333328125 0.671875 0.3291666671875
1 0.8640625 0.9979166671874999 0.8796875 0.9083333328125001 0.875 0.8770833328125001 0.85625 0.85625 0.8328125 0.85625 0.815625 0.8375 0.8015625 0.83125 0.79375 0.83125 0.7796875 0.8354166671875 0.771875 0.85 0.7421875 0.9979166671874999 0.8640625 0.9979166671874999
1 0.6875 0.975 0.6703125 0.96875 0.66875 0.9666666671874999 0.65 0.975 0.640625 0.9979166671874999 0.6984375 0.9979166671874999 0.6875 0.975
1 0.8609375 0.6125 0.8765625 0.5958333328125 0.8859375 0.575 0.8824640625000001 0.5318354171874999 0.873375 0.516675 0.8359375 0.5208333328125 0.825 0.5208333328125 0.809375 0.5395833328124999 0.80625 0.5583333328125 0.846875 0.6041666671875 0.8609375 0.6125
1 0.94375 0.4270833328125 0.9984375 0.3895833328125 0.9984375 0.3 0.96875 0.2708333328125 0.9609375 0.2708333328125 0.9109375 0.30625 0.9171875 0.3583333328125 0.9109375 0.38333333281250004 0.94375 0.4270833328125
1 0.9984375 0.5083333328124999 0.9984375 0.41875 0.996875 0.41875 0.9625 0.4791666671875 0.96875 0.49791666718750005 0.9890625 0.5104166671875 0.9984375 0.5083333328124999
1 0.9015625 0.5354166671875 0.9234375 0.53125 0.928125 0.48125 0.9140625 0.4625 0.90625 0.4625 0.8859375 0.47291666718750003 0.8734375 0.5020833328125 0.875 0.5104166671875 0.9015625 0.5354166671875
1 0.98125 0.5708333328124999 0.9984375 0.59375 0.9984375 0.5520833328125 0.9359375 0.5083333328124999 0.934375 0.50625 0.9296875 0.5083333328124999 0.9265625 0.5270833328125 0.9609375 0.5604166671875 0.98125 0.5708333328124999