1 0.8395833328125001 0.1375 0.8229166671874999 0.1046875 0.8041666671875 0.0890625 0.7791666671875 0.0796875 0.7354166671875 0.0765625 0.6916666671875 0.0890625 0.6645833328124999 0.1078125 0.6458333328125 0.1296875 0.6333333328124999 0.1625 0.6333333328124999 0.171875 0.6395833328125 0.2015625 0.66875 0.23125 0.7041666671875 0.24375 0.7458333328125 0.24375 0.7770833328125 0.234375 0.8145833328125001 0.209375 0.8333333328125001 0.1796875 0.8395833328125001 0.1375
1 0.8854166671874999 0.3984375 0.8833333328125 0.365625 0.8666666671875 0.3390625 0.825 0.3125 0.7875 0.3046875 0.7541666671875 0.30625 0.7083333328125 0.3234375 0.6791666671875001 0.3484375 0.6666666671875 0.378125 0.6666666671875 0.3875 0.6708333328125 0.4125 0.6895833328125 0.4421875 0.7208333328125 0.4625 0.7708333328125 0.4734375 0.80625 0.4703125 0.8416666671874999 0.4546875 0.8729166671874999 0.4265625 0.8854166671874999 0.3984375
1 0.6770833328125 0.5625 0.6770833328125 0.5703125 0.7 0.5828125 0.7333333328125 0.5734375 0.7875 0.5375 0.7916666671875 0.525 0.7708333328125 0.509375 0.7479166671875 0.5109375 0.6979166671875 0.5375 0.6770833328125 0.5625
1 0.5541666671875001 0.6890625 0.56875 0.6734375 0.5666666671875 0.6625 0.55625 0.6546875 0.5666666671875 0.6359375 0.5583333328125 0.6015625 0.5375 0.5859375 0.5041666671875 0.58125 0.45 0.6015625 0.40625 0.6046875 0.3958333328125 0.6125 0.40625 0.634375 0.3916666671875 0.671875 0.3916666671875 0.675 0.4 0.6890625 0.4270833328125 0.69375 0.4479166671875 0.6859375 0.4791666671875 0.6859375 0.5208333328125 0.6671875 0.5291666671875 0.6703125 0.53125 0.6890625 0.5541666671875001 0.6890625
1 0.22291666718749997 0.45625 0.20416666718749998 0.45625 0.15625 0.4828125 0.15 0.5046875 0.1604166671875 0.51875 0.1291666671875 0.5359375 0.1291666671875 0.54375 0.15 0.5609375 0.20416666718749998 0.5515625 0.24583333281250003 0.5578125 0.2875 0.5328125 0.2979166671875 0.5203125 0.2979166671875 0.5078125 0.2541666671875 0.4703125 0.22291666718749997 0.45625
1 0.3104166671875 0.3453125 0.2520833328125 0.3421875 0.22291666718749997 0.35 0.21875 0.3671875 0.23333333281250002 0.3765625 0.23125 0.3859375 0.20416666718749998 0.3859375 0.2 0.3921875 0.1895833328125 0.3890625 0.1875 0.4 0.18125 0.4 0.18125 0.39375 0.1729166671875 0.4078125 0.1729166671875 0.4109375 0.1833333328125 0.428125 0.20625 0.4359375 0.2375 0.4375 0.2520833328125 0.4515625 0.3104166671875 0.45 0.31875 0.440625 0.31875 0.3921875 0.3104166671875 0.3453125
1 0.2104166671875 0.2796875 0.23125 0.2765625 0.23333333281250002 0.2671875 0.1729166671875 0.2421875 0.14375 0.240625 0.0958333328125 0.290625 0.0958333328125 0.2953125 0.1145833328125 0.309375 0.15 0.321875 0.16458333281249998 0.3234375 0.1770833328125 0.31875 0.2125 0.3265625 0.22291666718749997 0.2921875 0.2104166671875 0.2859375 0.2104166671875 0.2796875
1 0.30625 0.2796875 0.2854166671875 0.2640625 0.2645833328125 0.2640625 0.23958333281250002 0.278125 0.2125 0.28125 0.2125 0.284375 0.2375 0.2953125 0.2416666671875 0.3078125 0.2833333328125 0.3265625 0.3291666671875 0.328125 0.3333333328125 0.3234375 0.3416666671875 0.2921875 0.3375 0.284375 0.30625 0.2796875
1 0.85625 0.1671875 0.8375 0.184375 0.83125 0.1984375 0.83125 0.20625 0.8354166671875 0.2203125 0.85 0.228125 0.9979166671874999 0.2578125 0.9979166671874999 0.1359375 0.9083333328125001 0.1203125 0.8770833328125001 0.125 0.85625 0.14375 0.85625 0.1671875
1 0.9979166671874999 0.359375 0.9979166671874999 0.3015625 0.975 0.3125 0.96875 0.3296875 0.9666666671874999 0.33125 0.975 0.35 0.9979166671874999 0.359375
1 0.516675 0.12662500000000002 0.5208333328125 0.1640625 0.5208333328125 0.175 0.5395833328124999 0.190625 0.5583333328125 0.19375 0.6041666671875 0.153125 0.6125 0.1390625 0.5958333328125 0.1234375 0.575 0.1140625 0.5318354171874999 0.11753593749999999 0.516675 0.12662500000000002
1 0.2708333328125 0.0390625 0.30625 0.0890625 0.3583333328125 0.0828125 0.38333333281250004 0.0890625 0.4270833328125 0.05625 0.3895833328125 0.0015625 0.3 0.0015625 0.2708333328125 0.03125 0.2708333328125 0.0390625
1 0.49791666718750005 0.03125 0.5104166671875 0.0109375 0.5083333328124999 0.0015625 0.41875 0.0015625 0.41875 0.003125 0.4791666671875 0.0375 0.49791666718750005 0.03125
1 0.4625 0.09375 0.47291666718750003 0.1140625 0.5020833328125 0.1265625 0.5104166671875 0.125 0.5354166671875 0.0984375 0.53125 0.0765625 0.48125 0.071875 0.4625 0.0859375 0.4625 0.09375
1 0.50625 0.065625 0.5083333328124999 0.0703125 0.5270833328125 0.0734375 0.5604166671875 0.0390625 0.5708333328124999 0.01875 0.59375 0.0015625 0.5520833328125 0.0015625 0.5083333328124999 0.0640625 0.50625 0.065625