1 0.4921875 0.38333333281250004 0.467578125 0.38333333281250004 0.459375 0.38333333281250004 0.4203125 0.40208333281249997 0.4015625 0.425 0.3921875 0.45 0.390625 0.4791666671875 0.4046875 0.5229166671875001 0.4515625 0.5958333328125 0.4671875 0.60625 0.4796875 0.60625 0.5015625 0.5958333328125 0.509375 0.5833333328125 0.53125 0.5270833328125 0.5484375 0.4583333328125 0.56875 0.43958333281249995 0.575 0.4125 0.5625 0.39791666718749996 0.528125 0.40208333281249997 0.4921875 0.38333333281250004
1 0.603125 0.6333333328124999 0.5890625 0.6270833328125 0.58125 0.6270833328125 0.5734375 0.6666666671875 0.5421875 0.6875 0.5234375 0.7291666671875 0.4921875 0.7479166671875 0.48125 0.7666666671875 0.4578125 0.8604166671875 0.45625 0.8791666671874999 0.4609375 0.8854166671874999 0.4875 0.8770833328125001 0.515625 0.9 0.55 0.9020833328125001 0.5703125 0.9229166671875 0.58125 0.9229166671875 0.59375 0.9104166671874999 0.6 0.8770833328125001 0.596875 0.7854166671875 0.6 0.7791666671875 0.625 0.775 0.63125 0.7625 0.6328125 0.7375 0.6234375 0.7083333328125 0.603125 0.6895833328125 0.603125 0.6333333328124999
1 0.6484375 0.5125 0.62421875 0.5041666671875 0.6140625 0.5041666671875 0.6 0.5166666671875 0.5921875 0.5375 0.590625 0.55 0.5984375 0.575 0.58125 0.5833333328125 0.5578125 0.5770833328125 0.5515625 0.5895833328125 0.5515625 0.6208333328125 0.55625 0.6354166671875 0.5734375 0.65625 0.5859375 0.6270833328125 0.596875 0.6270833328125 0.6046875 0.6416666671875 0.603125 0.68125 0.621875 0.6916666671875 0.6390625 0.6916666671875 0.6640625 0.66875 0.6703125 0.65 0.6734375 0.5541666671875001 0.65625 0.5333333328125 0.6484375 0.5125
1 0.7921875 0.8395833328125001 0.775 0.825 0.7671875 0.825 0.7390625 0.8520833328125 0.68125 0.88125 0.6625 0.9041666671874999 0.6484375 0.9520833328125 0.6484375 0.9979166671874999 0.8140625 0.9979166671874999 0.8234375 0.9604166671875 0.825 0.9166666671874999 0.8140625 0.8916666671875 0.7953125 0.8791666671874999 0.7921875 0.8395833328125001
1 0.240625 0.8666666671875 0.21875 0.85625 0.2140625 0.85625 0.1625 0.8666666671875 0.140625 0.8895833328125 0.1296875 0.9166666671874999 0.1234375 0.9979166671874999 0.2828125 0.9979166671874999 0.284375 0.9708333328125001 0.278125 0.9395833328125001 0.2515625 0.9041666671874999 0.2515625 0.8854166671874999 0.240625 0.8666666671875
1 0.153125 0.7375 0.13203125 0.7354166671875 0.1234375 0.7354166671875 0.090625 0.7625 0.0734375 0.7666666671875 0.0609375 0.79375 0.065625 0.8166666671874999 0.0875 0.8333333328125001 0.0890625 0.8666666671875 0.09375 0.8770833328125001 0.11875 0.9104166671874999 0.128125 0.9125 0.1421875 0.88125 0.159375 0.8645833328125001 0.1734375 0.8604166671875 0.2234375 0.8541666671874999 0.234375 0.8583333328125 0.2484375 0.8791666671874999 0.2546875 0.8791666671874999 0.2671875 0.8375 0.265625 0.80625 0.25625 0.7854166671875 0.209375 0.75 0.1703125 0.7520833328125 0.153125 0.7375
1 0.2796875 0.5958333328125 0.25 0.5833333328125 0.240625 0.5833333328125 0.1859375 0.60625 0.16875 0.6270833328125 0.1609375 0.6854166671875 0.1625 0.6979166671875 0.18125 0.73125 0.190625 0.74375 0.2140625 0.7479166671875 0.3 0.7479166671875 0.33125 0.7354166671875 0.3390625 0.7166666671875 0.340625 0.6708333328125 0.3234375 0.6083333328125 0.3078125 0.59375 0.2796875 0.5958333328125
1 0.25625 0.29375 0.225 0.14791666718750002 0.2203125 0.14791666718750002 0.196875 0.1729166671875 0.1875 0.19375 0.1875 0.23958333281250002 0.1984375 0.2708333328125 0.20625 0.2791666671875 0.2484375 0.3020833328125 0.25625 0.29375
1 0.659375 0.1270833328125 0.62890625 0.12291666718750001 0.61875 0.12291666718750001 0.5890625 0.13333333281249998 0.56875 0.15 0.553125 0.175 0.5421875 0.21875 0.5421875 0.3916666671875 0.5671875 0.3958333328125 0.578125 0.4125 0.571875 0.44166666718750003 0.55 0.46875 0.5609375 0.48541666718750004 0.590625 0.50625 0.6171875 0.49583333281249997 0.64375 0.5020833328125 0.675 0.47291666718750003 0.6828125 0.4458333328125 0.7 0.30625 0.7015625 0.1916666671875 0.6921875 0.1604166671875 0.659375 0.1270833328125
1 0.1734375 0.44166666718750003 0.134375 0.4145833328125 0.128125 0.4145833328125 0.0984375 0.43125 0.053125 0.42291666718750004 0.0171875 0.4458333328125 0.0015625 0.5 0.0015625 0.6895833328125 0.00625 0.69375 0.04375 0.7020833328125 0.0625 0.6979166671875 0.0796875 0.6833333328125 0.1375 0.6895833328125 0.1546875 0.66875 0.15625 0.5979166671875 0.165625 0.575 0.1671875 0.51875 0.1765625 0.48541666718750004 0.1734375 0.44166666718750003
1 0.0390625 0.2541666671875 0.003125 0.2416666671875 0.0015625 0.2416666671875 0.003125 0.48541666718750004 0.01875 0.44166666718750003 0.0640625 0.4125 0.0734375 0.3729166671875 0.0734375 0.3375 0.06875 0.3 0.059375 0.275 0.0390625 0.2541666671875