1 0.65 0.5 0.6578125 0.49583333281249997 0.675 0.5104166671875 0.6921875 0.5145833328125 0.7140625 0.50625 0.7390625 0.4625 0.7625 0.45208333281249996 0.7671875 0.43958333281249995 0.778125 0.43125 0.7734375 0.4125 0.7453125 0.41041666718750003 0.7234375 0.42083333281249996 0.7 0.40416666718750005 0.6859375 0.40416666718750005 0.66875 0.4125 0.65625 0.4270833328125 0.6390625 0.4770833328125 0.65 0.5
1 0.5515625 0.83125 0.5625 0.85 0.5703125 0.8520833328125 0.5859375 0.8416666671874999 0.5875 0.8041666671875 0.58125 0.7979166671875 0.5671875 0.7979166671875 0.546875 0.7666666671875 0.5375 0.7666666671875 0.5078125 0.7958333328125 0.509375 0.80625 0.5328125 0.83125 0.5515625 0.83125
1 0.43125 0.7708333328125 0.44375 0.79375 0.4484375 0.7895833328124999 0.45 0.76875 0.4671875 0.7395833328125 0.46875 0.7208333328125 0.4625 0.7 0.4421875 0.6854166671875 0.43125 0.6854166671875 0.4109375 0.7020833328125 0.4046875 0.7270833328124999 0.4140625 0.7583333328124999 0.43125 0.7708333328125
1 0.4234375 0.4625 0.4125 0.4625 0.36875 0.47083333281249995 0.3734375 0.5333333328125 0.4296875 0.5229166671875001 0.4234375 0.4625
1 0.4359375 0.3854166671875 0.415625 0.35208333281250004 0.409375 0.35208333281250004 0.3796875 0.3895833328125 0.38125 0.40208333281249997 0.4015625 0.425 0.4359375 0.3854166671875
1 0.478125 0.5416666671875 0.490625 0.55 0.5234375 0.5416666671875 0.5453125 0.5645833328125 0.55625 0.55625 0.559375 0.5354166671875 0.5484375 0.5333333328125 0.5359375 0.5208333328125 0.5375 0.48541666718750004 0.5234375 0.45625 0.49375 0.45208333281249996 0.48125 0.4604166671875 0.4671875 0.4479166671875 0.4625 0.4479166671875 0.4578125 0.4583333328125 0.471875 0.4770833328125 0.46875 0.5083333328124999 0.478125 0.5416666671875
1 0.2703125 0.43958333281249995 0.278125 0.4375 0.2984375 0.3916666671875 0.3109375 0.3791666671875 0.2921875 0.3541666671875 0.2859375 0.3541666671875 0.2640625 0.3729166671875 0.2484375 0.4 0.25 0.41875 0.2703125 0.43958333281249995
1 0.325 0.3145833328125 0.3359375 0.3291666671875 0.3546875 0.3375 0.38125 0.3291666671875 0.4 0.2979166671875 0.396875 0.2604166671875 0.38125 0.23958333281250002 0.36875 0.23333333281250002 0.35859375 0.23333333281250002 0.334375 0.2416666671875 0.31875 0.2708333328125 0.31875 0.2958333328125 0.325 0.3145833328125
1 0.4125 0.2645833328125 0.4296875 0.2625 0.4390625 0.25 0.4375 0.20625 0.425 0.1833333328125 0.4171875 0.1833333328125 0.403125 0.1854166671875 0.3921875 0.20416666718749998 0.396875 0.24583333281250003 0.4125 0.2645833328125
1 0.275 0.2416666671875 0.30625 0.2375 0.3203125 0.21875 0.31875 0.19583333281249998 0.29375 0.1770833328125 0.2875 0.1770833328125 0.278125 0.18125 0.271875 0.19583333281249998 0.26875 0.21875 0.275 0.2416666671875
1 0.3484375 0.23125 0.3828125 0.23541666718749998 0.390625 0.2208333328125 0.3875 0.19583333281249998 0.3703125 0.1708333328125 0.3484375 0.16458333281249998 0.3375 0.16458333281249998 0.328125 0.175 0.328125 0.19375 0.3375 0.2208333328125 0.3484375 0.23125
1 0.4953125 0.2541666671875 0.5109375 0.24583333281250003 0.5296875 0.21875 0.53125 0.19583333281249998 0.5171875 0.1729166671875 0.515625 0.1729166671875 0.5046875 0.17916666718750002 0.4890625 0.2208333328125 0.4875 0.23958333281250002 0.4953125 0.2541666671875
1 0.4921875 0.3625 0.50625 0.3625 0.5171875 0.3541666671875 0.5296875 0.325 0.525 0.29375 0.5015625 0.2770833328125 0.496875 0.2770833328125 0.4796875 0.2854166671875 0.4703125 0.3125 0.4734375 0.3395833328125 0.4921875 0.3625
1 0.55625 0.23958333281250002 0.565625 0.2604166671875 0.5953125 0.2854166671875 0.615625 0.2854166671875 0.634375 0.2770833328125 0.6515625 0.25625 0.6578125 0.23958333281250002 0.659375 0.20833333281250002 0.65 0.175 0.6171875 0.1458333328125 0.6088546874999999 0.1458333328125 0.5921875 0.1458333328125 0.575 0.15625 0.553125 0.20416666718749998 0.55625 0.23958333281250002
1 0.5765625 0.3708333328125 0.584375 0.3875 0.6578125 0.3895833328125 0.6671875 0.38333333281250004 0.66875 0.3229166671875 0.6625 0.3083333328125 0.653125 0.3020833328125 0.6 0.3 0.5984375 0.3 0.58125 0.30625 0.575 0.3166666671875 0.5796875 0.3395833328125 0.5765625 0.3708333328125
1 0.728125 0.2 0.7453125 0.17916666718750002 0.746875 0.1625 0.7625 0.1354166671875 0.7609375 0.1270833328125 0.7359375 0.11041666718750001 0.7234375 0.13125 0.6859375 0.1 0.675 0.1 0.6625 0.125 0.6609375 0.16458333281249998 0.7046875 0.20833333281250002 0.728125 0.2
1 0.78125 0.4625 0.8140625 0.45208333281249996 0.81875 0.44166666718750003 0.8140625 0.4145833328125 0.7875 0.40416666718750005 0.778125 0.40416666718750005 0.7796875 0.43125 0.7703125 0.43958333281249995 0.7703125 0.45208333281249996 0.78125 0.4625
1 0.6984375 0.4 0.7078125 0.40416666718750005 0.7171875 0.39375 0.7328125 0.3916666671875 0.74375 0.40833333281249995 0.7546875 0.40833333281249995 0.7625 0.375 0.7625 0.3083333328125 0.7515625 0.2166666671875 0.7390625 0.20833333281250002 0.7265625 0.20833333281250002 0.7046875 0.24375 0.6953125 0.2791666671875 0.6890625 0.3645833328125 0.6984375 0.4