1 0.28125 0.44375 0.3 0.428125 0.3 0.4265625 0.2791666671875 0.3890625 0.25625 0.38125 0.2375 0.359375 0.2104166671875 0.35 0.1895833328125 0.3296875 0.1541666671875 0.325 0.13333333281249998 0.334375 0.12291666718750001 0.3484375 0.12291666718750001 0.3625 0.1354166671875 0.3890625 0.15 0.3984375 0.175 0.4046875 0.19375 0.425 0.21875 0.43125 0.23333333281250002 0.44375 0.2604166671875 0.4453125 0.28125 0.44375
1 0.3458333328125 0.48125 0.36666666718749996 0.453125 0.36666666718749996 0.4484375 0.34375 0.4265625 0.325 0.425 0.3 0.4296875 0.275 0.45 0.23958333281250002 0.4453125 0.225 0.45 0.20833333281250002 0.4625 0.20625 0.478125 0.2208333328125 0.4984375 0.24583333281250003 0.51875 0.2854166671875 0.53125 0.30625 0.5265625 0.3166666671875 0.51875 0.325 0.4890625 0.3458333328125 0.48125
1 0.39791666718749996 0.6171875 0.5020833328125 0.5671875 0.5020833328125 0.5609375 0.4916666671875 0.5375 0.47083333281249995 0.5265625 0.4166666671875 0.475 0.39375 0.4765625 0.3916666671875 0.4875 0.375 0.5 0.3145833328125 0.5359375 0.3270833328125 0.5578125 0.3458333328125 0.56875 0.39791666718749996 0.6171875
1 0.6145833328125 0.6265625 0.6645833328124999 0.5875 0.6645833328124999 0.5796875 0.6541666671875 0.5765625 0.6208333328125 0.5921875 0.6041666671875 0.5921875 0.58125 0.6015625 0.56875 0.6 0.5604166671875 0.6078125 0.50625 0.61875 0.42291666718750004 0.65625 0.40208333281249997 0.6734375 0.40833333281249995 0.709375 0.41875 0.7296875 0.44166666718750003 0.74375 0.49583333281249997 0.7234375 0.5666666671875 0.66875 0.5958333328125 0.6578125 0.6145833328125 0.6265625
1 0.5166666671875 0.7234375 0.625 0.6703125 0.625 0.6578125 0.6083333328125 0.6359375 0.59375 0.659375 0.5666666671875 0.66875 0.5458333328125 0.6890625 0.48333333281249996 0.7296875 0.5166666671875 0.7234375
1 0.5541666671875001 0.6078125 0.5645833328125 0.6 0.5645833328125 0.5984375 0.5604166671875 0.59375 0.5479166671875 0.5953125 0.5083333328124999 0.615625 0.5541666671875001 0.6078125
1 0.7458333328125 0.86875 0.7541666671875 0.8625 0.7541666671875 0.85 0.7333333328125 0.809375 0.6833333328125 0.7484375 0.6333333328124999 0.703125 0.6083333328125 0.696875 0.58125 0.725 0.5645833328125 0.7609375 0.5729166671875 0.8015625 0.5958333328125 0.834375 0.6229166671875 0.85625 0.65625 0.8703125 0.7145833328125 0.8734375 0.7458333328125 0.86875
1 0.51875 0.6109375 0.5458333328125 0.59375 0.5458333328125 0.5921875 0.5229166671875001 0.559375 0.4875 0.5359375 0.5 0.5515625 0.5020833328125 0.56875 0.44166666718750003 0.5984375 0.43958333281249995 0.6078125 0.45416666718750004 0.625 0.47291666718750003 0.6296875 0.51875 0.6109375
1 0.21875 0.35 0.22916666718749998 0.3484375 0.22916666718749998 0.3421875 0.2166666671875 0.31875 0.1729166671875 0.2765625 0.1375 0.2515625 0.1125 0.24375 0.10833333281249999 0.2546875 0.125 0.2875 0.1541666671875 0.31875 0.19583333281249998 0.3296875 0.21875 0.35
1 0.0916666671875 0.2453125 0.1 0.2375 0.1 0.2359375 0.0958333328125 0.221875 0.0666666671875 0.1890625 0.0270833328125 0.1640625 0.0020833328125000002 0.1578125 0.0020833328125000002 0.2140625 0.0375 0.2265625 0.0645833328125 0.2546875 0.0770833328125 0.246875 0.0916666671875 0.2453125
1 0.07083333281250001 0.3078125 0.07291666718749999 0.290625 0.07291666718749999 0.28125 0.0458333328125 0.2375 0.025 0.221875 0.0020833328125000002 0.2171875 0.0020833328125000002 0.325 0.0395833328125 0.328125 0.054166667187499996 0.3234375 0.07083333281250001 0.3078125
1 0.24375 0.3015625 0.2770833328125 0.2703125 0.2770833328125 0.2625 0.2520833328125 0.228125 0.2104166671875 0.2 0.1979166671875 0.2015625 0.1520833328125 0.234375 0.1291666671875 0.24375 0.2104166671875 0.309375 0.24375 0.3015625
1 0.40625 0.4 0.45416666718750004 0.3890625 0.43958333281249995 0.378125 0.39791666718749996 0.3328125 0.3 0.3859375 0.2916666671875 0.3921875 0.2916666671875 0.4 0.3083333328125 0.425 0.3395833328125 0.421875 0.3625 0.434375 0.40625 0.4
1 0.5291666671875 0.4140625 0.5458333328125 0.4 0.5458333328125 0.3984375 0.5354166671875 0.3859375 0.525 0.3859375 0.5104166671875 0.3921875 0.49583333281249997 0.3890625 0.4875 0.3953125 0.43958333281249995 0.3921875 0.41041666718750003 0.4 0.3625 0.4359375 0.3645833328125 0.4609375 0.3416666671875 0.484375 0.3291666671875 0.4859375 0.32083333281250004 0.515625 0.33541666718749996 0.5203125 0.4125 0.4734375 0.44166666718750003 0.496875 0.48125 0.484375 0.50625 0.4671875 0.51875 0.43125 0.53125 0.4234375 0.5291666671875 0.4140625