1 0.9421875 0.7166666671875 0.9703125 0.7395833328125 0.9984375 0.75 0.9984375 0.5583333328125 0.9734375 0.5541666671875001 0.9640625 0.5541666671875001 0.9359375 0.5604166671875 0.915625 0.58125 0.909375 0.60625 0.909375 0.6395833328125 0.91875 0.6770833328125 0.9421875 0.7166666671875
1 0.7765625 0.8770833328125001 0.7953125 0.8333333328125001 0.771875 0.7520833328125 0.7578125 0.7291666671875 0.746875 0.7291666671875 0.696875 0.7395833328125 0.684375 0.7833333328125 0.703125 0.85625 0.7203125 0.8916666671875 0.759375 0.8875 0.7765625 0.8770833328125001
1 0.7140625 0.9583333328125001 0.715625 0.95 0.7125 0.95625 0.7078125 0.9541666671875 0.7046875 0.95 0.6890625 0.9583333328125001 0.6703125 0.9979166671874999 0.746875 0.9958333328125001 0.746875 0.9833333328125 0.71875 0.9645833328125001 0.7140625 0.9583333328125001
1 0.79375 0.7416666671875001 0.8078125 0.7520833328125 0.846875 0.7333333328125 0.8875 0.6895833328125 0.903125 0.6625 0.9 0.61875 0.8640625 0.5916666671875 0.8484375 0.5708333328124999 0.83125 0.5645833328125 0.8234375 0.5645833328125 0.7640625 0.61875 0.746875 0.6395833328125 0.7421875 0.6541666671875 0.7515625 0.6979166671875 0.7796875 0.7145833328125 0.79375 0.7416666671875001
1 0.56875 0.7833333328125 0.6 0.75625 0.615625 0.73125 0.628125 0.65 0.6109375 0.625 0.5921875 0.6145833328125 0.5890625 0.6145833328125 0.515625 0.6666666671875 0.5171875 0.7583333328124999 0.525 0.7791666671875 0.5390625 0.79375 0.5546875 0.79375 0.56875 0.7833333328125
1 0.56875 0.9979166671874999 0.5515625 0.9708333328125001 0.5171875 0.9354166671874999 0.48125 0.9291666671875 0.44375 0.8333333328125001 0.428125 0.8166666671874999 0.421875 0.8166666671874999 0.421875 0.8458333328125001 0.4359375 0.88125 0.44375 0.9270833328125001 0.459375 0.9770833328125 0.453125 0.9979166671874999 0.56875 0.9979166671874999
1 0.153125 0.8604166671875 0.175 0.9166666671874999 0.1921875 0.925 0.2328125 0.9125 0.259375 0.8916666671875 0.2625 0.8645833328125001 0.253125 0.825 0.2546875 0.8020833328125001 0.309375 0.7979166671875 0.3328125 0.7791666671875 0.325 0.6916666671875 0.2984375 0.6875 0.2578125 0.69375 0.246875 0.6708333328125 0.1984375 0.66875 0.196875 0.6666666671875 0.1765625 0.6729166671875 0.1546875 0.7020833328125 0.1515625 0.7229166671875 0.159375 0.79375 0.15 0.8333333328125001 0.153125 0.8604166671875
1 0.4171875 0.7729166671875001 0.4453125 0.7708333328125 0.471875 0.75625 0.4890625 0.7354166671875 0.5 0.7041666671875 0.4984375 0.6770833328125 0.4859375 0.6479166671875001 0.4625 0.6291666671875 0.434375 0.6208333328125 0.4234375 0.6208333328125 0.3796875 0.6416666671875 0.3625 0.6625 0.3546875 0.6916666671875 0.359375 0.7270833328124999 0.375 0.7520833328125 0.4171875 0.7729166671875001
1 0.6265625 0.5291666671875 0.6453125 0.5166666671875 0.6703125 0.45625 0.6734375 0.4291666671875 0.6578125 0.40625 0.6109375 0.3854166671875 0.6078125 0.3854166671875 0.6 0.3916666671875 0.6 0.40208333281249997 0.590625 0.4145833328125 0.5890625 0.45416666718750004 0.603125 0.5208333328125 0.6265625 0.5291666671875
1 0.4859375 0.575 0.5 0.5583333328125 0.5 0.5833333328125 0.515625 0.5895833328125 0.5234375 0.5791666671875 0.5265625 0.5375 0.5453125 0.5395833328124999 0.5484375 0.5104166671875 0.53125 0.4791666671875 0.528125 0.45208333281249996 0.5125 0.46875 0.4984375 0.4479166671875 0.49375 0.4479166671875 0.4875 0.47291666718750003 0.4734375 0.4895833328125 0.4671875 0.5083333328124999 0.4734375 0.5375 0.46875 0.5708333328124999 0.4859375 0.575
1 0.4234375 0.5666666671875 0.4390625 0.5375 0.4375 0.4875 0.4078125 0.375 0.4 0.3645833328125 0.3953125 0.3645833328125 0.3921875 0.39791666718749996 0.375 0.43333333281249997 0.3671875 0.48333333281249996 0.36875 0.5291666671875 0.390625 0.5541666671875001 0.4234375 0.5666666671875
1 0.36875 0.47291666718750003 0.3734375 0.43333333281249997 0.3921875 0.3958333328125 0.39375 0.3645833328125 0.36875 0.3375 0.359375 0.3375 0.3046875 0.3958333328125 0.3140625 0.45416666718750004 0.3328125 0.48541666718750004 0.346875 0.49791666718750005 0.35625 0.49375 0.36875 0.47291666718750003
1 0.4125 0.3145833328125 0.4546875 0.31875 0.471875 0.3333333328125 0.478125 0.35625 0.478125 0.40208333281249997 0.453125 0.42083333281249996 0.4390625 0.43958333281249995 0.446875 0.4583333328125 0.471875 0.475 0.484375 0.47083333281249995 0.49375 0.44375 0.5046875 0.45 0.5234375 0.4125 0.51875 0.3895833328125 0.51875 0.3145833328125 0.5640625 0.275 0.559375 0.23958333281250002 0.5390625 0.2270833328125 0.5307296874999999 0.2270833328125 0.48125 0.23125 0.4515625 0.24375 0.4109375 0.27291666718749996 0.403125 0.2875 0.4046875 0.30416666718749996 0.4125 0.3145833328125
1 0.6078125 0.25 0.6 0.2666666671875 0.5984375 0.2875 0.6375 0.29375 0.6375 0.26875 0.621875 0.25 0.6078125 0.25
1 0.7078125 0.30416666718749996 0.6859375 0.2833333328125 0.6578125 0.27291666718749996 0.6625 0.32083333281250004 0.6546875 0.3791666671875 0.703125 0.39375 0.7171875 0.33125 0.7375 0.2875 0.73125 0.2625 0.7203125 0.2625 0.6796875 0.22916666718749998 0.625 0.21458333281250003 0.615625 0.1979166671875 0.6109375 0.1979166671875 0.615625 0.225 0.634375 0.23333333281250002 0.65 0.2520833328125 0.6859375 0.2666666671875 0.709375 0.2916666671875 0.7078125 0.30416666718749996