1 0.13125 0.7015625 0.1354166671875 0.7109375 0.1458333328125 0.7015625 0.1604166671875 0.7015625 0.1708333328125 0.69375 0.2104166671875 0.70625 0.23125 0.678125 0.23333333281250002 0.6765625 0.13333333281249998 0.6203125 0.1166666671875 0.61875 0.0895833328125 0.6484375 0.1270833328125 0.671875 0.1208333328125 0.6828125 0.1270833328125 0.6953125 0.1208333328125 0.7046875 0.13125 0.7015625
1 0.1458333328125 0.5046875 0.1458333328125 0.5203125 0.1375 0.5203125 0.1208333328125 0.5421875 0.1166666671875 0.6140625 0.1291666671875 0.6171875 0.1291666671875 0.621875 0.1583333328125 0.625 0.2104166671875 0.58125 0.2270833328125 0.534375 0.2958333328125 0.4890625 0.2958333328125 0.478125 0.2645833328125 0.48125 0.20208333281250002 0.51875 0.1916666671875 0.4859375 0.1895833328125 0.4265625 0.17916666718750002 0.4171875 0.1583333328125 0.425 0.15625 0.496875 0.1458333328125 0.5046875
1 0.3416666671875 0.5125 0.35625 0.5171875 0.375 0.515625 0.4 0.5 0.4166666671875 0.4671875 0.4166666671875 0.45703125 0.4145833328125 0.4390625 0.39375 0.4171875 0.3729166671875 0.4140625 0.35208333281250004 0.4203125 0.3270833328125 0.446875 0.32083333281250004 0.46875 0.325 0.496875 0.3416666671875 0.5125
1 0.4291666671875 0.58125 0.3958333328125 0.5390625 0.3270833328125 0.5296875 0.30625 0.546875 0.3083333328125 0.56875 0.3416666671875 0.596875 0.40416666718750005 0.6125 0.4291666671875 0.584375 0.4291666671875 0.58125
1 0.38125 0.66875 0.3916666671875 0.659375 0.41041666718750003 0.65625 0.42083333281249996 0.640625 0.42083333281249996 0.6296875 0.4 0.621875 0.3958333328125 0.6109375 0.3479166671875 0.6 0.3270833328125 0.6203125 0.32083333281250004 0.6453125 0.35208333281250004 0.6625 0.3645833328125 0.6609375 0.38125 0.66875
1 0.35208333281250004 0.6953125 0.35208333281250004 0.6854171874999999 0.35208333281250004 0.665625 0.3145833328125 0.64375 0.2666666671875 0.6640625 0.25 0.6765625 0.25833333281250004 0.7125 0.2958333328125 0.7265625 0.31875 0.71875 0.35208333281250004 0.6953125
1 0.3854166671875 0.778125 0.4166666671875 0.7765625 0.45 0.7359375 0.45 0.7234375 0.42291666718750004 0.69375 0.3895833328125 0.671875 0.36875 0.671875 0.35 0.703125 0.3291666671875 0.7171875 0.3291666671875 0.7296875 0.3458333328125 0.75 0.3854166671875 0.778125
1 0.51875 0.78125 0.5375 0.7625 0.5479166671875 0.7359375 0.5479166671875 0.7265625 0.5395833328124999 0.715625 0.525 0.7125 0.5041666671875 0.7125 0.48541666718750004 0.7203125 0.46875 0.7390625 0.4770833328125 0.7703125 0.49583333281249997 0.78125 0.51875 0.78125
1 0.3854166671875 0.9 0.425 0.878125 0.4458333328125 0.846875 0.45416666718750004 0.81875 0.45416666718750004 0.81015625 0.4458333328125 0.7875 0.42083333281249996 0.7796875 0.375 0.7875 0.3541666671875 0.8 0.3333333328125 0.8296875 0.33125 0.8578125 0.3604166671875 0.896875 0.3854166671875 0.9
1 0.5583333328125 0.60625 0.5729166671875 0.571875 0.5729166671875 0.5671875 0.55 0.559375 0.48333333281249996 0.5609375 0.47291666718750003 0.5671875 0.47083333281249995 0.5875 0.5 0.6078125 0.5270833328125 0.61875 0.5416666671875 0.61875 0.5583333328125 0.60625
1 0.4583333328125 0.5171875 0.46458333281249997 0.528125 0.4875 0.5296875 0.5083333328124999 0.5421875 0.51875 0.5421875 0.5291666671875 0.5296875 0.5458333328125 0.5375 0.5625 0.5375 0.575 0.525 0.575 0.5203125 0.5104166671875 0.4859375 0.47083333281249995 0.48125 0.45625 0.475 0.44375 0.478125 0.4458333328125 0.4953125 0.43333333281249997 0.503125 0.43541666718750005 0.5140625 0.4583333328125 0.5171875
1 0.48333333281249996 0.45625 0.5208333328125 0.45625 0.6020833328124999 0.4453125 0.6020833328124999 0.440625 0.58125 0.4359375 0.55625 0.415625 0.5083333328124999 0.4015625 0.4770833328125 0.3984375 0.46458333281249997 0.4078125 0.4479166671875 0.4421875 0.4625 0.4515625 0.48333333281249996 0.45625
1 0.3916666671875 0.6609375 0.3916666671875 0.6671875 0.425 0.6703125 0.44375 0.6578125 0.4604166671875 0.6234375 0.4604166671875 0.6171875 0.4458333328125 0.603125 0.4291666671875 0.5984375 0.40416666718750005 0.6140625 0.4 0.61875 0.42083333281249996 0.63125 0.42083333281249996 0.64375 0.40833333281249995 0.6578125 0.3916666671875 0.6609375
1 0.3125 0.3875 0.31875 0.4109375 0.3270833328125 0.4140625 0.33125 0.4046875 0.34375 0.4109375 0.33541666718749996 0.4140625 0.34375 0.415625 0.35 0.4015625 0.3645833328125 0.3953125 0.36666666718749996 0.3875 0.3583333328125 0.384375 0.36666666718749996 0.375 0.3895833328125 0.36875 0.40416666718750005 0.35625 0.40416666718750005 0.347265625 0.4 0.3015625 0.3791666671875 0.2921875 0.3229166671875 0.290625 0.2854166671875 0.296875 0.23125 0.3125 0.225 0.325 0.2375 0.3625 0.24583333281250003 0.3703125 0.325 0.3796875 0.3125 0.3875
1 0.3291666671875 0.4171875 0.3791666671875 0.4125 0.3854166671875 0.3953125 0.3854166671875 0.3859375 0.38333333281250004 0.3703125 0.3708333328125 0.36875 0.3625 0.359375 0.3395833328125 0.359375 0.3229166671875 0.375 0.30416666718749996 0.3796875 0.3125 0.40625 0.3291666671875 0.4171875
1 0.3791666671875 0.296875 0.38125 0.2953125 0.3541666671875 0.29375 0.35 0.2984375 0.3416666671875 0.290625 0.3166666671875 0.29375 0.3375 0.29375 0.3583333328125 0.303125 0.36666666718749996 0.2953125 0.3791666671875 0.296875