1 0.8 0.6666666671875 0.809375 0.675 0.8140625 0.675 0.81875 0.6666666671875 0.81875 0.6458333328125 0.8140625 0.6395833328125 0.8234375 0.6166666671875001 0.8171875 0.5875 0.784375 0.5625 0.7671875 0.5604166671875 0.7375 0.6041666671875 0.7359375 0.6208333328125 0.7671875 0.6583333328125 0.7828125 0.6666666671875 0.8 0.6666666671875
1 0.7296875 0.7666666671875 0.753125 0.7833333328125 0.765625 0.7833333328125 0.784375 0.7583333328124999 0.784375 0.7208333328125 0.7921875 0.6979166671875 0.7875 0.6791666671875001 0.7703125 0.6625 0.753125 0.6666666671875 0.70625 0.71875 0.709375 0.7416666671875001 0.7296875 0.7666666671875
1 0.6609375 0.56875 0.6890625 0.58125 0.6921875 0.58125 0.7109375 0.5708333328124999 0.71875 0.55625 0.7265625 0.5333333328125 0.721875 0.50625 0.725 0.4916666671875 0.734375 0.48333333281249996 0.75 0.48541666718750004 0.7546875 0.4770833328125 0.753125 0.46458333281249997 0.7421875 0.45208333281249996 0.7125 0.45 0.7 0.43958333281249995 0.7 0.4270833328125 0.715625 0.4125 0.715625 0.40208333281249997 0.7 0.3875 0.665625 0.39375 0.6578125 0.4125 0.65625 0.44375 0.6390625 0.46458333281249997 0.6421875 0.475 0.66875 0.46875 0.678125 0.48125 0.6796875 0.49375 0.665625 0.5041666671875 0.659375 0.5229166671875001 0.6609375 0.56875
1 0.453125 0.5145833328125 0.5140625 0.59375 0.5203125 0.59375 0.5421875 0.5791666671875 0.5796875 0.5145833328125 0.6 0.4916666671875 0.6546875 0.40833333281249995 0.65625 0.39791666718749996 0.66875 0.3854166671875 0.66875 0.375 0.6078125 0.3 0.596875 0.30416666718749996 0.578125 0.3291666671875 0.453125 0.5145833328125
1 0.4375 0.25833333281250004 0.4578125 0.29375 0.4671875 0.29375 0.496875 0.2791666671875 0.5015625 0.2604166671875 0.515625 0.2416666671875 0.4984375 0.20625 0.4796875 0.20625 0.4390625 0.2479166671875 0.4375 0.25833333281250004
1 0.409375 0.1770833328125 0.4328125 0.2104166671875 0.4390625 0.2104166671875 0.478125 0.1625 0.4828125 0.14375 0.4609375 0.1125 0.4515625 0.1125 0.4390625 0.125 0.4359375 0.1125 0.421875 0.1145833328125 0.4078125 0.1020833328125 0.4046875 0.1125 0.4109375 0.13125 0.40625 0.14375 0.4140625 0.15625 0.409375 0.1770833328125
1 0.3921875 0.47291666718750003 0.4109375 0.48333333281249996 0.4203125 0.48333333281249996 0.440625 0.46666666718750005 0.453125 0.4125 0.5015625 0.3479166671875 0.528125 0.3416666671875 0.54375 0.3291666671875 0.5453125 0.3166666671875 0.540625 0.30625 0.5125 0.2708333328125 0.503125 0.2666666671875 0.496875 0.28125 0.4734375 0.2958333328125 0.471875 0.31875 0.446875 0.3583333328125 0.4234375 0.3875 0.3859375 0.4145833328125 0.38125 0.45625 0.3921875 0.47291666718750003
1 0.421875 0.6229166671875 0.4359375 0.63125 0.440625 0.63125 0.475 0.6208333328125 0.5 0.58125 0.4515625 0.5145833328125 0.5125 0.42291666718750004 0.49375 0.3770833328125 0.4859375 0.3791666671875 0.4546875 0.41875 0.440625 0.47083333281249995 0.4203125 0.48541666718750004 0.403125 0.48541666718750004 0.3625 0.5395833328124999 0.384375 0.58125 0.421875 0.6229166671875
1 0.3578125 0.3541666671875 0.36875 0.3583333328125 0.371875 0.3583333328125 0.44375 0.30416666718749996 0.446875 0.2791666671875 0.4375 0.25 0.4453125 0.23333333281250002 0.4453125 0.21458333281250003 0.4328125 0.2125 0.4015625 0.1666666671875 0.365625 0.13333333281249998 0.359375 0.13333333281249998 0.3421875 0.17916666718750002 0.328125 0.2541666671875 0.3375 0.2604166671875 0.33125 0.26875 0.33125 0.2791666671875 0.34375 0.3291666671875 0.35625 0.34375 0.3578125 0.3541666671875
1 0.6671875 0.625 0.6890625 0.6416666671875 0.7 0.6416666671875 0.7234375 0.5958333328125 0.721875 0.5833333328125 0.7125 0.5708333328124999 0.6953125 0.58125 0.665625 0.5770833328125 0.65 0.59375 0.6671875 0.625
1 0.6234375 0.5604166671875 0.65625 0.5833333328125 0.6578125 0.5833333328125 0.6640625 0.5770833328125 0.65625 0.5395833328124999 0.659375 0.5125 0.6453125 0.49375 0.6375 0.4916666671875 0.6078125 0.5375 0.6234375 0.5604166671875
1 0.5671875 0.7666666671875 0.5796875 0.7770833328125 0.5875 0.7770833328125 0.6203125 0.7166666671875 0.6671875 0.6645833328124999 0.68125 0.6395833328125 0.65625 0.6145833328125 0.6484375 0.59375 0.6328125 0.6 0.565625 0.7458333328125 0.5671875 0.7666666671875
1 0.6296875 0.7291666671875 0.6625 0.7541666671875 0.6734375 0.7541666671875 0.6890625 0.7270833328124999 0.6953125 0.6895833328125 0.66875 0.6645833328124999 0.621875 0.7166666671875 0.6296875 0.7291666671875
1 0.5703125 0.6270833328125 0.578125 0.6375 0.5875 0.6375 0.6015625 0.61875 0.621875 0.6229166671875 0.6296875 0.6083333328125 0.628125 0.5770833328125 0.6109375 0.5583333328125 0.6046875 0.5604166671875 0.596875 0.5916666671875 0.5796875 0.58125 0.5703125 0.6145833328125 0.5703125 0.6270833328125