1 0.5708333328124999 0.7265625 0.575 0.70625 0.575 0.7 0.5625 0.66875 0.5416666671875 0.65 0.5208333328125 0.640625 0.48125 0.6375 0.45625 0.64375 0.43333333281249997 0.65625 0.4125 0.6765625 0.40208333281249997 0.7 0.40208333281249997 0.7265625 0.41875 0.753125 0.43958333281249995 0.76875 0.46875 0.778125 0.49791666718750005 0.778125 0.5229166671875001 0.771875 0.55 0.7546875 0.5708333328124999 0.7265625
1 0.3541666671875 0.771875 0.36875 0.7578125 0.36875 0.7453125 0.3395833328125 0.70625 0.2958333328125 0.6703125 0.29375 0.653125 0.2791666671875 0.6359375 0.2520833328125 0.6203125 0.20208333281250002 0.6078125 0.10625 0.53125 0.08541666718749999 0.534375 0.06875 0.546875 0.08333333281250001 0.56875 0.0770833328125 0.578125 0.06875 0.5796875 0.05208333281250001 0.565625 0.0375 0.5640625 0.014583332812499999 0.5796875 0.0166666671875 0.590625 0.0979166671875 0.659375 0.10625 0.6609375 0.1270833328125 0.653125 0.13125 0.65625 0.1416666671875 0.6953125 0.1541666671875 0.7125 0.175 0.7296875 0.20416666718749998 0.7328125 0.28125 0.803125 0.3083333328125 0.803125 0.3229166671875 0.7953125 0.33541666718749996 0.775 0.3541666671875 0.771875
1 0.2416666671875 0.5296875 0.25 0.521875 0.25 0.51875 0.2166666671875 0.4640625 0.1625 0.415625 0.08333333281250001 0.3703125 0.0458333328125 0.35625 0.03125 0.359375 0.0270833328125 0.371875 0.0166666671875 0.3765625 0.01875 0.3875 0.0020833328125000002 0.403125 0.0041666671875 0.4578125 0.0916666671875 0.5015625 0.1520833328125 0.5203125 0.21458333281250003 0.5296875 0.2416666671875 0.5296875
1 0.0958333328125 0.3484375 0.1375 0.3421875 0.1375 0.3390625 0.1166666671875 0.2765625 0.06875 0.2796875 0.0895833328125 0.3453125 0.0958333328125 0.3484375
1 0.0125 0.34375 0.0479166671875 0.328125 0.0479166671875 0.325 0.0166666671875 0.2765625 0.0020833328125000002 0.2765625 0.0020833328125000002 0.34375 0.0125 0.34375
1 0.50625 0.1671875 0.5145833328125 0.153125 0.5145833328125 0.1453125 0.5145833328125 0.1234375 0.46458333281249997 0.115625 0.44166666718750003 0.1296875 0.4291666671875 0.146875 0.4291666671875 0.159375 0.44166666718750003 0.178125 0.47291666718750003 0.184375 0.50625 0.1671875
1 0.69375 0.2328125 0.7 0.2171875 0.7 0.2140625 0.69375 0.1984375 0.6791666671875001 0.184375 0.65 0.175 0.6375 0.1625 0.6270833328125 0.1625 0.6208333328125 0.1703125 0.625 0.1875 0.6020833328124999 0.2203125 0.6 0.234375 0.6145833328125 0.25 0.65625 0.2484375 0.6833333328125 0.240625 0.69375 0.2328125
1 0.5208333328125 0.296875 0.5791666671875 0.2859375 0.5791666671875 0.2828125 0.56875 0.2734375 0.5604166671875 0.2453125 0.5458333328125 0.2359375 0.51875 0.234375 0.4916666671875 0.253125 0.5 0.2765625 0.5208333328125 0.2890625 0.5208333328125 0.296875
1 0.6458333328125 0.346875 0.6854166671875 0.3109375 0.6854166671875 0.3078125 0.6354166671875 0.3078125 0.58125 0.321875 0.5645833328125 0.3296875 0.5625 0.3453125 0.5729166671875 0.353125 0.625 0.3546875 0.6458333328125 0.346875
1 0.6041666671875 0.4421875 0.6479166671875001 0.4140625 0.6479166671875001 0.40625 0.6354166671875 0.3890625 0.625 0.3859375 0.5833333328125 0.390625 0.5666666671875 0.4046875 0.575 0.4265625 0.6041666671875 0.4421875
1 0.8333333328125001 0.4296875 0.8416666671874999 0.4125 0.8416666671874999 0.409375 0.8354166671875 0.3984375 0.8125 0.396875 0.80625 0.3921875 0.8083333328125001 0.3703125 0.8 0.359375 0.7354166671875 0.3515625 0.7229166671875 0.3546875 0.7104166671875001 0.365625 0.6895833328125 0.409375 0.6854166671875 0.4328125 0.6916666671875 0.440625 0.7145833328125 0.45 0.7604166671875 0.4546875 0.7770833328125 0.45 0.7895833328124999 0.4375 0.8166666671874999 0.4359375 0.8333333328125001 0.4296875
1 0.8166666671874999 0.546875 0.8583333328125 0.5109375 0.8583333328125 0.503125 0.84375 0.4640625 0.8333333328125001 0.4640625 0.8125 0.475 0.7979166671875 0.4671875 0.7854166671875 0.46875 0.7416666671875001 0.5 0.74375 0.5109375 0.7666666671875 0.534375 0.7729166671875001 0.55 0.8166666671874999 0.546875
1 0.8666666671875 0.6015625 0.8729166671874999 0.5890625 0.8729166671874999 0.575 0.8625 0.553125 0.775 0.5546875 0.7354166671875 0.5609375 0.7270833328124999 0.5671875 0.7291666671875 0.5859375 0.7520833328125 0.59375 0.7604166671875 0.6390625 0.7708333328125 0.6546875 0.8229166671874999 0.6515625 0.825 0.615625 0.84375 0.6046875 0.8666666671875 0.6015625
1 0.56875 0.5875 0.575 0.58125 0.575 0.5734375 0.5583333328125 0.5609375 0.55 0.540625 0.5291666671875 0.5265625 0.5625 0.503125 0.5520833328125 0.49375 0.5354166671875 0.4890625 0.525 0.490625 0.5229166671875001 0.4984375 0.4875 0.5265625 0.4604166671875 0.5265625 0.43541666718750005 0.5328125 0.4145833328125 0.5578125 0.42083333281249996 0.5859375 0.4458333328125 0.6046875 0.45625 0.628125 0.46666666718750005 0.6328125 0.48333333281249996 0.628125 0.49583333281249997 0.6078125 0.5270833328125 0.60625 0.5520833328125 0.5890625 0.56875 0.5875
1 0.30416666718749996 0.2390625 0.35625 0.184375 0.35625 0.1796875 0.3020833328125 0.115625 0.2875 0.1125 0.20625 0.140625 0.1708333328125 0.2109375 0.1875 0.2109375 0.20625 0.21875 0.23541666718749998 0.2546875 0.25 0.2640625 0.30416666718749996 0.2390625
1 0.35208333281250004 0.171875 0.40416666718750005 0.153125 0.40416666718750005 0.146875 0.3708333328125 0.11875 0.3583333328125 0.115625 0.3458333328125 0.115625 0.31875 0.128125 0.35208333281250004 0.171875
1 0.3958333328125 0.246875 0.4375 0.21875 0.4375 0.2171875 0.3854166671875 0.175 0.3375 0.20625 0.3229166671875 0.225 0.3395833328125 0.240625 0.3625 0.23125 0.3770833328125 0.24375 0.3958333328125 0.246875
1 0.35208333281250004 0.38125 0.35208333281250004 0.3635421875 0.35208333281250004 0.3546875 0.3333333328125 0.35 0.3229166671875 0.325 0.3104166671875 0.334375 0.3 0.3234375 0.2916666671875 0.340625 0.3145833328125 0.3890625 0.3416666671875 0.390625 0.35208333281250004 0.38125
1 0.5354166671875 0.4546875 0.5458333328125 0.425 0.54375 0.4234375 0.5375 0.396875 0.5083333328124999 0.36875 0.4895833328125 0.359375 0.43541666718750005 0.35625 0.3333333328125 0.4203125 0.3229166671875 0.4390625 0.3229166671875 0.453125 0.3333333328125 0.471875 0.3604166671875 0.4875 0.4166666671875 0.4875 0.4291666671875 0.4984375 0.44375 0.4984375 0.47083333281249995 0.4828125 0.51875 0.4703125 0.5354166671875 0.4546875