1 0.728125 0.6458333328125 0.734375 0.6875 0.74375 0.6875 0.76875 0.675 0.7765625 0.6583333328125 0.7765625 0.6291666671875 0.7671875 0.6145833328125 0.771875 0.5645833328125 0.765625 0.5479166671875 0.75 0.55625 0.73125 0.5479166671875 0.7234375 0.55625 0.7234375 0.56875 0.7328125 0.5791666671875 0.734375 0.59375 0.71875 0.625 0.728125 0.6458333328125
1 0.6859375 0.43125 0.7109375 0.43958333281249995 0.715625 0.43958333281249995 0.7375 0.43541666718750005 0.74375 0.4166666671875 0.7296875 0.3729166671875 0.73125 0.30416666718749996 0.7234375 0.2979166671875 0.6875 0.2958333328125 0.678125 0.3229166671875 0.675 0.36666666718749996 0.66875 0.3708333328125 0.6546875 0.35625 0.634375 0.3625 0.6265625 0.4145833328125 0.640625 0.43333333281249997 0.6859375 0.43125
1 0.571875 0.35625 0.5828125 0.36666666718749996 0.59375 0.36666666718749996 0.615625 0.3416666671875 0.6234375 0.31875 0.621875 0.30416666718749996 0.6109375 0.2916666671875 0.6 0.29375 0.5703125 0.3416666671875 0.571875 0.35625
1 0.625 0.1354166671875 0.65234375 0.14791666718750002 0.6609375 0.14791666718750002 0.6765625 0.1375 0.6890625 0.1145833328125 0.690625 0.08125 0.6734375 0.05 0.6484375 0.04375 0.625 0.060416667187499995 0.6171875 0.0791666671875 0.615625 0.1125 0.6 0.1291666671875 0.6 0.1395833328125 0.6078125 0.14375 0.625 0.1354166671875
1 0.50625 0.3083333328125 0.52265625 0.3104166671875 0.5328125 0.3104166671875 0.559375 0.3 0.5828125 0.27291666718749996 0.59375 0.23958333281250002 0.59375 0.2 0.584375 0.16875 0.565625 0.1416666671875 0.5390625 0.1270833328125 0.515625 0.1270833328125 0.4859375 0.14375 0.4703125 0.1666666671875 0.4609375 0.19583333281249998 0.459375 0.23125 0.4671875 0.2645833328125 0.4875 0.2958333328125 0.50625 0.3083333328125
1 0.4765625 0.10833333281249999 0.50625 0.1145833328125 0.5140625 0.1145833328125 0.540625 0.0916666671875 0.5515625 0.060416667187499995 0.55 0.0229166671875 0.5421875 0.0020833328125000002 0.4609375 0.0020833328125000002 0.4515625 0.029166667187500002 0.4515625 0.0645833328125 0.4578125 0.08333333281250001 0.4765625 0.10833333281249999
1 0.3921875 0.1833333328125 0.415625 0.20625 0.4171875 0.20625 0.434375 0.1916666671875 0.4359375 0.1666666671875 0.425 0.1416666671875 0.4078125 0.1354166671875 0.3921875 0.14791666718750002 0.3875 0.1666666671875 0.3921875 0.1833333328125
1 0.359375 0.2520833328125 0.3817703125 0.2541666671875 0.390625 0.2541666671875 0.403125 0.24375 0.4078125 0.2166666671875 0.390625 0.1833333328125 0.375 0.1708333328125 0.3375 0.1729166671875 0.3265625 0.1916666671875 0.334375 0.22291666718749997 0.359375 0.2520833328125
1 0.3015625 0.1916666671875 0.3125 0.21875 0.31875 0.21875 0.325 0.1854166671875 0.340625 0.16458333281249998 0.340625 0.1395833328125 0.3203125 0.0979166671875 0.29375 0.08541666718749999 0.2671875 0.1041666671875 0.259375 0.1270833328125 0.259375 0.1458333328125 0.2671875 0.1708333328125 0.28125 0.1854166671875 0.3015625 0.1916666671875
1 0.1765625 0.19375 0.1921875 0.23958333281250002 0.2 0.23958333281250002 0.2234375 0.23125 0.221875 0.2125 0.2265625 0.20625 0.2046875 0.14791666718750002 0.1734375 0.1583333328125 0.1765625 0.19375
1 0 0.1208333328125 0.0140625 0.13333333281249998 0.071875 0.1541666671875 0.103125 0.175 0.1328125 0.1854166671875 0.146875 0.1854166671875 0.153125 0.17916666718750002 0.159375 0.1541666671875 0.159375 0.13333333281249998 0.1515625 0.1208333328125 0.0390625 0.07291666718749999 0.0109375 0.07083333281250001 0 0.0770833328125 0 0.1208333328125
1 0.11875 0.0395833328125 0.21875 0.1270833328125 0.221875 0.1270833328125 0.240625 0.10625 0.246875 0.0875 0.2453125 0.075 0.2375 0.05 0.1953125 0.00625 0.0890625 0.0020833328125000002 0.11875 0.0395833328125
1 0.1015625 0.34375 0.1203125 0.3791666671875 0.125 0.3791666671875 0.2078125 0.3416666671875 0.2078125 0.30625 0.1875 0.2645833328125 0.0984375 0.30416666718749996 0.096875 0.3270833328125 0.1015625 0.34375
1 0.0828125 0.5125 0.1046875 0.5333333328125 0.1078125 0.5333333328125 0.128125 0.5 0.1484375 0.49791666718750005 0.1796875 0.48333333281249996 0.2015625 0.4625 0.2078125 0.425 0.1875 0.36875 0.1734375 0.36666666718749996 0.1546875 0.3875 0.1203125 0.3916666671875 0.0890625 0.4166666671875 0.0875 0.43125 0.109375 0.48541666718750004 0.0828125 0.50625 0.0828125 0.5125
1 0.290625 0.6395833328125 0.2984375 0.6479166671875001 0.309375 0.6479166671875001 0.3125 0.6354166671875 0.325 0.6270833328125 0.340625 0.6020833328124999 0.3484375 0.5770833328125 0.3734375 0.55625 0.3875 0.5270833328125 0.3875 0.4916666671875 0.3796875 0.47083333281249995 0.3796875 0.4479166671875 0.3640625 0.43333333281249997 0.35 0.43333333281249997 0.340625 0.44375 0.309375 0.45625 0.290625 0.4875 0.2890625 0.525 0.3015625 0.5625 0.2890625 0.6125 0.290625 0.6395833328125
1 0.384375 0.6604166671875 0.41171875 0.6708333328125 0.4203125 0.6708333328125 0.4390625 0.65625 0.4671875 0.5645833328125 0.4640625 0.5395833328124999 0.43125 0.525 0.41875 0.525 0.403125 0.5375 0.3796875 0.6229166671875 0.384375 0.6604166671875
1 0.4484375 0.425 0.503125 0.45416666718750004 0.5078125 0.45416666718750004 0.521875 0.44375 0.5328125 0.4166666671875 0.5453125 0.3770833328125 0.54375 0.3541666671875 0.5265625 0.33541666718749996 0.471875 0.3 0.45 0.28958333281250004 0.434375 0.2916666671875 0.4078125 0.35625 0.40625 0.38333333281250004 0.4109375 0.3958333328125 0.4484375 0.425
1 0.478125 0.8354166671875 0.4875 0.8354166671875 0.496875 0.8354166671875 0.509375 0.8229166671874999 0.5140625 0.80625 0.53125 0.79375 0.5359375 0.775 0.528125 0.7583333328124999 0.471875 0.6916666671875 0.4578125 0.6895833328125 0.446875 0.6979166671875 0.4359375 0.725 0.4203125 0.7354166671875 0.4171875 0.75625 0.421875 0.7708333328125 0.4671875 0.825 0.478125 0.8354166671875
1 0.521875 0.7479166671875 0.5796875 0.775 0.58125 0.7729166671875001 0.5890625 0.7645833328125 0.596875 0.725 0.5953125 0.6666666671875 0.5390625 0.6416666671875 0.53125 0.65 0.521875 0.6875 0.521875 0.7479166671875
1 0.4796875 0.50625 0.49375 0.5270833328125 0.50625 0.5270833328125 0.5265625 0.5229166671875001 0.5328125 0.5125 0.5328125 0.5 0.525 0.4875 0.5171875 0.45416666718750004 0.4953125 0.45416666718750004 0.484375 0.47083333281249995 0.4796875 0.50625