1 0.7234375 0.44375 0.73125 0.45208333281249996 0.75 0.44375 0.765625 0.45208333281249996 0.771875 0.43541666718750005 0.7671875 0.3854166671875 0.7765625 0.3708333328125 0.7765625 0.3416666671875 0.76875 0.325 0.74375 0.3125 0.734375 0.3125 0.728125 0.3541666671875 0.71875 0.375 0.734375 0.40625 0.7328125 0.42083333281249996 0.7234375 0.43125 0.7234375 0.44375
1 0.66875 0.6291666671875 0.675 0.6333333328124999 0.678125 0.6770833328125 0.6875 0.7041666671875 0.7234375 0.7020833328125 0.73125 0.6958333328124999 0.7296875 0.6270833328125 0.74375 0.5833333328125 0.7375 0.5645833328125 0.715625 0.5604166671875 0.7109375 0.5604166671875 0.6859375 0.56875 0.640625 0.5666666671875 0.6265625 0.5854166671875001 0.634375 0.6375 0.6546875 0.64375 0.66875 0.6291666671875
1 0.6234375 0.68125 0.615625 0.6583333328125 0.59375 0.6333333328124999 0.5828125 0.6333333328124999 0.571875 0.64375 0.5703125 0.6583333328125 0.6 0.70625 0.6109375 0.7083333328125 0.621875 0.6958333328124999 0.6234375 0.68125
1 0.6171875 0.9208333328125 0.625 0.9395833328125001 0.6484375 0.95625 0.6734375 0.95 0.690625 0.91875 0.6890625 0.8854166671874999 0.6765625 0.8625 0.6609375 0.8520833328125 0.65234375 0.8520833328125 0.625 0.8645833328125001 0.6078125 0.85625 0.6 0.8604166671875 0.6 0.8708333328125001 0.615625 0.8875 0.6171875 0.9208333328125
1 0.4703125 0.8333333328125001 0.4859375 0.85625 0.515625 0.8729166671874999 0.5390625 0.8729166671874999 0.565625 0.8583333328125 0.584375 0.83125 0.59375 0.8 0.59375 0.7604166671875 0.5828125 0.7270833328124999 0.559375 0.7 0.5328125 0.6895833328125 0.52265625 0.6895833328125 0.50625 0.6916666671875 0.4875 0.7041666671875 0.4671875 0.7354166671875 0.459375 0.76875 0.4609375 0.8041666671875 0.4703125 0.8333333328125001
1 0.5421875 0.9979166671874999 0.55 0.9770833328125 0.5515625 0.9395833328125001 0.540625 0.9083333328125001 0.5140625 0.8854166671874999 0.50625 0.8854166671874999 0.4765625 0.8916666671875 0.4578125 0.9166666671874999 0.4515625 0.9354166671874999 0.4515625 0.9708333328125001 0.4609375 0.9979166671874999 0.5421875 0.9979166671874999
1 0.4359375 0.8333333328125001 0.434375 0.8083333328125001 0.4171875 0.79375 0.415625 0.79375 0.3921875 0.8166666671874999 0.3875 0.8333333328125001 0.3921875 0.8520833328125 0.4078125 0.8645833328125001 0.425 0.8583333328125 0.4359375 0.8333333328125001
1 0.390625 0.8166666671874999 0.4078125 0.7833333328125 0.403125 0.75625 0.390625 0.7458333328125 0.3817703125 0.7458333328125 0.359375 0.7479166671875 0.334375 0.7770833328125 0.3265625 0.8083333328125001 0.3375 0.8270833328125 0.375 0.8291666671875 0.390625 0.8166666671874999
1 0.2671875 0.8958333328125001 0.29375 0.9145833328125 0.3203125 0.9020833328125001 0.340625 0.8604166671875 0.340625 0.8354166671875 0.325 0.8145833328125001 0.31875 0.78125 0.3125 0.78125 0.3015625 0.8083333328125001 0.28125 0.8145833328125001 0.2671875 0.8291666671875 0.259375 0.8541666671874999 0.259375 0.8729166671874999 0.2671875 0.8958333328125001
1 0.2234375 0.76875 0.2 0.7604166671875 0.1921875 0.7604166671875 0.1765625 0.80625 0.1734375 0.8416666671874999 0.2046875 0.8520833328125 0.2265625 0.79375 0.221875 0.7875 0.2234375 0.76875
1 0 0.9229166671875 0.0109375 0.9291666671875 0.0390625 0.9270833328125001 0.1515625 0.8791666671874999 0.159375 0.8666666671875 0.159375 0.8458333328125001 0.153125 0.8208333328125 0.146875 0.8145833328125001 0.1328125 0.8145833328125001 0.103125 0.825 0.071875 0.8458333328125001 0.0140625 0.8666666671875 0 0.8791666671874999 0 0.9229166671875
1 0.246875 0.9125 0.240625 0.89375 0.221875 0.8729166671874999 0.21875 0.8729166671874999 0.11875 0.9604166671875 0.0890625 0.9979166671874999 0.1953125 0.99375 0.2375 0.95 0.2453125 0.925 0.246875 0.9125
1 0.2078125 0.6583333328125 0.125 0.6208333328125 0.1203125 0.6208333328125 0.1015625 0.65625 0.096875 0.6729166671875 0.0984375 0.6958333328124999 0.1875 0.7354166671875 0.2078125 0.69375 0.2078125 0.6583333328125
1 0.1203125 0.6083333328125 0.1546875 0.6125 0.1734375 0.6333333328124999 0.1875 0.63125 0.2078125 0.575 0.2015625 0.5375 0.1796875 0.5166666671875 0.1484375 0.5020833328125 0.128125 0.5 0.1078125 0.46666666718750005 0.1046875 0.46666666718750005 0.0828125 0.4875 0.0828125 0.49375 0.109375 0.5145833328125 0.0875 0.56875 0.0890625 0.5833333328125 0.1203125 0.6083333328125
1 0.309375 0.54375 0.340625 0.55625 0.35 0.5666666671875 0.3640625 0.5666666671875 0.3796875 0.5520833328125 0.3796875 0.5291666671875 0.3875 0.5083333328124999 0.3875 0.47291666718750003 0.3734375 0.44375 0.3484375 0.42291666718750004 0.340625 0.39791666718749996 0.325 0.3729166671875 0.3125 0.3645833328125 0.309375 0.35208333281250004 0.2984375 0.35208333281250004 0.290625 0.3604166671875 0.2890625 0.3875 0.3015625 0.4375 0.2890625 0.475 0.290625 0.5125 0.309375 0.54375
1 0.4640625 0.4604166671875 0.4671875 0.43541666718750005 0.4390625 0.34375 0.4203125 0.3291666671875 0.41171875 0.3291666671875 0.384375 0.3395833328125 0.3796875 0.3770833328125 0.403125 0.4625 0.41875 0.475 0.43125 0.475 0.4640625 0.4604166671875
1 0.45 0.7104166671875001 0.471875 0.7 0.5265625 0.6645833328124999 0.54375 0.6458333328125 0.5453125 0.6229166671875 0.5328125 0.5833333328125 0.521875 0.55625 0.5078125 0.5458333328125 0.503125 0.5458333328125 0.4484375 0.575 0.4109375 0.6041666671875 0.40625 0.6166666671875001 0.4078125 0.64375 0.434375 0.7083333328125 0.45 0.7104166671875001
1 0.4359375 0.275 0.446875 0.3020833328125 0.4578125 0.3104166671875 0.471875 0.3083333328125 0.528125 0.2416666671875 0.5359375 0.225 0.53125 0.20625 0.5140625 0.19375 0.509375 0.1770833328125 0.496875 0.16458333281249998 0.4875 0.16458333281249998 0.478125 0.16458333281249998 0.4671875 0.175 0.421875 0.22916666718749998 0.4171875 0.24375 0.4203125 0.2645833328125 0.4359375 0.275
1 0.596875 0.275 0.5890625 0.23541666718749998 0.58125 0.2270833328125 0.5796875 0.225 0.521875 0.2520833328125 0.521875 0.3125 0.53125 0.35 0.5390625 0.3583333328125 0.5953125 0.3333333328125 0.596875 0.275
1 0.5328125 0.5 0.5328125 0.4875 0.5265625 0.4770833328125 0.50625 0.47291666718750003 0.49375 0.47291666718750003 0.4796875 0.49375 0.484375 0.5291666671875 0.4953125 0.5458333328125 0.5171875 0.5458333328125 0.525 0.5125 0.5328125 0.5