1 0.6166666671875001 0.4921875 0.6166666671875001 0.467578125 0.6166666671875001 0.459375 0.5979166671875 0.4203125 0.575 0.4015625 0.55 0.3921875 0.5208333328125 0.390625 0.4770833328125 0.4046875 0.40416666718750005 0.4515625 0.39375 0.4671875 0.39375 0.4796875 0.40416666718750005 0.5015625 0.4166666671875 0.509375 0.47291666718750003 0.53125 0.5416666671875 0.5484375 0.5604166671875 0.56875 0.5875 0.575 0.6020833328124999 0.5625 0.5979166671875 0.528125 0.6166666671875001 0.4921875
1 0.36666666718749996 0.603125 0.3729166671875 0.5890625 0.3729166671875 0.58125 0.3333333328125 0.5734375 0.3125 0.5421875 0.2708333328125 0.5234375 0.2520833328125 0.4921875 0.23333333281250002 0.48125 0.1395833328125 0.4578125 0.1208333328125 0.45625 0.1145833328125 0.4609375 0.12291666718750001 0.4875 0.1 0.515625 0.0979166671875 0.55 0.0770833328125 0.5703125 0.0770833328125 0.58125 0.0895833328125 0.59375 0.12291666718750001 0.6 0.21458333281250003 0.596875 0.2208333328125 0.6 0.225 0.625 0.2375 0.63125 0.2625 0.6328125 0.2916666671875 0.6234375 0.3104166671875 0.603125 0.36666666718749996 0.603125
1 0.4875 0.6484375 0.49583333281249997 0.62421875 0.49583333281249997 0.6140625 0.48333333281249996 0.6 0.4625 0.5921875 0.45 0.590625 0.425 0.5984375 0.4166666671875 0.58125 0.42291666718750004 0.5578125 0.41041666718750003 0.5515625 0.3791666671875 0.5515625 0.3645833328125 0.55625 0.34375 0.5734375 0.3729166671875 0.5859375 0.3729166671875 0.596875 0.3583333328125 0.6046875 0.31875 0.603125 0.3083333328125 0.621875 0.3083333328125 0.6390625 0.33125 0.6640625 0.35 0.6703125 0.4458333328125 0.6734375 0.46666666718750005 0.65625 0.4875 0.6484375
1 0.1604166671875 0.7921875 0.175 0.775 0.175 0.7671875 0.14791666718750002 0.7390625 0.11875 0.68125 0.0958333328125 0.6625 0.0479166671875 0.6484375 0.0020833328125000002 0.6484375 0.0020833328125000002 0.8140625 0.0395833328125 0.8234375 0.08333333281250001 0.825 0.10833333281249999 0.8140625 0.1208333328125 0.7953125 0.1604166671875 0.7921875
1 0.13333333281249998 0.240625 0.14375 0.21875 0.14375 0.2140625 0.13333333281249998 0.1625 0.11041666718750001 0.140625 0.08333333281250001 0.1296875 0.0020833328125000002 0.1234375 0.0020833328125000002 0.2828125 0.029166667187500002 0.284375 0.060416667187499995 0.278125 0.0958333328125 0.2515625 0.1145833328125 0.2515625 0.13333333281249998 0.240625
1 0.2625 0.153125 0.2645833328125 0.13203125 0.2645833328125 0.1234375 0.2375 0.090625 0.23333333281250002 0.0734375 0.20625 0.0609375 0.1833333328125 0.065625 0.1666666671875 0.0875 0.13333333281249998 0.0890625 0.12291666718750001 0.09375 0.0895833328125 0.11875 0.0875 0.128125 0.11875 0.1421875 0.1354166671875 0.159375 0.1395833328125 0.1734375 0.1458333328125 0.2234375 0.1416666671875 0.234375 0.1208333328125 0.2484375 0.1208333328125 0.2546875 0.1625 0.2671875 0.19375 0.265625 0.21458333281250003 0.25625 0.25 0.209375 0.2479166671875 0.1703125 0.2625 0.153125
1 0.40416666718750005 0.2796875 0.4166666671875 0.25 0.4166666671875 0.240625 0.39375 0.1859375 0.3729166671875 0.16875 0.3145833328125 0.1609375 0.3020833328125 0.1625 0.26875 0.18125 0.25625 0.190625 0.2520833328125 0.2140625 0.2520833328125 0.3 0.2645833328125 0.33125 0.2833333328125 0.3390625 0.3291666671875 0.340625 0.3916666671875 0.3234375 0.40625 0.3078125 0.40416666718750005 0.2796875
1 0.70625 0.25625 0.8520833328125 0.225 0.8520833328125 0.2203125 0.8270833328125 0.196875 0.80625 0.1875 0.7604166671875 0.1875 0.7291666671875 0.1984375 0.7208333328125 0.20625 0.6979166671875 0.2484375 0.70625 0.25625
1 0.8729166671874999 0.659375 0.8770833328125001 0.62890625 0.8770833328125001 0.61875 0.8666666671875 0.5890625 0.85 0.56875 0.825 0.553125 0.78125 0.5421875 0.6083333328125 0.5421875 0.6041666671875 0.5671875 0.5875 0.578125 0.5583333328125 0.571875 0.53125 0.55 0.5145833328125 0.5609375 0.49375 0.590625 0.5041666671875 0.6171875 0.49791666718750005 0.64375 0.5270833328125 0.675 0.5541666671875001 0.6828125 0.69375 0.7 0.8083333328125001 0.7015625 0.8395833328125001 0.6921875 0.8729166671874999 0.659375
1 0.5583333328125 0.1734375 0.5854166671875001 0.134375 0.5854166671875001 0.128125 0.56875 0.0984375 0.5770833328125 0.053125 0.5541666671875001 0.0171875 0.5 0.0015625 0.3104166671875 0.0015625 0.30625 0.00625 0.2979166671875 0.04375 0.3020833328125 0.0625 0.3166666671875 0.0796875 0.3104166671875 0.1375 0.33125 0.1546875 0.40208333281249997 0.15625 0.425 0.165625 0.48125 0.1671875 0.5145833328125 0.1765625 0.5583333328125 0.1734375
1 0.7458333328125 0.0390625 0.7583333328124999 0.003125 0.7583333328124999 0.0015625 0.5145833328125 0.003125 0.5583333328125 0.01875 0.5875 0.0640625 0.6270833328125 0.0734375 0.6625 0.0734375 0.7 0.06875 0.725 0.059375 0.7458333328125 0.0390625