1 0.221875 0.5020833328125 0.221875 0.53125 0.23125 0.5604166671875 0.246875 0.58125 0.2734375 0.5979166671875 0.3 0.5979166671875 0.3234375 0.5875 0.34375 0.5666666671875 0.35625 0.54375 0.3625 0.51875 0.359375 0.4791666671875 0.35 0.4583333328125 0.33125 0.4375 0.3 0.425 0.29375 0.425 0.2734375 0.4291666671875 0.2453125 0.45 0.228125 0.4770833328125 0.221875 0.5020833328125
1 0.196875 0.6916666671875 0.196875 0.71875 0.2671875 0.7958333328125 0.2703125 0.825 0.2875 0.8458333328125001 0.3046875 0.8583333328125 0.34375 0.86875 0.346875 0.8729166671874999 0.3390625 0.89375 0.340625 0.9020833328125001 0.409375 0.9833333328125 0.4203125 0.9854166671875 0.4359375 0.9625 0.434375 0.9479166671874999 0.4203125 0.93125 0.421875 0.9229166671875 0.43125 0.9166666671874999 0.453125 0.93125 0.465625 0.9145833328125 0.46875 0.89375 0.3921875 0.7979166671875 0.3796875 0.7479166671875 0.3640625 0.7208333328125 0.346875 0.70625 0.3296875 0.7041666671875 0.29375 0.6604166671875 0.2546875 0.63125 0.2421875 0.63125 0.228125 0.6458333328125 0.225 0.6645833328124999 0.2046875 0.6770833328125 0.196875 0.6916666671875
1 0.4984375 0.9083333328125001 0.5421875 0.9958333328125001 0.596875 0.9979166671874999 0.6125 0.98125 0.6234375 0.9833333328125 0.628125 0.9729166671874999 0.640625 0.96875 0.64375 0.9541666671875 0.6296875 0.9166666671874999 0.584375 0.8375 0.5359375 0.7833333328125 0.48125 0.75 0.478125 0.75 0.4703125 0.7583333328124999 0.4703125 0.7854166671875 0.4796875 0.8479166671874999 0.4984375 0.9083333328125001
1 0.7234375 0.8833333328125 0.6609375 0.8625 0.6578125 0.8625 0.6515625 0.9041666671874999 0.6546875 0.9104166671874999 0.7203125 0.93125 0.7234375 0.8833333328125
1 0.7234375 0.9833333328125 0.675 0.9520833328125 0.671875 0.9520833328125 0.65625 0.9875 0.65625 0.9979166671874999 0.7234375 0.9979166671874999 0.7234375 0.9833333328125
1 0.840625 0.5708333328124999 0.853125 0.5708333328124999 0.8703125 0.5583333328125 0.884375 0.5354166671875 0.8765625 0.48541666718750004 0.8546875 0.48541666718750004 0.846875 0.48541666718750004 0.8328125 0.49375 0.815625 0.5270833328125 0.821875 0.5583333328125 0.840625 0.5708333328124999
1 0.75 0.3854166671875 0.765625 0.4 0.7796875 0.39791666718749996 0.8125 0.375 0.8296875 0.3791666671875 0.8375 0.3729166671875 0.8375 0.3625 0.825 0.35 0.815625 0.32083333281250004 0.8015625 0.30625 0.7859375 0.3 0.7828125 0.3 0.7671875 0.30625 0.759375 0.3166666671875 0.7515625 0.34375 0.75 0.3854166671875
1 0.746875 0.5083333328124999 0.765625 0.48125 0.7640625 0.45416666718750004 0.7546875 0.43958333281249995 0.7265625 0.43125 0.7171875 0.42083333281249996 0.7140625 0.42083333281249996 0.703125 0.4791666671875 0.7109375 0.4791666671875 0.7234375 0.5 0.746875 0.5083333328124999
1 0.6546875 0.4375 0.6703125 0.43541666718750005 0.678125 0.41875 0.6921875 0.3645833328125 0.6921875 0.3145833328125 0.6890625 0.3145833328125 0.653125 0.3541666671875 0.6453125 0.375 0.646875 0.4270833328125 0.6546875 0.4375
1 0.609375 0.4166666671875 0.6140625 0.375 0.6109375 0.3645833328125 0.59375 0.35208333281250004 0.5859375 0.35208333281250004 0.5578125 0.3958333328125 0.5734375 0.425 0.5953125 0.43333333281249997 0.609375 0.4166666671875
1 0.55 0.22291666718749997 0.5453125 0.23958333281250002 0.55 0.2854166671875 0.559375 0.3083333328125 0.5671875 0.3145833328125 0.590625 0.3104166671875 0.634375 0.28958333281250004 0.6453125 0.2770833328125 0.6484375 0.2645833328125 0.640625 0.2 0.6296875 0.1916666671875 0.6078125 0.19375 0.603125 0.1875 0.6015625 0.16458333281249998 0.590625 0.1583333328125 0.5875 0.1583333328125 0.5703125 0.1666666671875 0.5640625 0.1833333328125 0.5625 0.2104166671875 0.55 0.22291666718749997
1 0.4890625 0.25625 0.5 0.25833333281250004 0.53125 0.21458333281250003 0.5328125 0.20208333281250002 0.525 0.1875 0.5359375 0.1666666671875 0.5359375 0.15625 0.496875 0.1416666671875 0.4890625 0.1416666671875 0.453125 0.1833333328125 0.45 0.2270833328125 0.465625 0.23333333281250002 0.4890625 0.25625
1 0.3484375 0.1770833328125 0.3453125 0.22916666718749998 0.3609375 0.23958333281250002 0.40625 0.2479166671875 0.4140625 0.2708333328125 0.4328125 0.27291666718749996 0.4390625 0.2645833328125 0.4453125 0.225 0.446875 0.1375 0.425 0.1270833328125 0.4109375 0.1270833328125 0.3984375 0.13333333281249998 0.3953125 0.15625 0.384375 0.175 0.3484375 0.1770833328125
1 0.3921875 0.5041666671875 0.371875 0.5166666671875 0.3671875 0.5333333328125 0.371875 0.54375 0.3953125 0.5541666671875001 0.4140625 0.5791666671875 0.4421875 0.5854166671875001 0.4671875 0.5645833328125 0.4734375 0.5395833328124999 0.4734375 0.5125 0.5015625 0.4770833328125 0.509375 0.475 0.5109375 0.46458333281249997 0.50625 0.4479166671875 0.496875 0.4375 0.4734375 0.47083333281249995 0.459375 0.45 0.4390625 0.44166666718750003 0.4265625 0.425 0.41875 0.425 0.4125 0.43125 0.4109375 0.4479166671875 0.39375 0.47291666718750003 0.3921875 0.5041666671875
1 0.78125 0.79375 0.7890625 0.8125 0.7890625 0.8291666671875 0.859375 0.79375 0.8875 0.7125 0.884375 0.6979166671875 0.8203125 0.64375 0.815625 0.64375 0.7609375 0.6958333328124999 0.7359375 0.75 0.7453125 0.7645833328125 0.78125 0.79375
1 0.884375 0.6416666671875 0.88125 0.6291666671875 0.853125 0.5958333328125 0.846875 0.5958333328125 0.828125 0.6479166671875001 0.871875 0.68125 0.884375 0.6541666671875 0.884375 0.6416666671875
1 0.759375 0.6604166671875 0.775 0.6770833328125 0.79375 0.6625 0.825 0.6145833328125 0.7828125 0.5625 0.78125 0.5625 0.753125 0.6041666671875 0.75625 0.6229166671875 0.76875 0.6375 0.759375 0.6604166671875
1 0.659375 0.7083333328125 0.6765625 0.7 0.665625 0.6895833328125 0.675 0.6770833328125 0.65 0.6666666671875 0.6453125 0.6479166671875001 0.6364578125 0.6479166671875001 0.61875 0.6479166671875001 0.609375 0.6583333328125 0.6109375 0.6854166671875 0.659375 0.7083333328125
1 0.5015625 0.55625 0.5015625 0.5708333328124999 0.5125 0.5833333328125 0.5125 0.6395833328125 0.528125 0.6666666671875 0.546875 0.6770833328125 0.5609375 0.6770833328125 0.5796875 0.6666666671875 0.64375 0.5645833328125 0.640625 0.5104166671875 0.63125 0.4916666671875 0.603125 0.4625 0.5765625 0.45625 0.575 0.45416666718750004 0.5453125 0.46458333281249997 0.5296875 0.48125 0.5171875 0.5291666671875 0.5015625 0.55625