1 0.56875 0.78125 0.575 0.80625 0.5953125 0.825 0.6015625 0.85 0.6109375 0.8645833328125001 0.6375 0.8770833328125001 0.6515625 0.8770833328125001 0.665625 0.8666666671875 0.675 0.8458333328125001 0.6703125 0.8104166671874999 0.65 0.7895833328124999 0.640625 0.7625 0.61875 0.74375 0.6109375 0.7208333328125 0.5734375 0.7 0.571875 0.7 0.55625 0.71875 0.5546875 0.7395833328125 0.55625 0.7666666671875 0.56875 0.78125
1 0.4734375 0.69375 0.46875 0.7145833328125 0.48125 0.7541666671875 0.5015625 0.7791666671875 0.521875 0.79375 0.5375 0.7916666671875 0.55 0.775 0.5546875 0.7604166671875 0.55 0.725 0.5703125 0.7 0.575 0.675 0.5734375 0.65625 0.5515625 0.6333333328124999 0.546875 0.6333333328124999 0.51875 0.6541666671875 0.5109375 0.675 0.48125 0.6833333328125 0.4734375 0.69375
1 0.4640625 0.6854166671875 0.5 0.625 0.5125 0.6083333328125 0.5234375 0.60625 0.525 0.5833333328125 0.4734375 0.5291666671875 0.4625 0.5083333328124999 0.4390625 0.49791666718750005 0.4328125 0.49791666718750005 0.3828125 0.6020833328124999 0.43125 0.6541666671875 0.4421875 0.6729166671875 0.4640625 0.6854166671875
1 0.2765625 0.5041666671875 0.25625 0.5583333328125 0.2703125 0.58125 0.290625 0.5916666671875 0.3265625 0.5979166671875 0.34375 0.5770833328125 0.38125 0.49375 0.3921875 0.43958333281249995 0.4 0.43125 0.3984375 0.41875 0.4078125 0.3958333328125 0.4078125 0.3791666671875 0.4234375 0.3458333328125 0.4203125 0.33541666718749996 0.4125 0.33541666718749996 0.3734375 0.3854166671875 0.3421875 0.40416666718750005 0.33125 0.43333333281249997 0.2765625 0.5041666671875
1 0.33125 0.43333333281249997 0.340625 0.40625 0.3640625 0.3916666671875 0.3421875 0.375 0.3296875 0.375 0.2765625 0.48333333281249996 0.2703125 0.5166666671875 0.3109375 0.45416666718750004 0.33125 0.43333333281249997
1 0.40625 0.43958333281249995 0.4015625 0.43541666718750005 0.4 0.43541666718750005 0.3921875 0.4458333328125 0.384375 0.4916666671875 0.4046875 0.45208333281249996 0.40625 0.43958333281249995
1 0.14375 0.3770833328125 0.165625 0.40416666718750005 0.1984375 0.4270833328125 0.2390625 0.43541666718750005 0.275 0.41875 0.303125 0.3916666671875 0.296875 0.36666666718749996 0.2515625 0.3166666671875 0.190625 0.2666666671875 0.15 0.24583333281250003 0.1375 0.24583333281250003 0.13125 0.2541666671875 0.1265625 0.2854166671875 0.1296875 0.34375 0.14375 0.3770833328125
1 0.3921875 0.5604166671875 0.4015625 0.5583333328125 0.43125 0.49791666718750005 0.4484375 0.5 0.4640625 0.5125 0.440625 0.4770833328125 0.4078125 0.45416666718750004 0.40625 0.45416666718750004 0.3890625 0.48125 0.3703125 0.5270833328125 0.375 0.5458333328125 0.3921875 0.5604166671875
1 0.7125 0.875 0.7453125 0.8916666671875 0.75625 0.8875 0.7484375 0.8625 0.7234375 0.8270833328125 0.68125 0.7833333328125 0.6578125 0.7708333328125 0.6515625 0.7708333328125 0.65 0.78125 0.6703125 0.8041666671875 0.68125 0.8458333328125001 0.7125 0.875
1 0.7734375 0.9625 0.7859375 0.9979166671874999 0.8421875 0.9979166671874999 0.8359375 0.9729166671874999 0.8109375 0.9333333328125001 0.778125 0.9041666671874999 0.7640625 0.9 0.7625 0.9 0.7546875 0.9083333328125001 0.753125 0.9229166671875 0.7453125 0.9354166671874999 0.7734375 0.9625
1 0.675 0.9979166671874999 0.7828125 0.9979166671874999 0.778125 0.975 0.7625 0.9541666671875 0.71875 0.9270833328125001 0.709375 0.9270833328125001 0.6921875 0.9291666671875 0.6765625 0.9458333328125 0.671875 0.9604166671875 0.675 0.9979166671874999
1 0.765625 0.8479166671874999 0.7984375 0.8020833328125001 0.8 0.7895833328124999 0.771875 0.7479166671875 0.7375 0.7229166671875 0.7296875 0.7229166671875 0.6984375 0.75625 0.690625 0.7895833328124999 0.75625 0.8708333328125001 0.765625 0.8479166671874999
1 0.575 0.6916666671875 0.6 0.7083333328125 0.6078125 0.7083333328125 0.6140625 0.7 0.6671875 0.6020833328124999 0.621875 0.5604166671875 0.6109375 0.5458333328125 0.6 0.59375 0.565625 0.6375 0.578125 0.6604166671875 0.575 0.6916666671875
1 0.5328125 0.49375 0.515625 0.51875 0.503125 0.5583333328125 0.5265625 0.5875 0.4796875 0.6645833328124999 0.484375 0.6791666671875001 0.5140625 0.6708333328125 0.515625 0.6583333328125 0.5390625 0.6354166671875 0.5640625 0.6375 0.6 0.5895833328125 0.6078125 0.5604166671875 0.6046875 0.5125 0.6109375 0.5041666671875 0.6078125 0.4895833328125 0.6140625 0.475 0.6140625 0.46458333281249997 0.6015625 0.45416666718750004 0.6 0.45416666718750004 0.5859375 0.47083333281249995 0.5765625 0.46875 0.56875 0.48125 0.5328125 0.49375