1 0.4984375 0.4166666671875 0.496875 0.43333333281249997 0.5046875 0.45 0.51875 0.45625 0.534375 0.45416666718750004 0.5765625 0.44166666718750003 0.59375 0.4270833328125 0.5953125 0.40208333281249997 0.5859375 0.38333333281250004 0.5875 0.3729166671875 0.58125 0.35625 0.565625 0.34375 0.5640625 0.34375 0.496875 0.3645833328125 0.4875 0.375 0.4875 0.39791666718749996 0.4984375 0.4166666671875
1 0.4875 0.5520833328125 0.5140625 0.5583333328125 0.525 0.5416666671875 0.5296875 0.5104166671875 0.5265625 0.4791666671875 0.509375 0.45416666718750004 0.503125 0.45416666718750004 0.4796875 0.4791666671875 0.4734375 0.49791666718750005 0.4734375 0.51875 0.4875 0.5520833328125
1 0.271875 0.43958333281249995 0.26875 0.47291666718750003 0.2796875 0.48125 0.2953125 0.4583333328125 0.3109375 0.46458333281249997 0.315625 0.4479166671875 0.29375 0.40416666718750005 0.290625 0.3625 0.275 0.3395833328125 0.2453125 0.3395833328125 0.2359375 0.3395833328125 0.2328125 0.3479166671875 0.246875 0.39791666718749996 0.24375 0.4125 0.271875 0.43958333281249995
1 0.5296875 0.83125 0.528125 0.85625 0.534375 0.8645833328125001 0.540625 0.8625 0.5546875 0.8375 0.571875 0.8291666671875 0.5859375 0.8041666671875 0.5875 0.78125 0.5796875 0.75625 0.5578125 0.7354166671875 0.54921875 0.7354166671875 0.528125 0.74375 0.5125 0.7770833328125 0.5125 0.8020833328125001 0.5296875 0.83125
1 0.634375 0.725 0.6484375 0.73125 0.6984375 0.70625 0.7125 0.6895833328125 0.7140625 0.6729166671875 0.70625 0.66875 0.696875 0.66875 0.6875 0.66875 0.6359375 0.6979166671875 0.63125 0.7041666671875 0.634375 0.725
1 0.2671875 0.7395833328125 0.28125 0.7541666671875 0.2921875 0.8 0.3109375 0.8145833328125001 0.3359375 0.8083333328125001 0.359375 0.76875 0.3609375 0.7479166671875 0.3546875 0.725 0.3296875 0.7041666671875 0.3171875 0.7041666671875 0.2875 0.7270833328124999 0.2734375 0.7208333328125 0.2671875 0.725 0.2671875 0.7395833328125
1 0.15 0.8145833328125001 0.1625 0.83125 0.178125 0.8375 0.2 0.8354166671875 0.228125 0.80625 0.2328125 0.7895833328124999 0.23125 0.7520833328125 0.2453125 0.7416666671875001 0.240625 0.73125 0.23125 0.7416666671875001 0.1984375 0.7229166671875 0.1859375 0.7229166671875 0.16875 0.73125 0.15625 0.7479166671875 0.14375 0.78125 0.15 0.8145833328125001
1 0.24375 0.9979166671874999 0.334375 0.9979166671874999 0.3390625 0.975 0.334375 0.9395833328125001 0.325 0.9229166671875 0.303125 0.9083333328125001 0.29453125 0.9083333328125001 0.271875 0.9145833328125 0.2546875 0.9333333328125001 0.24375 0.9625 0.24375 0.9979166671874999
1 0.425 0.8958333328125001 0.453125 0.8708333328125001 0.4515625 0.85625 0.4140625 0.7791666671875 0.40625 0.7729166671875001 0.403125 0.7729166671875001 0.353125 0.8166666671874999 0.3859375 0.8958333328125001 0.3953125 0.9041666671874999 0.425 0.8958333328125001
1 0.3203125 0.69375 0.334375 0.6916666671875 0.375 0.7208333328125 0.396875 0.71875 0.4125 0.69375 0.4171875 0.6666666671875 0.375 0.6270833328125 0.3265625 0.5958333328125 0.3234375 0.5958333328125 0.309375 0.60625 0.296875 0.6333333328124999 0.30625 0.6833333328125 0.3203125 0.69375
1 0 0.8229166671874999 0.021875 0.7958333328125 0.040625 0.7375 0.0328125 0.6854166671875 0.0015625 0.6458333328125 0 0.6458333328125 0 0.8229166671874999
1 0.43125 0.21875 0.4265625 0.2541666671875 0.4359375 0.2708333328125 0.4375 0.28958333281250004 0.4484375 0.30416666718749996 0.4625 0.3083333328125 0.4859375 0.2916666671875 0.509375 0.2875 0.5171875 0.2770833328125 0.5171875 0.2666666671875 0.5046875 0.2479166671875 0.509375 0.22916666718749998 0.5015625 0.1916666671875 0.50625 0.1833333328125 0.50625 0.1583333328125 0.4953125 0.1541666671875 0.478125 0.1729166671875 0.459375 0.1729166671875 0.4421875 0.1833333328125 0.4375 0.1458333328125 0.43125 0.1458333328125 0.415625 0.1604166671875 0.415625 0.16875 0.421875 0.1770833328125 0.43125 0.21875