1 0.671875 0.8729166671874999 0.6828125 0.8791666671874999 0.6953125 0.8729166671874999 0.7046875 0.8791666671874999 0.7015625 0.86875 0.7109375 0.8645833328125001 0.7015625 0.8541666671874999 0.7015625 0.8395833328125001 0.69375 0.8291666671875 0.70625 0.7895833328124999 0.678125 0.76875 0.6765625 0.7666666671875 0.6203125 0.8666666671875 0.61875 0.8833333328125 0.6484375 0.9104166671874999 0.671875 0.8729166671874999
1 0.4265625 0.8104166671874999 0.4171875 0.8208333328125 0.425 0.8416666671874999 0.496875 0.84375 0.5046875 0.8541666671874999 0.5203125 0.8541666671874999 0.5203125 0.8625 0.5421875 0.8791666671874999 0.6140625 0.8833333328125 0.6171875 0.8708333328125001 0.621875 0.8708333328125001 0.625 0.8416666671874999 0.58125 0.7895833328124999 0.534375 0.7729166671875001 0.4890625 0.7041666671875 0.478125 0.7041666671875 0.48125 0.7354166671875 0.51875 0.7979166671875 0.4859375 0.8083333328125001 0.4265625 0.8104166671874999
1 0.4203125 0.6479166671875001 0.446875 0.6729166671875 0.46875 0.6791666671875001 0.496875 0.675 0.5125 0.6583333328125 0.5171875 0.64375 0.515625 0.625 0.5 0.6 0.4671875 0.5833333328125 0.45703125 0.5833333328125 0.4390625 0.5854166671875001 0.4171875 0.60625 0.4140625 0.6270833328125 0.4203125 0.6479166671875001
1 0.56875 0.6916666671875 0.596875 0.6583333328125 0.6125 0.5958333328125 0.584375 0.5708333328124999 0.58125 0.5708333328124999 0.5390625 0.6041666671875 0.5296875 0.6729166671875 0.546875 0.69375 0.56875 0.6916666671875
1 0.6203125 0.6729166671875 0.6453125 0.6791666671875001 0.6625 0.6479166671875001 0.6609375 0.6354166671875 0.66875 0.61875 0.659375 0.6083333328125 0.65625 0.5895833328125 0.640625 0.5791666671875 0.6296875 0.5791666671875 0.621875 0.6 0.6109375 0.6041666671875 0.6 0.6520833328125 0.6203125 0.6729166671875
1 0.6765625 0.75 0.7125 0.7416666671875001 0.7265625 0.7041666671875 0.71875 0.68125 0.6953125 0.6479166671875001 0.6854171874999999 0.6479166671875001 0.665625 0.6479166671875001 0.64375 0.6854166671875 0.6640625 0.7333333328125 0.6765625 0.75
1 0.703125 0.65 0.7171875 0.6708333328125 0.7296875 0.6708333328125 0.75 0.6541666671875 0.778125 0.6145833328125 0.7765625 0.5833333328125 0.7359375 0.55 0.7234375 0.55 0.69375 0.5770833328125 0.671875 0.6104166671875 0.671875 0.63125 0.703125 0.65
1 0.7203125 0.5145833328125 0.7390625 0.53125 0.7703125 0.5229166671875001 0.78125 0.5041666671875 0.78125 0.48125 0.7625 0.4625 0.7359375 0.45208333281249996 0.7265625 0.45208333281249996 0.715625 0.4604166671875 0.7125 0.475 0.7125 0.49583333281249997 0.7203125 0.5145833328125
1 0.8 0.6458333328125 0.8296875 0.6666666671875 0.8578125 0.66875 0.896875 0.6395833328125 0.9 0.6145833328125 0.878125 0.575 0.846875 0.5541666671875001 0.81875 0.5458333328125 0.81015625 0.5458333328125 0.7875 0.5541666671875001 0.7796875 0.5791666671875 0.7875 0.625 0.8 0.6458333328125
1 0.5875 0.5291666671875 0.6078125 0.5 0.61875 0.47291666718750003 0.61875 0.4583333328125 0.60625 0.44166666718750003 0.571875 0.4270833328125 0.5671875 0.4270833328125 0.559375 0.45 0.5609375 0.5166666671875 0.5671875 0.5270833328125 0.5875 0.5291666671875
1 0.478125 0.55625 0.4953125 0.5541666671875001 0.503125 0.5666666671875 0.5140625 0.5645833328125 0.5171875 0.5416666671875 0.528125 0.5354166671875 0.5296875 0.5125 0.5421875 0.4916666671875 0.5421875 0.48125 0.5296875 0.47083333281249995 0.5375 0.45416666718750004 0.5375 0.4375 0.525 0.425 0.5203125 0.425 0.4859375 0.4895833328125 0.48125 0.5291666671875 0.475 0.54375 0.478125 0.55625
1 0.3984375 0.5229166671875001 0.4078125 0.5354166671875 0.4421875 0.5520833328125 0.4515625 0.5375 0.45625 0.5166666671875 0.45625 0.4791666671875 0.4453125 0.39791666718749996 0.440625 0.39791666718749996 0.4359375 0.41875 0.415625 0.44375 0.4015625 0.4916666671875 0.3984375 0.5229166671875001
1 0.61875 0.6 0.63125 0.5791666671875 0.64375 0.5791666671875 0.6578125 0.5916666671875 0.6609375 0.6083333328125 0.6671875 0.6083333328125 0.6703125 0.575 0.6578125 0.55625 0.6234375 0.5395833328124999 0.6171875 0.5395833328124999 0.603125 0.5541666671875001 0.5984375 0.5708333328124999 0.6140625 0.5958333328125 0.61875 0.6
1 0.325 0.775 0.3625 0.7625 0.3703125 0.7541666671875 0.3796875 0.675 0.3875 0.6875 0.4109375 0.68125 0.4140625 0.6729166671875 0.4046875 0.66875 0.4109375 0.65625 0.4140625 0.6645833328124999 0.415625 0.65625 0.4015625 0.65 0.3953125 0.6354166671875 0.3875 0.6333333328124999 0.384375 0.6416666671875 0.375 0.6333333328124999 0.36875 0.6104166671875 0.35625 0.5958333328125 0.347265625 0.5958333328125 0.3015625 0.6 0.2921875 0.6208333328125 0.290625 0.6770833328125 0.296875 0.7145833328125 0.3125 0.76875 0.325 0.775
1 0.359375 0.6604166671875 0.375 0.6770833328125 0.3796875 0.6958333328124999 0.40625 0.6875 0.4171875 0.6708333328125 0.4125 0.6208333328125 0.3953125 0.6145833328125 0.3859375 0.6145833328125 0.3703125 0.6166666671875001 0.36875 0.6291666671875 0.359375 0.6375 0.359375 0.6604166671875
1 0.29375 0.6833333328125 0.29375 0.6625 0.303125 0.6416666671875 0.2953125 0.6333333328124999 0.296875 0.6208333328125 0.2953125 0.61875 0.29375 0.6458333328125 0.2984375 0.65 0.290625 0.6583333328125 0.29375 0.6833333328125