1 0.25625 0.9166666671874999 0.265625 0.91875 0.396875 0.8145833328125001 0.4046875 0.8041666671875 0.415625 0.7625 0.41875 0.7395833328125 0.4140625 0.73125 0.409375 0.73125 0.2875 0.8333333328125001 0.275 0.8541666671874999 0.2546875 0.9083333328125001 0.25625 0.9166666671874999
1 0.19375 0.89375 0.209375 0.9 0.234375 0.8770833328125001 0.2359375 0.8333333328125001 0.2234375 0.8125 0.2109375 0.8125 0.1859375 0.79375 0.184375 0.7916666671875 0.16875 0.80625 0.1734375 0.85 0.184375 0.88125 0.19375 0.89375
1 0.3015625 0.8145833328125001 0.325 0.79375 0.3421875 0.7645833328125 0.33125 0.725 0.31875 0.7125 0.309375 0.6916666671875 0.3046875 0.6916666671875 0.2765625 0.7145833328125 0.2484375 0.7520833328125 0.2796875 0.7979166671875 0.3015625 0.8145833328125001
1 0.45625 0.4 0.4625 0.40625 0.4703125 0.43333333281249997 0.503125 0.4895833328125 0.49375 0.5 0.4828125 0.5020833328125 0.478125 0.5145833328125 0.4859375 0.5291666671875 0.496875 0.53125 0.5109375 0.55 0.5125 0.575 0.54375 0.59375 0.5703125 0.5625 0.5890625 0.55 0.5953125 0.5354166671875 0.5921875 0.51875 0.5671875 0.50625 0.54375 0.48333333281249996 0.4828125 0.3958333328125 0.45625 0.38333333281250004 0.459375 0.3875 0.4546875 0.3895833328125 0.45625 0.4
1 0.3703125 0.6291666671875 0.359375 0.6416666671875 0.3578125 0.6520833328125 0.36875 0.6833333328125 0.3921875 0.7145833328125 0.415625 0.7083333328125 0.4359375 0.6729166671875 0.4765625 0.65 0.4875 0.6375 0.4890625 0.6041666671875 0.478125 0.5833333328125 0.421875 0.5520833328125 0.4125 0.5520833328125 0.3890625 0.5708333328124999 0.384375 0.6 0.371875 0.6125 0.3703125 0.6291666671875
1 0.1609375 0.86875 0.15 0.88125 0.1390625 0.88125 0.0984375 0.9395833328125001 0.0953125 0.9666666671874999 0.109375 0.9895833328125001 0.11875 0.9854166671875 0.125 0.9708333328125001 0.16875 0.9166666671874999 0.18125 0.8854166671874999 0.171875 0.8583333328125 0.16875 0.8583333328125 0.1640625 0.8645833328125001 0.1703125 0.8645833328125001 0.16875 0.8729166671874999 0.1609375 0.86875
1 0.090625 0.8541666671874999 0.125 0.875 0.146875 0.84375 0.121875 0.7791666671875 0.1125 0.7791666671875 0.071875 0.8229166671874999 0.06875 0.85 0.0796875 0.8583333328125 0.090625 0.8541666671874999
1 0.2265625 0.7645833328125 0.2359375 0.7666666671875 0.275 0.7104166671875001 0.253125 0.6958333328124999 0.25625 0.6770833328125 0.246875 0.6625 0.225 0.65 0.21875 0.65 0.2109375 0.6833333328125 0.2109375 0.70625 0.221875 0.725 0.2265625 0.7645833328125
1 0.165625 0.80625 0.1953125 0.7729166671875001 0.215625 0.78125 0.2265625 0.7708333328125 0.221875 0.7291666671875 0.2140625 0.7104166671875001 0.209375 0.7104166671875001 0.1578125 0.7645833328125 0.14375 0.7854166671875 0.1421875 0.7979166671875 0.165625 0.80625
1 0.328125 0.6291666671875 0.3296875 0.65 0.3375 0.6395833328125 0.3578125 0.63125 0.365625 0.6166666671875001 0.3515625 0.6145833328125 0.3421875 0.5958333328125 0.328125 0.5854166671875001 0.321875 0.5854166671875001 0.3140625 0.5979166671875 0.3140625 0.6083333328125 0.31875 0.6229166671875 0.328125 0.6291666671875
1 0.290625 0.7 0.309375 0.6854166671875 0.3234375 0.6479166671875001 0.321875 0.6458333328125 0.2984375 0.6604166671875 0.28125 0.6854166671875 0.2796875 0.6958333328124999 0.290625 0.7
1 0.2765625 0.6875 0.29375 0.6645833328124999 0.2875 0.6541666671875 0.2859375 0.6520833328125 0.2578125 0.6770833328125 0.25625 0.6958333328124999 0.2640625 0.6979166671875 0.2765625 0.6875
1 0.328125 0.63125 0.3171875 0.6208333328125 0.3125 0.60625 0.3171875 0.5875 0.3125 0.5875 0.275 0.625 0.2953125 0.6604166671875 0.3265625 0.6395833328125 0.328125 0.63125