1 0.13333333281249998 0.3796875 0.23333333281250002 0.3234375 0.23125 0.321875 0.2104166671875 0.29375 0.1708333328125 0.30625 0.1604166671875 0.2984375 0.1458333328125 0.2984375 0.1354166671875 0.2890625 0.13125 0.2984375 0.1208333328125 0.2953125 0.1270833328125 0.3046875 0.1208333328125 0.3171875 0.1270833328125 0.328125 0.0895833328125 0.3515625 0.1166666671875 0.38125 0.13333333281249998 0.3796875
1 0.2645833328125 0.51875 0.2958333328125 0.521875 0.2958333328125 0.5109375 0.2270833328125 0.465625 0.2104166671875 0.41875 0.1583333328125 0.375 0.1291666671875 0.378125 0.1291666671875 0.3828125 0.1166666671875 0.3859375 0.1208333328125 0.4578125 0.1375 0.4796875 0.1458333328125 0.4796875 0.1458333328125 0.4953125 0.15625 0.503125 0.1583333328125 0.575 0.17916666718750002 0.5828125 0.1895833328125 0.5734375 0.1916666671875 0.5140625 0.20208333281250002 0.48125 0.2645833328125 0.51875
1 0.4145833328125 0.5609375 0.4166666671875 0.54296875 0.4166666671875 0.5328125 0.4 0.5 0.375 0.484375 0.35625 0.4828125 0.3416666671875 0.4875 0.325 0.503125 0.32083333281250004 0.53125 0.3270833328125 0.553125 0.35208333281250004 0.5796875 0.3729166671875 0.5859375 0.39375 0.5828125 0.4145833328125 0.5609375
1 0.3958333328125 0.4609375 0.4291666671875 0.41875 0.4291666671875 0.415625 0.40416666718750005 0.3875 0.3416666671875 0.403125 0.3083333328125 0.43125 0.30625 0.453125 0.3270833328125 0.4703125 0.3958333328125 0.4609375
1 0.4 0.378125 0.42083333281249996 0.3703125 0.42083333281249996 0.359375 0.41041666718750003 0.34375 0.3916666671875 0.340625 0.38125 0.33125 0.3645833328125 0.3390625 0.35208333281250004 0.3375 0.32083333281250004 0.3546875 0.3270833328125 0.3796875 0.3479166671875 0.4 0.3958333328125 0.3890625 0.4 0.378125
1 0.35208333281250004 0.334375 0.35208333281250004 0.3145828125 0.35208333281250004 0.3046875 0.31875 0.28125 0.2958333328125 0.2734375 0.25833333281250004 0.2875 0.25 0.3234375 0.2666666671875 0.3359375 0.3145833328125 0.35625 0.35208333281250004 0.334375
1 0.42291666718750004 0.30625 0.45 0.2765625 0.45 0.2640625 0.4166666671875 0.2234375 0.3854166671875 0.221875 0.3458333328125 0.25 0.3291666671875 0.2703125 0.3291666671875 0.2828125 0.35 0.296875 0.36875 0.328125 0.3895833328125 0.328125 0.42291666718750004 0.30625
1 0.5395833328124999 0.284375 0.5479166671875 0.2734375 0.5479166671875 0.2640625 0.5375 0.2375 0.51875 0.21875 0.49583333281249997 0.21875 0.4770833328125 0.2296875 0.46875 0.2609375 0.48541666718750004 0.2796875 0.5041666671875 0.2875 0.525 0.2875 0.5395833328124999 0.284375
1 0.4458333328125 0.2125 0.45416666718750004 0.18984375 0.45416666718750004 0.18125 0.4458333328125 0.153125 0.425 0.121875 0.3854166671875 0.1 0.3604166671875 0.103125 0.33125 0.1421875 0.3333333328125 0.1703125 0.3541666671875 0.2 0.375 0.2125 0.42083333281249996 0.2203125 0.4458333328125 0.2125
1 0.55 0.440625 0.5729166671875 0.4328125 0.5729166671875 0.428125 0.5583333328125 0.39375 0.5416666671875 0.38125 0.5270833328125 0.38125 0.5 0.3921875 0.47083333281249995 0.4125 0.47291666718750003 0.4328125 0.48333333281249996 0.4390625 0.55 0.440625
1 0.5104166671875 0.5140625 0.575 0.4796875 0.575 0.475 0.5625 0.4625 0.5458333328125 0.4625 0.5291666671875 0.4703125 0.51875 0.4578125 0.5083333328124999 0.4578125 0.4875 0.4703125 0.46458333281249997 0.471875 0.4583333328125 0.4828125 0.43541666718750005 0.4859375 0.43333333281249997 0.496875 0.4458333328125 0.5046875 0.44375 0.521875 0.45625 0.525 0.47083333281249995 0.51875 0.5104166671875 0.5140625
1 0.58125 0.5640625 0.6020833328124999 0.559375 0.6020833328124999 0.5546875 0.5208333328125 0.54375 0.48333333281249996 0.54375 0.4625 0.5484375 0.4479166671875 0.5578125 0.46458333281249997 0.5921875 0.4770833328125 0.6015625 0.5083333328124999 0.5984375 0.55625 0.584375 0.58125 0.5640625
1 0.4458333328125 0.396875 0.4604166671875 0.3828125 0.4604166671875 0.3765625 0.44375 0.3421875 0.425 0.3296875 0.3916666671875 0.3328125 0.3916666671875 0.3390625 0.40833333281249995 0.3421875 0.42083333281249996 0.35625 0.42083333281249996 0.36875 0.4 0.38125 0.40416666718750005 0.3859375 0.4291666671875 0.4015625 0.4458333328125 0.396875
1 0.3229166671875 0.709375 0.3791666671875 0.7078125 0.4 0.6984375 0.40416666718750005 0.652734375 0.40416666718750005 0.64375 0.3895833328125 0.63125 0.36666666718749996 0.625 0.3583333328125 0.615625 0.36666666718749996 0.6125 0.3645833328125 0.6046875 0.35 0.5984375 0.34375 0.584375 0.33541666718749996 0.5859375 0.34375 0.5890625 0.33125 0.5953125 0.3270833328125 0.5859375 0.31875 0.5890625 0.3125 0.6125 0.325 0.6203125 0.24583333281250003 0.6296875 0.2375 0.6375 0.225 0.675 0.23125 0.6875 0.2854166671875 0.703125 0.3229166671875 0.709375
1 0.38333333281250004 0.6296875 0.3854166671875 0.6140625 0.3854166671875 0.6046875 0.3791666671875 0.5875 0.3291666671875 0.5828125 0.3125 0.59375 0.30416666718749996 0.6203125 0.3229166671875 0.625 0.3395833328125 0.640625 0.3625 0.640625 0.3708333328125 0.63125 0.38333333281250004 0.6296875
1 0.3541666671875 0.70625 0.38125 0.7046875 0.3791666671875 0.703125 0.36666666718749996 0.7046875 0.3583333328125 0.696875 0.3375 0.70625 0.3166666671875 0.70625 0.3416666671875 0.709375 0.35 0.7015625 0.3541666671875 0.70625