1 0.2875 0.1666666671875 0.409375 0.26875 0.4140625 0.26875 0.41875 0.2604166671875 0.415625 0.2375 0.4046875 0.19583333281249998 0.396875 0.1854166671875 0.265625 0.08125 0.25625 0.08333333281250001 0.2546875 0.0916666671875 0.275 0.1458333328125 0.2875 0.1666666671875
1 0.16875 0.19375 0.184375 0.20833333281250002 0.1859375 0.20625 0.2109375 0.1875 0.2234375 0.1875 0.2359375 0.1666666671875 0.234375 0.12291666718750001 0.209375 0.1 0.19375 0.10625 0.184375 0.11875 0.1734375 0.15 0.16875 0.19375
1 0.2765625 0.2854166671875 0.3046875 0.3083333328125 0.309375 0.3083333328125 0.31875 0.2875 0.33125 0.275 0.3421875 0.23541666718749998 0.325 0.20625 0.3015625 0.1854166671875 0.2796875 0.20208333281250002 0.2484375 0.2479166671875 0.2765625 0.2854166671875
1 0.45625 0.6166666671875001 0.4828125 0.6041666671875 0.54375 0.5166666671875 0.5671875 0.49375 0.5921875 0.48125 0.5953125 0.46458333281249997 0.5890625 0.45 0.5703125 0.4375 0.54375 0.40625 0.5125 0.425 0.5109375 0.45 0.496875 0.46875 0.4859375 0.47083333281249995 0.478125 0.48541666718750004 0.4828125 0.49791666718750005 0.49375 0.5 0.503125 0.5104166671875 0.4703125 0.5666666671875 0.4625 0.59375 0.45625 0.6 0.4546875 0.6104166671875 0.459375 0.6125 0.45625 0.6166666671875001
1 0.3890625 0.4291666671875 0.4125 0.4479166671875 0.421875 0.4479166671875 0.478125 0.4166666671875 0.4890625 0.3958333328125 0.4875 0.3625 0.4765625 0.35 0.4359375 0.3270833328125 0.415625 0.2916666671875 0.3921875 0.2854166671875 0.36875 0.3166666671875 0.3578125 0.3479166671875 0.359375 0.3583333328125 0.3703125 0.3708333328125 0.371875 0.3875 0.384375 0.4 0.3890625 0.4291666671875
1 0.1640625 0.1354166671875 0.16875 0.1416666671875 0.171875 0.1416666671875 0.18125 0.1145833328125 0.16875 0.08333333281250001 0.125 0.029166667187500002 0.11875 0.014583332812499999 0.109375 0.010416667187500001 0.0953125 0.0333333328125 0.0984375 0.060416667187499995 0.1390625 0.11875 0.15 0.11875 0.1609375 0.13125 0.16875 0.1270833328125 0.1703125 0.1354166671875 0.1640625 0.1354166671875
1 0.071875 0.1770833328125 0.1125 0.2208333328125 0.121875 0.2208333328125 0.146875 0.15625 0.125 0.125 0.090625 0.1458333328125 0.0796875 0.1416666671875 0.06875 0.15 0.071875 0.1770833328125
1 0.2109375 0.3166666671875 0.21875 0.35 0.225 0.35 0.246875 0.3375 0.25625 0.3229166671875 0.253125 0.30416666718749996 0.275 0.28958333281250004 0.2359375 0.23333333281250002 0.2265625 0.23541666718749998 0.221875 0.275 0.2109375 0.29375 0.2109375 0.3166666671875
1 0.1578125 0.23541666718749998 0.209375 0.28958333281250004 0.2140625 0.28958333281250004 0.221875 0.2708333328125 0.2265625 0.22916666718749998 0.215625 0.21875 0.1953125 0.2270833328125 0.165625 0.19375 0.1421875 0.20208333281250002 0.14375 0.21458333281250003 0.1578125 0.23541666718749998
1 0.3140625 0.40208333281249997 0.321875 0.4145833328125 0.328125 0.4145833328125 0.3421875 0.40416666718750005 0.3515625 0.3854166671875 0.365625 0.38333333281250004 0.3578125 0.36875 0.3375 0.3604166671875 0.3296875 0.35 0.328125 0.3708333328125 0.31875 0.3770833328125 0.3140625 0.3916666671875 0.3140625 0.40208333281249997
1 0.2984375 0.3395833328125 0.321875 0.3541666671875 0.3234375 0.35208333281250004 0.309375 0.3145833328125 0.290625 0.3 0.2796875 0.30416666718749996 0.28125 0.3145833328125 0.2984375 0.3395833328125
1 0.2578125 0.3229166671875 0.2859375 0.3479166671875 0.2875 0.3458333328125 0.29375 0.33541666718749996 0.2765625 0.3125 0.2640625 0.3020833328125 0.25625 0.30416666718749996 0.2578125 0.3229166671875
1 0.275 0.375 0.3125 0.4125 0.3171875 0.4125 0.3125 0.39375 0.3171875 0.3791666671875 0.328125 0.36875 0.3265625 0.3604166671875 0.2953125 0.3395833328125 0.275 0.375