1 0.7625 0.584375 0.7395833328125 0.58125 0.73125 0.5859375 0.73125 0.590625 0.8333333328125001 0.7125 0.8541666671874999 0.725 0.9083333328125001 0.7453125 0.9166666671874999 0.74375 0.91875 0.734375 0.8145833328125001 0.603125 0.8041666671875 0.5953125 0.7625 0.584375
1 0.8125 0.7765625 0.8125 0.7890625 0.79375 0.8140625 0.7916666671875 0.815625 0.80625 0.83125 0.85 0.8265625 0.88125 0.815625 0.89375 0.80625 0.9 0.790625 0.8770833328125001 0.765625 0.8333333328125001 0.7640625 0.8125 0.7765625
1 0.7125 0.68125 0.6916666671875 0.690625 0.6916666671875 0.6953125 0.7145833328125 0.7234375 0.7520833328125 0.7515625 0.7979166671875 0.7203125 0.8145833328125001 0.6984375 0.79375 0.675 0.7645833328125 0.6578125 0.725 0.66875 0.7125 0.68125
1 0.5 0.50625 0.5020833328125 0.5171875 0.5145833328125 0.521875 0.5291666671875 0.5140625 0.53125 0.503125 0.55 0.4890625 0.575 0.4875 0.59375 0.45625 0.5625 0.4296875 0.55 0.4109375 0.5354166671875 0.4046875 0.51875 0.4078125 0.50625 0.4328125 0.48333333281249996 0.45625 0.3958333328125 0.5171875 0.38333333281250004 0.54375 0.3875 0.540625 0.3895833328125 0.5453125 0.4 0.54375 0.40625 0.5375 0.43333333281249997 0.5296875 0.4895833328125 0.496875 0.5 0.50625
1 0.7145833328125 0.6078125 0.7083333328125 0.584375 0.6729166671875 0.5640625 0.65 0.5234375 0.6375 0.5125 0.6041666671875 0.5109375 0.5833333328125 0.521875 0.5520833328125 0.578125 0.5520833328125 0.5875 0.5708333328124999 0.6109375 0.6 0.615625 0.6125 0.628125 0.6291666671875 0.6296875 0.6416666671875 0.640625 0.6520833328125 0.6421875 0.6833333328125 0.63125 0.7145833328125 0.6078125
1 0.9666666671874999 0.9046875 0.9895833328125001 0.890625 0.9854166671875 0.88125 0.9708333328125001 0.875 0.9166666671874999 0.83125 0.8854166671874999 0.81875 0.8583333328125 0.828125 0.8583333328125 0.83125 0.8645833328125001 0.8359375 0.8645833328125001 0.8296875 0.8729166671874999 0.83125 0.86875 0.8390625 0.88125 0.85 0.88125 0.8609375 0.9395833328125001 0.9015625 0.9666666671874999 0.9046875
1 0.7791666671875 0.8875 0.8229166671874999 0.928125 0.85 0.93125 0.8583333328125 0.9203125 0.8541666671874999 0.909375 0.875 0.875 0.84375 0.853125 0.7791666671875 0.878125 0.7791666671875 0.8875
1 0.6770833328125 0.74375 0.6625 0.753125 0.65 0.775 0.65 0.78125 0.6833333328125 0.7890625 0.70625 0.7890625 0.725 0.778125 0.7645833328125 0.7734375 0.7666666671875 0.7640625 0.7104166671875001 0.725 0.6958333328124999 0.746875 0.6770833328125 0.74375
1 0.7291666671875 0.778125 0.7104166671875001 0.7859375 0.7104166671875001 0.790625 0.7645833328125 0.8421875 0.7854166671875 0.85625 0.7979166671875 0.8578125 0.80625 0.834375 0.7729166671875001 0.8046875 0.78125 0.784375 0.7708333328125 0.7734375 0.7291666671875 0.778125
1 0.6166666671875001 0.634375 0.6145833328125 0.6484375 0.5958333328125 0.6578125 0.5854166671875001 0.671875 0.5854166671875001 0.678125 0.5979166671875 0.6859375 0.6083333328125 0.6859375 0.6229166671875 0.68125 0.6291666671875 0.671875 0.65 0.6703125 0.6395833328125 0.6625 0.63125 0.6421875 0.6166666671875001 0.634375
1 0.6604166671875 0.7015625 0.6854166671875 0.71875 0.6958333328124999 0.7203125 0.7 0.709375 0.6854166671875 0.690625 0.6479166671875001 0.6765625 0.6458333328125 0.678125 0.6604166671875 0.7015625
1 0.6770833328125 0.7421875 0.6958333328124999 0.74375 0.6979166671875 0.7359375 0.6875 0.7234375 0.6645833328124999 0.70625 0.6541666671875 0.7125 0.6520833328125 0.7140625 0.6770833328125 0.7421875
1 0.5875 0.6875 0.625 0.725 0.6604166671875 0.7046875 0.6395833328125 0.6734375 0.63125 0.671875 0.6208333328125 0.6828125 0.60625 0.6875 0.5875 0.6828125 0.5875 0.6875