1 0.55 0.5046875 0.54375 0.51875 0.5458333328125 0.534375 0.5583333328125 0.5765625 0.5729166671875 0.59375 0.5979166671875 0.5953125 0.6166666671875001 0.5859375 0.6270833328125 0.5875 0.64375 0.58125 0.65625 0.565625 0.65625 0.5640625 0.6354166671875 0.496875 0.625 0.4875 0.6020833328124999 0.4875 0.5833333328125 0.4984375 0.5666666671875 0.496875 0.55 0.5046875
1 0.4583333328125 0.525 0.4895833328125 0.5296875 0.5208333328125 0.5265625 0.5458333328125 0.509375 0.5458333328125 0.503125 0.5208333328125 0.4796875 0.5020833328125 0.4734375 0.48125 0.4734375 0.4479166671875 0.4875 0.44166666718750003 0.5140625 0.4583333328125 0.525
1 0.51875 0.2796875 0.5416666671875 0.2953125 0.5354166671875 0.3109375 0.5520833328125 0.315625 0.5958333328125 0.29375 0.6375 0.290625 0.6604166671875 0.275 0.6604166671875 0.2453125 0.6604166671875 0.2359375 0.6520833328125 0.2328125 0.6020833328124999 0.246875 0.5875 0.24375 0.5604166671875 0.271875 0.5270833328125 0.26875 0.51875 0.2796875
1 0.1354166671875 0.534375 0.1375 0.540625 0.1625 0.5546875 0.1708333328125 0.571875 0.19583333281249998 0.5859375 0.21875 0.5875 0.24375 0.5796875 0.2645833328125 0.5578125 0.2645833328125 0.54921875 0.25625 0.528125 0.22291666718749997 0.5125 0.1979166671875 0.5125 0.16875 0.5296875 0.14375 0.528125 0.1354166671875 0.534375
1 0.29375 0.6984375 0.3104166671875 0.7125 0.3270833328125 0.7140625 0.33125 0.70625 0.33125 0.696875 0.33125 0.6875 0.3020833328125 0.6359375 0.2958333328125 0.63125 0.275 0.634375 0.26875 0.6484375 0.29375 0.6984375
1 0.2 0.2921875 0.1854166671875 0.3109375 0.1916666671875 0.3359375 0.23125 0.359375 0.2520833328125 0.3609375 0.275 0.3546875 0.2958333328125 0.3296875 0.2958333328125 0.3171875 0.27291666718749996 0.2875 0.2791666671875 0.2734375 0.275 0.2671875 0.2604166671875 0.2671875 0.24583333281250003 0.28125 0.2 0.2921875
1 0.1625 0.178125 0.16458333281249998 0.2 0.19375 0.228125 0.2104166671875 0.2328125 0.2479166671875 0.23125 0.25833333281250004 0.2453125 0.26875 0.240625 0.25833333281250004 0.23125 0.2770833328125 0.1984375 0.2770833328125 0.1859375 0.26875 0.16875 0.2520833328125 0.15625 0.21875 0.14375 0.1854166671875 0.15 0.16875 0.1625 0.1625 0.178125
1 0.025 0.3390625 0.060416667187499995 0.334375 0.0770833328125 0.325 0.0916666671875 0.303125 0.0916666671875 0.29453125 0.08541666718749999 0.271875 0.0666666671875 0.2546875 0.0375 0.24375 0.0020833328125000002 0.24375 0.0020833328125000002 0.334375 0.025 0.3390625
1 0.14375 0.4515625 0.2208333328125 0.4140625 0.2270833328125 0.40625 0.2270833328125 0.403125 0.1833333328125 0.353125 0.1041666671875 0.3859375 0.0958333328125 0.3953125 0.1041666671875 0.425 0.1291666671875 0.453125 0.14375 0.4515625
1 0.2791666671875 0.375 0.28125 0.396875 0.30625 0.4125 0.3333333328125 0.4171875 0.3729166671875 0.375 0.40416666718750005 0.3265625 0.40416666718750005 0.3234375 0.39375 0.309375 0.36666666718749996 0.296875 0.3166666671875 0.30625 0.30625 0.3203125 0.3083333328125 0.334375 0.2791666671875 0.375
1 0.1770833328125 0 0.20416666718749998 0.021875 0.2625 0.040625 0.3145833328125 0.0328125 0.3541666671875 0.0015625 0.3541666671875 0 0.1770833328125 0
1 0.7291666671875 0.4359375 0.7104166671875001 0.4375 0.6958333328124999 0.4484375 0.6916666671875 0.4625 0.7083333328125 0.4859375 0.7125 0.509375 0.7229166671875 0.5171875 0.7333333328125 0.5171875 0.7520833328125 0.5046875 0.7708333328125 0.509375 0.8083333328125001 0.5015625 0.8166666671874999 0.50625 0.8416666671874999 0.50625 0.8458333328125001 0.4953125 0.8270833328125 0.478125 0.8270833328125 0.459375 0.8166666671874999 0.4421875 0.8541666671874999 0.4375 0.8541666671874999 0.43125 0.8395833328125001 0.415625 0.83125 0.415625 0.8229166671874999 0.421875 0.78125 0.43125 0.7458333328125 0.4265625 0.7291666671875 0.4359375