1 0.503125 0.3645833328125 0.4359375 0.34375 0.434375 0.34375 0.41875 0.35625 0.4125 0.3729166671875 0.4140625 0.38333333281250004 0.4046875 0.40208333281249997 0.40625 0.4270833328125 0.4234375 0.44166666718750003 0.465625 0.45416666718750004 0.48125 0.45625 0.4953125 0.45 0.503125 0.43333333281249997 0.5015625 0.4166666671875 0.5125 0.39791666718749996 0.5125 0.375 0.503125 0.3645833328125
1 0.5203125 0.4791666671875 0.496875 0.45416666718750004 0.490625 0.45416666718750004 0.4734375 0.4791666671875 0.4703125 0.5104166671875 0.475 0.5416666671875 0.4859375 0.5583333328125 0.5125 0.5520833328125 0.5265625 0.51875 0.5265625 0.49791666718750005 0.5203125 0.4791666671875
1 0.7671875 0.3479166671875 0.7640625 0.3395833328125 0.7546875 0.3395833328125 0.725 0.3395833328125 0.709375 0.3625 0.70625 0.40416666718750005 0.684375 0.4479166671875 0.6890625 0.46458333281249997 0.7046875 0.4583333328125 0.7203125 0.48125 0.73125 0.47291666718750003 0.728125 0.43958333281249995 0.75625 0.4125 0.753125 0.39791666718749996 0.7671875 0.3479166671875
1 0.471875 0.74375 0.45078125 0.7354166671875 0.4421875 0.7354166671875 0.4203125 0.75625 0.4125 0.78125 0.4140625 0.8041666671875 0.428125 0.8291666671875 0.4453125 0.8375 0.459375 0.8625 0.465625 0.8645833328125001 0.471875 0.85625 0.4703125 0.83125 0.4875 0.8020833328125001 0.4875 0.7770833328125 0.471875 0.74375
1 0.3125 0.66875 0.303125 0.66875 0.29375 0.66875 0.2859375 0.6729166671875 0.2875 0.6895833328125 0.3015625 0.70625 0.3515625 0.73125 0.365625 0.725 0.36875 0.7041666671875 0.3640625 0.6979166671875 0.3125 0.66875
1 0.7125 0.7270833328124999 0.6828125 0.7041666671875 0.6703125 0.7041666671875 0.6453125 0.725 0.6390625 0.7479166671875 0.640625 0.76875 0.6640625 0.8083333328125001 0.6890625 0.8145833328125001 0.7078125 0.8 0.71875 0.7541666671875 0.7328125 0.7395833328125 0.7328125 0.725 0.7265625 0.7208333328125 0.7125 0.7270833328124999
1 0.83125 0.73125 0.8140625 0.7229166671875 0.8015625 0.7229166671875 0.76875 0.7416666671875001 0.759375 0.73125 0.7546875 0.7416666671875001 0.76875 0.7520833328125 0.7671875 0.7895833328124999 0.771875 0.80625 0.8 0.8354166671875 0.821875 0.8375 0.8375 0.83125 0.85 0.8145833328125001 0.85625 0.78125 0.84375 0.7479166671875 0.83125 0.73125
1 0.728125 0.9145833328125 0.70546875 0.9083333328125001 0.696875 0.9083333328125001 0.675 0.9229166671875 0.665625 0.9395833328125001 0.6609375 0.975 0.665625 0.9979166671874999 0.75625 0.9979166671874999 0.75625 0.9625 0.7453125 0.9333333328125001 0.728125 0.9145833328125
1 0.646875 0.8166666671874999 0.596875 0.7729166671875001 0.59375 0.7729166671875001 0.5859375 0.7791666671875 0.5484375 0.85625 0.546875 0.8708333328125001 0.575 0.8958333328125001 0.6046875 0.9041666671874999 0.6140625 0.8958333328125001 0.646875 0.8166666671874999
1 0.690625 0.60625 0.6765625 0.5958333328125 0.6734375 0.5958333328125 0.625 0.6270833328125 0.5828125 0.6666666671875 0.5875 0.69375 0.603125 0.71875 0.625 0.7208333328125 0.665625 0.6916666671875 0.6796875 0.69375 0.69375 0.6833333328125 0.703125 0.6333333328124999 0.690625 0.60625
1 1 0.6458333328125 0.9984375 0.6458333328125 0.9671875 0.6854166671875 0.959375 0.7375 0.978125 0.7958333328125 1 0.8229166671874999 1 0.6458333328125
1 0.584375 0.1604166671875 0.56875 0.1458333328125 0.5625 0.1458333328125 0.5578125 0.1833333328125 0.540625 0.1729166671875 0.521875 0.1729166671875 0.5046875 0.1541666671875 0.49375 0.1583333328125 0.49375 0.1833333328125 0.4984375 0.1916666671875 0.490625 0.22916666718749998 0.4953125 0.2479166671875 0.4828125 0.2666666671875 0.4828125 0.2770833328125 0.490625 0.2875 0.5140625 0.2916666671875 0.5375 0.3083333328125 0.5515625 0.30416666718749996 0.5625 0.28958333281250004 0.5640625 0.2708333328125 0.5734375 0.2541666671875 0.56875 0.21875 0.578125 0.1770833328125 0.584375 0.16875 0.584375 0.1604166671875