1 0.425 0.4125 0.43125 0.43958333281249995 0.4515625 0.4583333328125 0.46875 0.5270833328125 0.490625 0.5833333328125 0.4984375 0.5958333328125 0.5203125 0.60625 0.5328125 0.60625 0.5484375 0.5958333328125 0.5953125 0.5229166671875001 0.609375 0.4791666671875 0.6078125 0.45 0.5984375 0.425 0.5796875 0.40208333281249997 0.540625 0.38333333281250004 0.532421875 0.38333333281250004 0.5078125 0.38333333281250004 0.471875 0.40208333281249997 0.4375 0.39791666718749996 0.425 0.4125
1 0.3671875 0.7375 0.36875 0.7625 0.375 0.775 0.4 0.7791666671875 0.403125 0.7854166671875 0.4 0.8770833328125001 0.40625 0.9104166671874999 0.41875 0.9229166671875 0.4296875 0.9229166671875 0.45 0.9020833328125001 0.484375 0.9 0.5125 0.8770833328125001 0.5390625 0.8854166671874999 0.54375 0.8791666671874999 0.5421875 0.8604166671875 0.51875 0.7666666671875 0.5078125 0.7479166671875 0.4765625 0.7291666671875 0.4578125 0.6875 0.4265625 0.6666666671875 0.41875 0.6270833328125 0.4109375 0.6270833328125 0.396875 0.6333333328124999 0.396875 0.6895833328125 0.3765625 0.7083333328125 0.3671875 0.7375
1 0.3296875 0.65 0.3359375 0.66875 0.3609375 0.6916666671875 0.378125 0.6916666671875 0.396875 0.68125 0.3953125 0.6416666671875 0.403125 0.6270833328125 0.4140625 0.6270833328125 0.4265625 0.65625 0.44375 0.6354166671875 0.4484375 0.6208333328125 0.4484375 0.5895833328125 0.4421875 0.5770833328125 0.41875 0.5833333328125 0.4015625 0.575 0.409375 0.55 0.4078125 0.5375 0.4 0.5166666671875 0.3859375 0.5041666671875 0.37578125 0.5041666671875 0.3515625 0.5125 0.34375 0.5333333328125 0.3265625 0.5541666671875001 0.3296875 0.65
1 0.175 0.9166666671874999 0.1765625 0.9604166671875 0.1859375 0.9979166671874999 0.3515625 0.9979166671874999 0.3515625 0.9520833328125 0.3375 0.9041666671874999 0.31875 0.88125 0.2609375 0.8520833328125 0.2328125 0.825 0.225 0.825 0.2078125 0.8395833328125001 0.2046875 0.8791666671874999 0.1859375 0.8916666671875 0.175 0.9166666671874999
1 0.721875 0.9395833328125001 0.715625 0.9708333328125001 0.7171875 0.9979166671874999 0.8765625 0.9979166671874999 0.8703125 0.9166666671874999 0.859375 0.8895833328125 0.8375 0.8666666671875 0.7859375 0.85625 0.78125 0.85625 0.759375 0.8666666671875 0.7484375 0.8854166671874999 0.7484375 0.9041666671874999 0.721875 0.9395833328125001
1 0.74375 0.7854166671875 0.734375 0.80625 0.7328125 0.8375 0.7453125 0.8791666671874999 0.7515625 0.8791666671874999 0.765625 0.8583333328125 0.7765625 0.8541666671874999 0.8265625 0.8604166671875 0.840625 0.8645833328125001 0.8578125 0.88125 0.871875 0.9125 0.88125 0.9104166671874999 0.90625 0.8770833328125001 0.9109375 0.8666666671875 0.9125 0.8333333328125001 0.934375 0.8166666671874999 0.9390625 0.79375 0.9265625 0.7666666671875 0.909375 0.7625 0.8765625 0.7354166671875 0.86796875 0.7354166671875 0.846875 0.7375 0.8296875 0.7520833328125 0.790625 0.75 0.74375 0.7854166671875
1 0.659375 0.6708333328125 0.6609375 0.7166666671875 0.66875 0.7354166671875 0.7 0.7479166671875 0.7859375 0.7479166671875 0.809375 0.74375 0.81875 0.73125 0.8375 0.6979166671875 0.8390625 0.6854166671875 0.83125 0.6270833328125 0.8140625 0.60625 0.759375 0.5833333328125 0.75 0.5833333328125 0.7203125 0.5958333328125 0.6921875 0.59375 0.6765625 0.6083333328125 0.659375 0.6708333328125
1 0.8015625 0.2708333328125 0.8125 0.23958333281250002 0.8125 0.19375 0.803125 0.1729166671875 0.7796875 0.14791666718750002 0.775 0.14791666718750002 0.74375 0.29375 0.7515625 0.3020833328125 0.79375 0.2791666671875 0.8015625 0.2708333328125
1 0.3 0.30625 0.3171875 0.4458333328125 0.325 0.47291666718750003 0.35625 0.5020833328125 0.3828125 0.49583333281249997 0.409375 0.50625 0.4390625 0.48541666718750004 0.45 0.46875 0.428125 0.44166666718750003 0.421875 0.4125 0.4328125 0.3958333328125 0.4578125 0.3916666671875 0.4578125 0.21875 0.446875 0.175 0.43125 0.15 0.4109375 0.13333333281249998 0.38125 0.12291666718750001 0.37109375 0.12291666718750001 0.340625 0.1270833328125 0.3078125 0.1604166671875 0.2984375 0.1916666671875 0.3 0.30625
1 0.834375 0.575 0.84375 0.5979166671875 0.8453125 0.66875 0.8625 0.6895833328125 0.9203125 0.6833333328125 0.9375 0.6979166671875 0.95625 0.7020833328125 0.99375 0.69375 0.9984375 0.6895833328125 0.9984375 0.5 0.9828125 0.4458333328125 0.946875 0.42291666718750004 0.9015625 0.43125 0.871875 0.4145833328125 0.865625 0.4145833328125 0.8265625 0.44166666718750003 0.8234375 0.48541666718750004 0.8328125 0.51875 0.834375 0.575
1 0.9265625 0.3375 0.9265625 0.3729166671875 0.9359375 0.4125 0.98125 0.44166666718750003 0.996875 0.48541666718750004 0.9984375 0.2416666671875 0.996875 0.2416666671875 0.9609375 0.2541666671875 0.940625 0.275 0.93125 0.3 0.9265625 0.3375