1 0.559375 0.8333333328125001 0.575 0.8416666671874999 0.5828125 0.86875 0.596875 0.88125 0.6140625 0.8770833328125001 0.6734375 0.7979166671875 0.678125 0.7833333328125 0.66875 0.7583333328124999 0.653125 0.7520833328125 0.6484375 0.7333333328125 0.634375 0.71875 0.6234375 0.71875 0.58125 0.7604166671875 0.559375 0.79375 0.5546875 0.8125 0.559375 0.8333333328125001
1 0.640625 0.6729166671875 0.6578125 0.7020833328125 0.7046875 0.75625 0.73125 0.7333333328125 0.7453125 0.7354166671875 0.8046875 0.6625 0.803125 0.65 0.7890625 0.6333333328124999 0.7640625 0.6479166671875001 0.7875 0.6020833328124999 0.7578125 0.5645833328125 0.753125 0.5645833328125 0.7015625 0.6208333328125 0.6625 0.6333333328124999 0.6390625 0.6604166671875 0.640625 0.6729166671875
1 0.4171875 0.7375 0.4203125 0.7708333328125 0.428125 0.7916666671875 0.44375 0.8125 0.4640625 0.825 0.490625 0.825 0.5140625 0.8104166671874999 0.5328125 0.7875 0.5421875 0.7583333328124999 0.5421875 0.7208333328125 0.53125 0.6875 0.5109375 0.6645833328124999 0.4859375 0.65625 0.48125 0.65625 0.45625 0.6645833328124999 0.4421875 0.6770833328125 0.425 0.7041666671875 0.4171875 0.7375
1 0.4859375 0.5145833328125 0.459375 0.5479166671875 0.4578125 0.5625 0.465625 0.5895833328125 0.4859375 0.6291666671875 0.515625 0.65 0.54375 0.6166666671875001 0.546875 0.58125 0.5265625 0.53125 0.4984375 0.5125 0.496875 0.4791666671875 0.490625 0.4791666671875 0.475 0.48541666718750004 0.4734375 0.4916666671875 0.484375 0.5020833328125 0.4859375 0.5145833328125
1 0.2375 0.6458333328125 0.2734375 0.6604166671875 0.2984375 0.6020833328124999 0.31875 0.5875 0.3234375 0.5666666671875 0.3078125 0.5458333328125 0.28125 0.5291666671875 0.240625 0.5208333328125 0.23125 0.5208333328125 0.221875 0.5333333328125 0.2171875 0.5729166671875 0.24375 0.6020833328124999 0.2375 0.6458333328125
1 0.2953125 0.5333333328125 0.325 0.49583333281249997 0.325 0.48541666718750004 0.275 0.42083333281249996 0.26875 0.42083333281249996 0.24375 0.46875 0.2421875 0.48125 0.259375 0.5208333328125 0.2953125 0.5333333328125
1 0.315625 0.38333333281250004 0.321875 0.4166666671875 0.334375 0.43333333281249997 0.375 0.4291666671875 0.3828125 0.41875 0.375 0.3395833328125 0.365625 0.3270833328125 0.340625 0.3166666671875 0.33203125 0.3166666671875 0.30625 0.3291666671875 0.3015625 0.3479166671875 0.30625 0.36875 0.315625 0.38333333281250004
1 0.4453125 0.44166666718750003 0.465625 0.42291666718750004 0.46875 0.40208333281249997 0.4625 0.3895833328125 0.4421875 0.375 0.4328125 0.375 0.421875 0.3875 0.425 0.4166666671875 0.434375 0.43958333281249995 0.4453125 0.44166666718750003
1 0.475 0.35625 0.4828125 0.3416666671875 0.478125 0.3166666671875 0.4640625 0.28958333281250004 0.434375 0.25833333281250004 0.43125 0.25833333281250004 0.428125 0.3229166671875 0.4328125 0.3416666671875 0.4453125 0.3541666671875 0.475 0.35625
1 0.425 0.2104166671875 0.45 0.24375 0.4609375 0.2479166671875 0.4703125 0.2416666671875 0.4765625 0.2270833328125 0.475 0.14791666718750002 0.4703125 0.14791666718750002 0.459375 0.1583333328125 0.4328125 0.16458333281249998 0.421875 0.18125 0.425 0.2104166671875
1 0.4859375 0.2854166671875 0.5 0.2916666671875 0.5171875 0.3104166671875 0.525 0.3083333328125 0.540625 0.2791666671875 0.540625 0.25 0.5234375 0.23541666718749998 0.51875 0.23541666718749998 0.4984375 0.25 0.4953125 0.2708333328125 0.4859375 0.2791666671875 0.4859375 0.2854166671875
1 0.5625 0.20833333281250002 0.578125 0.20833333281250002 0.5921875 0.1916666671875 0.5921875 0.1520833328125 0.5796875 0.1375 0.571875 0.1375 0.5484375 0.1416666671875 0.546875 0.175 0.553125 0.1979166671875 0.5625 0.20833333281250002
1 0.6390625 0.22291666718749997 0.6453125 0.23333333281250002 0.659375 0.22916666718749998 0.6578125 0.1916666671875 0.6671875 0.1666666671875 0.6578125 0.14375 0.6546875 0.14375 0.61875 0.1708333328125 0.61875 0.18125 0.6421875 0.20833333281250002 0.6390625 0.22291666718749997
1 0.7984375 0.34375 0.778125 0.33541666718749996 0.7703125 0.33541666718749996 0.753125 0.3958333328125 0.7609375 0.40416666718750005 0.78125 0.40833333281249995 0.7984375 0.34375
1 0.8515625 0.36875 0.85 0.3604166671875 0.8296875 0.3479166671875 0.828125 0.3479166671875 0.80625 0.3895833328125 0.8078125 0.39791666718749996 0.828125 0.4125 0.8515625 0.36875
1 0.8671875 0.40208333281249997 0.85 0.3791666671875 0.853125 0.3645833328125 0.83125 0.35 0.8296875 0.3479166671875 0.80625 0.3895833328125 0.8125 0.41041666718750003 0.8609375 0.41875 0.8671875 0.40208333281249997
1 0.6234375 0.2625 0.6421875 0.2770833328125 0.6515625 0.2666666671875 0.653125 0.2541666671875 0.6421875 0.23333333281250002 0.61875 0.20833333281250002 0.6171875 0.20833333281250002 0.590625 0.23125 0.5828125 0.24583333281250003 0.5984375 0.27291666718749996 0.6234375 0.2625
1 0.475 0.48541666718750004 0.4734375 0.48541666718750004 0.475 0.5208333328125 0.4796875 0.525 0.484375 0.5104166671875 0.475 0.48541666718750004
1 0.5359375 0.5375 0.5453125 0.5166666671875 0.5421875 0.49791666718750005 0.5234375 0.48125 0.5046875 0.475 0.49375 0.475 0.4859375 0.48125 0.4984375 0.48125 0.503125 0.5145833328125 0.5359375 0.5375