1 0.3765625 0.5395833328124999 0.3859375 0.5395833328124999 0.4046875 0.45625 0.390625 0.44166666718750003 0.3453125 0.43541666718750005 0.328125 0.5104166671875 0.3296875 0.5291666671875 0.3765625 0.5395833328124999
1 0.225 0.5458333328125 0.2328125 0.5520833328125 0.2921875 0.5625 0.2953125 0.5625 0.3015625 0.55625 0.3140625 0.49583333281249997 0.3125 0.46458333281249997 0.2953125 0.45416666718750004 0.2390625 0.4458333328125 0.225 0.5458333328125
1 0.290625 0.6229166671875 0.2953125 0.68125 0.3109375 0.6958333328124999 0.31875 0.6958333328124999 0.3375 0.6895833328125 0.3484375 0.6666666671875 0.3390625 0.6104166671875 0.31875 0.59375 0.2984375 0.6020833328124999 0.290625 0.6229166671875
1 0.3546875 0.65625 0.365625 0.6958333328124999 0.3671875 0.73125 0.390625 0.7666666671875 0.403125 0.7666666671875 0.409375 0.7583333328124999 0.415625 0.7083333328125 0.3953125 0.6270833328125 0.3765625 0.6166666671875001 0.3578125 0.6291666671875 0.3546875 0.65625
1 0.5109375 0.5666666671875 0.496875 0.5729166671875 0.4609375 0.64375 0.4609375 0.6583333328125 0.465625 0.6645833328124999 0.4875 0.6708333328125 0.496875 0.68125 0.509375 0.68125 0.51875 0.675 0.534375 0.6458333328125 0.55 0.6020833328124999 0.5453125 0.5875 0.5296875 0.5833333328125 0.5109375 0.5666666671875
1 0.446875 0.49791666718750005 0.459375 0.5125 0.459375 0.5270833328125 0.4640625 0.5333333328125 0.5046875 0.55625 0.5078125 0.55625 0.521875 0.5291666671875 0.53125 0.48333333281249996 0.5171875 0.4625 0.478125 0.43958333281249995 0.4703125 0.4458333328125 0.446875 0.49791666718750005
1 0.471875 0.3291666671875 0.45 0.33125 0.4453125 0.3604166671875 0.4359375 0.3583333328125 0.43125 0.35 0.4125 0.35208333281250004 0.378125 0.4 0.375 0.425 0.3796875 0.4270833328125 0.38125 0.4291666671875 0.44375 0.3708333328125 0.48125 0.3583333328125 0.496875 0.3625 0.5 0.35625 0.484375 0.33541666718749996 0.471875 0.3291666671875
1 0.5265625 0.3458333328125 0.50625 0.3791666671875 0.5046875 0.40833333281249995 0.509375 0.42291666718750004 0.521875 0.4375 0.534375 0.44166666718750003 0.5421875 0.44166666718750003 0.5671875 0.4291666671875 0.584375 0.39791666718749996 0.584375 0.3708333328125 0.5640625 0.3416666671875 0.540625 0.3395833328125 0.5265625 0.3458333328125
1 0.465625 0.7104166671875001 0.46875 0.71875 0.484375 0.7229166671875 0.49375 0.7333333328125 0.4984375 0.7333333328125 0.5078125 0.7229166671875 0.5125 0.6895833328125 0.4875 0.6729166671875 0.471875 0.6729166671875 0.465625 0.6875 0.465625 0.7104166671875001
1 0.6921875 0.5354166671875 0.6796875 0.525 0.6765625 0.5104166671875 0.6625 0.49791666718750005 0.6546875 0.5041666671875 0.6546875 0.525 0.6359375 0.5270833328125 0.65625 0.59375 0.659375 0.59375 0.6671875 0.575 0.6640625 0.55625 0.6734375 0.5479166671875 0.6890625 0.5479166671875 0.6921875 0.5416666671875 0.6921875 0.5354166671875
1 0.5421875 0.0770833328125 0.5140625 0.0770833328125 0.49375 0.0895833328125 0.471875 0.11875 0.4625 0.1520833328125 0.4625 0.1875 0.475 0.22291666718749997 0.49375 0.2416666671875 0.5171875 0.2479166671875 0.5203125 0.2479166671875 0.5578125 0.22916666718749998 0.578125 0.19583333281249998 0.584375 0.16458333281249998 0.5765625 0.1125 0.5625 0.0895833328125 0.5421875 0.0770833328125
1 0.5109375 0.0020833328125000002 0.4125 0.0020833328125000002 0.41875 0.05 0.4078125 0.0666666671875 0.403125 0.1041666671875 0.415625 0.1375 0.415625 0.1604166671875 0.425 0.16875 0.4328125 0.16875 0.4546875 0.1291666671875 0.4578125 0.0895833328125 0.4890625 0.075 0.503125 0.05625 0.5109375 0.03125 0.5109375 0.0020833328125000002
1 0.14375 0.40625 0.125 0.425 0.1140625 0.5333333328125 0.125 0.55625 0.1421875 0.56875 0.1515625 0.56875 0.175 0.5416666671875 0.203125 0.4375 0.2015625 0.4145833328125 0.184375 0.3895833328125 0.171875 0.3895833328125 0.14375 0.40625
1 0.2625 0.3020833328125 0.24375 0.3104166671875 0.2328125 0.3229166671875 0.2296875 0.35 0.24375 0.3916666671875 0.2671875 0.40416666718750005 0.275 0.40416666718750005 0.2890625 0.39791666718749996 0.3015625 0.38125 0.30625 0.3395833328125 0.296875 0.3166666671875 0.278125 0.30416666718749996 0.2625 0.3020833328125
1 0.646875 0.1625 0.6390625 0.1583333328125 0.625 0.13333333281249998 0.6203125 0.13333333281249998 0.5875 0.18125 0.565625 0.25833333281250004 0.5625 0.2875 0.5671875 0.3375 0.58125 0.35625 0.5875 0.35625 0.609375 0.35 0.6359375 0.3083333328125 0.665625 0.23333333281250002 0.678125 0.1875 0.671875 0.1583333328125 0.646875 0.1625
1 0.7703125 0.39375 0.7515625 0.375 0.7515625 0.36875 0.7734375 0.3625 0.7734375 0.3375 0.7109375 0.3291666671875 0.696875 0.3458333328125 0.6890625 0.3791666671875 0.69375 0.40416666718750005 0.6921875 0.43541666718750005 0.6953125 0.45625 0.7109375 0.46666666718750005 0.725 0.46666666718750005 0.7546875 0.45208333281249996 0.8109375 0.45416666718750004 0.815625 0.4479166671875 0.8203125 0.4291666671875 0.815625 0.40625 0.7703125 0.39375