1 0.103125 0 0.0734375 0.01875 0.0328125 0.06875 0.009375 0.13333333281249998 0.0125 0.1520833328125 0.08125 0.20416666718749998 0.1015625 0.21458333281250003 0.115625 0.2125 0.1453125 0.1625 0.1578125 0.1270833328125 0.18125 0 0.1734375 0 0.103125 0
1 0.59375 0.6020833328124999 0.60625 0.6083333328125 0.609375 0.6208333328125 0.6203125 0.6270833328125 0.6234375 0.6520833328125 0.5453125 0.7291666671875 0.521875 0.7604166671875 0.5046875 0.775 0.49375 0.7708333328125 0.4859375 0.7770833328125 0.48125 0.8020833328125001 0.4875 0.84375 0.54375 0.8375 0.559375 0.84375 0.5796875 0.8708333328125001 0.590625 0.875 0.5953125 0.8875 0.6015625 0.8875 0.584375 0.8416666671874999 0.5953125 0.8208333328125 0.646875 0.7729166671875001 0.69375 0.76875 0.7125 0.7520833328125 0.7375 0.7583333328124999 0.7734375 0.75625 0.8078125 0.7791666671875 0.825 0.78125 0.8453125 0.8020833328125001 0.8984375 0.8291666671875 0.9109375 0.83125 0.928125 0.8166666671874999 0.934375 0.7958333328125 0.928125 0.7604166671875 0.80625 0.6083333328125 0.7671875 0.5833333328125 0.7546875 0.5645833328125 0.7234375 0.5395833328124999 0.6875 0.5208333328125 0.665625 0.49583333281249997 0.6171875 0.4770833328125 0.60625 0.4770833328125 0.575 0.50625 0.5625 0.5291666671875 0.5609375 0.55 0.59375 0.6020833328124999
1 0.465625 0.93125 0.465625 0.9458333328125 0.4703125 0.95 0.4640625 0.95625 0.471875 0.9729166671874999 0.465625 0.9979166671874999 0.665625 0.9979166671874999 0.6609375 0.9625 0.6453125 0.9416666671874999 0.5640625 0.8541666671874999 0.5453125 0.8416666671874999 0.5359375 0.8416666671874999 0.4890625 0.8520833328125 0.4890625 0.9020833328125001 0.4765625 0.90625 0.465625 0.93125
1 0.2359375 0.45 0.23125 0.5333333328125 0.246875 0.5604166671875 0.2703125 0.5645833328125 0.353125 0.6229166671875 0.3609375 0.6083333328125 0.3578125 0.5416666671875 0.375 0.53125 0.4234375 0.5229166671875001 0.43125 0.5083333328124999 0.4296875 0.45 0.421875 0.425 0.4046875 0.40625 0.2984375 0.3791666671875 0.28828125 0.3791666671875 0.275 0.38333333281250004 0.2546875 0.43125 0.24375 0.43541666718750005 0.2359375 0.45
1 0.6078125 0.81875 0.609375 0.8479166671874999 0.6265625 0.8958333328125001 0.659375 0.9416666671874999 0.6734375 0.9520833328125 0.7 0.9541666671875 0.746875 0.9041666671874999 0.7796875 0.9 0.7984375 0.8895833328125 0.83125 0.8895833328125 0.828125 0.8958333328125001 0.8359375 0.9 0.853125 0.8895833328125 0.86875 0.8645833328125001 0.8703125 0.8520833328125 0.8578125 0.8270833328125 0.8421875 0.8270833328125 0.834375 0.8416666671874999 0.8078125 0.8416666671874999 0.8140625 0.8291666671875 0.8078125 0.78125 0.7640625 0.7583333328124999 0.734375 0.7604166671875 0.721875 0.7541666671875 0.7171875 0.7541666671875 0.69375 0.7729166671875001 0.665625 0.7729166671875001 0.640625 0.78125 0.6078125 0.81875
1 0.221875 0 0.215625 0.010416667187500001 0.2078125 0.060416667187499995 0.1890625 0.1166666671875 0.1890625 0.13333333281249998 0.1984375 0.15 0.2 0.1770833328125 0.2078125 0.20208333281250002 0.2203125 0.225 0.23125 0.23125 0.2421875 0.23125 0.2703125 0.2104166671875 0.346875 0.0979166671875 0.328125 0.06875 0.2734375 0.01875 0.265625 0 0.256875 0 0.221875 0
1 0.4171875 0 0.4109375 0.05 0.3953125 0.08333333281250001 0.40625 0.0958333328125 0.41875 0.075 0.428125 0.04375 0.4296875 0 0.4171875 0
1 0.246875 0.2416666671875 0.24375 0.2791666671875 0.2671875 0.3083333328125 0.28125 0.3145833328125 0.2984375 0.3104166671875 0.40625 0.1541666671875 0.415625 0.13333333281249998 0.4140625 0.1166666671875 0.4046875 0.0979166671875 0.3859375 0.0791666671875 0.37734375 0.0791666671875 0.36875 0.0791666671875 0.353125 0.09375 0.265625 0.22291666718749997 0.246875 0.2416666671875
1 0.590625 0.4291666671875 0.5796875 0.4375 0.590625 0.4375 0.634375 0.4791666671875 0.6640625 0.48125 0.6671875 0.4583333328125 0.6578125 0.42291666718750004 0.7109375 0.35625 0.7078125 0.34375 0.6921875 0.3375 0.6890625 0.3375 0.6328125 0.3916666671875 0.615625 0.38333333281250004 0.6046875 0.3854166671875 0.590625 0.4291666671875
1 0.45625 0.54375 0.4796875 0.5604166671875 0.5296875 0.525 0.55625 0.54375 0.559375 0.5270833328125 0.571875 0.50625 0.56875 0.475 0.5609375 0.45625 0.5359375 0.42291666718750004 0.5046875 0.39375 0.49375 0.39375 0.4671875 0.4458333328125 0.4453125 0.50625 0.446875 0.5270833328125 0.45625 0.54375
1 0.50625 0.7645833328125 0.5203125 0.7604166671875 0.55 0.7208333328125 0.5859375 0.6854166671875 0.5953125 0.6666666671875 0.60625 0.6604166671875 0.6046875 0.6291666671875 0.5859375 0.6020833328124999 0.578125 0.6020833328124999 0.50625 0.6333333328124999 0.4828125 0.6625 0.478125 0.6958333328124999 0.50625 0.7645833328125
1 0.628125 0.4770833328125 0.5859375 0.43541666718750005 0.5796875 0.43541666718750005 0.5671875 0.4625 0.575 0.5041666671875 0.6015625 0.475 0.628125 0.4770833328125