1 0.1859375 0.7416666671875001 0.1703125 0.725 0.16875 0.7270833328124999 0.1265625 0.7354166671875 0.096875 0.7604166671875 0.09375 0.9125 0.1203125 0.9395833328125001 0.165625 0.9208333328125 0.171875 0.9041666671874999 0.19375 0.8958333328125001 0.196875 0.8854166671874999 0.190625 0.7666666671875 0.1859375 0.7416666671875001
1 0.2453125 0.9145833328125 0.215625 0.89375 0.203125 0.89375 0.1703125 0.9083333328125001 0.1703125 0.9625 0.14375 0.9895833328125001 0.1265625 0.9979166671874999 0.240625 0.9979166671874999 0.24375 0.9770833328125 0.2296875 0.9645833328125001 0.2453125 0.9145833328125
1 0.4515625 0.9541666671875 0.365625 0.8708333328125001 0.353125 0.8708333328125001 0.33125 0.8916666671875 0.328125 0.91875 0.3078125 0.93125 0.3 0.9458333328125 0.296875 0.9729166671874999 0.30625 0.9979166671874999 0.4484375 0.9979166671874999 0.4546875 0.9770833328125 0.4515625 0.9541666671875
1 0.3359375 0.7354166671875 0.30625 0.7104166671875001 0.29375 0.7104166671875001 0.2796875 0.7354166671875 0.2765625 0.7854166671875 0.2984375 0.8229166671874999 0.31875 0.8291666671875 0.3328125 0.8208333328125 0.3421875 0.8020833328125001 0.3453125 0.7666666671875 0.3359375 0.7354166671875
1 0.28125 0.6375 0.25625 0.6229166671875 0.2515625 0.6229166671875 0.221875 0.6333333328124999 0.1953125 0.6604166671875 0.1859375 0.7083333328125 0.190625 0.7270833328124999 0.2046875 0.74375 0.24375 0.7458333328125 0.265625 0.73125 0.28125 0.7104166671875001 0.290625 0.6833333328125 0.290625 0.6583333328125 0.28125 0.6375
1 0.2015625 0.5645833328125 0.15703125 0.5583333328125 0.1484375 0.5583333328125 0.11875 0.58125 0.1109375 0.6 0.1109375 0.6208333328125 0.13125 0.6479166671875001 0.159375 0.6666666671875 0.1734375 0.6666666671875 0.1890625 0.6458333328125 0.190625 0.5979166671875 0.2015625 0.575 0.2015625 0.5645833328125
1 0.1609375 0.55 0.1234375 0.5291666671875 0.1109375 0.5291666671875 0.10625 0.5354166671875 0.1078125 0.5479166671875 0.1234375 0.5708333328124999 0.1515625 0.55625 0.178125 0.5625 0.2 0.5583333328125 0.2 0.5833333328125 0.2078125 0.5833333328125 0.240625 0.5520833328125 0.2390625 0.5416666671875 0.2125 0.55 0.1609375 0.55
1 0.1921875 0.48125 0.1828125 0.45625 0.178125 0.45625 0.1546875 0.47291666718750003 0.140625 0.49583333281249997 0.1375 0.5270833328125 0.1484375 0.54375 0.19375 0.5458333328125 0.209375 0.5270833328125 0.1953125 0.5229166671875001 0.1875 0.5125 0.1921875 0.48125
1 0.36875 0.41041666718750003 0.35 0.3916666671875 0.3484375 0.39375 0.3390625 0.3916666671875 0.296875 0.40833333281249995 0.2515625 0.43541666718750005 0.196875 0.48333333281249996 0.190625 0.4916666671875 0.1890625 0.5104166671875 0.20625 0.5208333328125 0.21875 0.5208333328125 0.259375 0.50625 0.2796875 0.50625 0.296875 0.5145833328125 0.3265625 0.5520833328125 0.35 0.5291666671875 0.33125 0.47291666718750003 0.3734375 0.44166666718750003 0.36875 0.41041666718750003
1 0.4140625 0.5166666671875 0.390625 0.5166666671875 0.3828125 0.5166666671875 0.34375 0.5395833328124999 0.3234375 0.5708333328124999 0.3171875 0.59375 0.3171875 0.6208333328125 0.325 0.6416666671875 0.334375 0.6541666671875 0.3765625 0.6770833328125 0.4 0.6729166671875 0.4234375 0.6583333328125 0.4421875 0.63125 0.453125 0.59375 0.45 0.5541666671875001 0.434375 0.5291666671875 0.4140625 0.5166666671875
1 0.5 0.43958333281249995 0.49375 0.4375 0.4828125 0.4375 0.46875 0.49791666718750005 0.46875 0.5395833328124999 0.4765625 0.5791666671875 0.49375 0.5875 0.5203125 0.55625 0.5265625 0.5333333328125 0.5171875 0.49375 0.49375 0.45 0.49375 0.44166666718750003 0.5 0.43958333281249995
1 0.453125 0.41041666718750003 0.440625 0.38333333281250004 0.4359375 0.38333333281250004 0.4140625 0.4145833328125 0.415625 0.46666666718750005 0.4078125 0.49791666718750005 0.4125 0.5125 0.4515625 0.5354166671875 0.44375 0.5291666671875 0.45625 0.5229166671875001 0.4671875 0.50625 0.4765625 0.45416666718750004 0.453125 0.45416666718750004 0.453125 0.41041666718750003
1 0.50625 0.4125 0.5015625 0.40833333281249995 0.4984375 0.40833333281249995 0.484375 0.4145833328125 0.4625 0.4375 0.4546875 0.4583333328125 0.475 0.4583333328125 0.484375 0.4375 0.503125 0.4458333328125 0.503125 0.4375 0.496875 0.4375 0.50625 0.425 0.50625 0.4125
1 0.565625 0.29375 0.55 0.2625 0.540625 0.2625 0.53125 0.2770833328125 0.534375 0.2854166671875 0.528125 0.2916666671875 0.5265625 0.30416666718749996 0.534375 0.31875 0.51875 0.3291666671875 0.503125 0.3604166671875 0.5046875 0.3875 0.5203125 0.41875 0.5203125 0.4458333328125 0.5375 0.46666666718750005 0.546875 0.46666666718750005 0.5546875 0.4583333328125 0.5625 0.4270833328125 0.5953125 0.3854166671875 0.6015625 0.3645833328125 0.5984375 0.30625 0.590625 0.28958333281250004 0.5921875 0.28125 0.584375 0.2770833328125 0.565625 0.29375
1 0.4640625 0.24375 0.4578125 0.23125 0.45 0.23125 0.45 0.2770833328125 0.434375 0.2916666671875 0.428125 0.32083333281250004 0.4109375 0.3291666671875 0.4109375 0.3479166671875 0.4453125 0.3854166671875 0.45625 0.40833333281249995 0.478125 0.4125 0.4984375 0.40416666718750005 0.503125 0.3958333328125 0.5015625 0.3604166671875 0.5234375 0.31875 0.521875 0.2854166671875 0.503125 0.30416666718749996 0.49375 0.2791666671875 0.471875 0.2770833328125 0.4671875 0.2708333328125 0.4640625 0.24375
1 0.4296875 0.30416666718749996 0.41875 0.29375 0.4125 0.29375 0.396875 0.3291666671875 0.3953125 0.3541666671875 0.4015625 0.3645833328125 0.4296875 0.3729166671875 0.4296875 0.3604166671875 0.4109375 0.34375 0.4109375 0.3270833328125 0.4296875 0.3166666671875 0.4296875 0.30416666718749996