1 0.80625 0.8958333328125001 0.828125 0.9041666671874999 0.834375 0.9208333328125 0.8796875 0.9395833328125001 0.90625 0.9125 0.903125 0.7604166671875 0.8734375 0.7354166671875 0.83125 0.7270833328124999 0.8296875 0.725 0.8140625 0.7416666671875001 0.809375 0.7666666671875 0.803125 0.8854166671874999 0.80625 0.8958333328125001
1 0.759375 0.9979166671874999 0.8734375 0.9979166671874999 0.85625 0.9895833328125001 0.8296875 0.9625 0.8296875 0.9083333328125001 0.796875 0.89375 0.784375 0.89375 0.7546875 0.9145833328125 0.7703125 0.9645833328125001 0.75625 0.9770833328125 0.759375 0.9979166671874999
1 0.69375 0.9979166671874999 0.703125 0.9729166671874999 0.7 0.9458333328125 0.6921875 0.93125 0.671875 0.91875 0.66875 0.8916666671875 0.646875 0.8708333328125001 0.634375 0.8708333328125001 0.5484375 0.9541666671875 0.5453125 0.9770833328125 0.5515625 0.9979166671874999 0.69375 0.9979166671874999
1 0.6671875 0.8208333328125 0.68125 0.8291666671875 0.7015625 0.8229166671874999 0.7234375 0.7854166671875 0.7203125 0.7354166671875 0.70625 0.7104166671875001 0.69375 0.7104166671875001 0.6640625 0.7354166671875 0.6546875 0.7666666671875 0.6578125 0.8020833328125001 0.6671875 0.8208333328125
1 0.71875 0.7104166671875001 0.734375 0.73125 0.75625 0.7458333328125 0.7953125 0.74375 0.809375 0.7270833328124999 0.8140625 0.7083333328125 0.8046875 0.6604166671875 0.778125 0.6333333328124999 0.7484375 0.6229166671875 0.74375 0.6229166671875 0.71875 0.6375 0.709375 0.6583333328125 0.709375 0.6833333328125 0.71875 0.7104166671875001
1 0.8109375 0.6458333328125 0.8265625 0.6666666671875 0.840625 0.6666666671875 0.86875 0.6479166671875001 0.8890625 0.6208333328125 0.8890625 0.6 0.88125 0.58125 0.8515625 0.5583333328125 0.84296875 0.5583333328125 0.7984375 0.5645833328125 0.7984375 0.575 0.809375 0.5979166671875 0.8109375 0.6458333328125
1 0.759375 0.5520833328125 0.7921875 0.5833333328125 0.8 0.5833333328125 0.8 0.5583333328125 0.821875 0.5625 0.8484375 0.55625 0.8765625 0.5708333328124999 0.8921875 0.5479166671875 0.89375 0.5354166671875 0.8890625 0.5291666671875 0.8765625 0.5291666671875 0.8390625 0.55 0.7875 0.55 0.7609375 0.5416666671875 0.759375 0.5520833328125
1 0.790625 0.5270833328125 0.80625 0.5458333328125 0.8515625 0.54375 0.8625 0.5270833328125 0.859375 0.49583333281249997 0.8453125 0.47291666718750003 0.821875 0.45625 0.8171875 0.45625 0.8078125 0.48125 0.8125 0.5125 0.8046875 0.5229166671875001 0.790625 0.5270833328125
1 0.65 0.5291666671875 0.6734375 0.5520833328125 0.703125 0.5145833328125 0.7203125 0.50625 0.740625 0.50625 0.78125 0.5208333328125 0.79375 0.5208333328125 0.8109375 0.5104166671875 0.809375 0.4916666671875 0.803125 0.48333333281249996 0.7484375 0.43541666718750005 0.703125 0.40833333281249995 0.6609375 0.3916666671875 0.6515625 0.39375 0.65 0.3916666671875 0.63125 0.41041666718750003 0.6265625 0.44166666718750003 0.66875 0.47291666718750003 0.65 0.5291666671875
1 0.546875 0.59375 0.5578125 0.63125 0.5765625 0.6583333328125 0.6 0.6729166671875 0.6234375 0.6770833328125 0.665625 0.6541666671875 0.675 0.6416666671875 0.6828125 0.6208333328125 0.6828125 0.59375 0.6765625 0.5708333328124999 0.65625 0.5395833328124999 0.6171875 0.5166666671875 0.609375 0.5166666671875 0.5859375 0.5166666671875 0.565625 0.5291666671875 0.55 0.5541666671875001 0.546875 0.59375
1 0.4828125 0.49375 0.4734375 0.5333333328125 0.4796875 0.55625 0.50625 0.5875 0.5234375 0.5791666671875 0.53125 0.5395833328124999 0.53125 0.49791666718750005 0.5171875 0.4375 0.50625 0.4375 0.5 0.43958333281249995 0.50625 0.44166666718750003 0.50625 0.45 0.4828125 0.49375
1 0.5328125 0.50625 0.54375 0.5229166671875001 0.55625 0.5291666671875 0.5484375 0.5354166671875 0.5875 0.5125 0.5921875 0.49791666718750005 0.584375 0.46666666718750005 0.5859375 0.4145833328125 0.5640625 0.38333333281250004 0.559375 0.38333333281250004 0.546875 0.41041666718750003 0.546875 0.45416666718750004 0.5234375 0.45416666718750004 0.5328125 0.50625
1 0.496875 0.4375 0.496875 0.4458333328125 0.515625 0.4375 0.525 0.4583333328125 0.5453125 0.4583333328125 0.5375 0.4375 0.515625 0.4145833328125 0.5015625 0.40833333281249995 0.4984375 0.40833333281249995 0.49375 0.4125 0.49375 0.425 0.503125 0.4375 0.496875 0.4375
1 0.409375 0.28958333281250004 0.4015625 0.30625 0.3984375 0.3645833328125 0.4046875 0.3854166671875 0.4375 0.4270833328125 0.4453125 0.4583333328125 0.453125 0.46666666718750005 0.4625 0.46666666718750005 0.4796875 0.4458333328125 0.4796875 0.41875 0.4953125 0.3875 0.496875 0.3604166671875 0.48125 0.3291666671875 0.465625 0.31875 0.4734375 0.30416666718749996 0.471875 0.2916666671875 0.465625 0.2854166671875 0.46875 0.2770833328125 0.459375 0.2625 0.45 0.2625 0.434375 0.29375 0.415625 0.2770833328125 0.4078125 0.28125 0.409375 0.28958333281250004
1 0.50625 0.2791666671875 0.496875 0.30416666718749996 0.478125 0.2854166671875 0.4765625 0.31875 0.4984375 0.3604166671875 0.496875 0.3958333328125 0.5015625 0.40416666718750005 0.521875 0.4125 0.54375 0.40833333281249995 0.5546875 0.3854166671875 0.5890625 0.3479166671875 0.5890625 0.3291666671875 0.571875 0.32083333281250004 0.565625 0.2916666671875 0.55 0.2770833328125 0.55 0.23125 0.5421875 0.23125 0.5359375 0.24375 0.5328125 0.2708333328125 0.528125 0.2770833328125 0.50625 0.2791666671875
1 0.5890625 0.34375 0.5703125 0.3604166671875 0.5703125 0.3729166671875 0.5984375 0.3645833328125 0.6046875 0.3541666671875 0.603125 0.3291666671875 0.5875 0.29375 0.58125 0.29375 0.5703125 0.30416666718749996 0.5703125 0.3166666671875 0.5890625 0.3270833328125 0.5890625 0.34375