1 0.5916666671875 0.3125 0.6229166671875 0.28125 0.6229166671875 0.271875 0.59375 0.2265625 0.5645833328125 0.2140625 0.5520833328125 0.2171875 0.5458333328125 0.228125 0.5208333328125 0.2421875 0.5229166671875001 0.259375 0.5666666671875 0.31875 0.5916666671875 0.3125
1 0.2958333328125 0.5078125 0.3020833328125 0.484375 0.3020833328125 0.478125 0.2958333328125 0.4578125 0.2791666671875 0.4390625 0.24375 0.425 0.21458333281250003 0.425 0.1833333328125 0.4359375 0.1604166671875 0.4546875 0.1458333328125 0.48125 0.1458333328125 0.503125 0.1541666671875 0.521875 0.1708333328125 0.5375 0.1979166671875 0.5484375 0.225 0.55 0.2708333328125 0.534375 0.2958333328125 0.5078125
1 0.2604166671875 0.6359375 0.2666666671875 0.625 0.2666666671875 0.615625 0.25625 0.6078125 0.20208333281250002 0.596875 0.1833333328125 0.6109375 0.1833333328125 0.6234375 0.1979166671875 0.63125 0.1979166671875 0.6546875 0.20625 0.6484375 0.225 0.65 0.23333333281250002 0.6390625 0.2604166671875 0.6359375
1 0.3541666671875 0.603125 0.35625 0.5578125 0.35625 0.55 0.3020833328125 0.54375 0.26875 0.55 0.2708333328125 0.5734375 0.2791666671875 0.565625 0.2833333328125 0.56875 0.28125 0.578125 0.2708333328125 0.58125 0.2791666671875 0.58125 0.28125 0.5859375 0.26875 0.5875 0.26875 0.5984375 0.2875 0.615625 0.3541666671875 0.603125
1 0.38125 0.5296875 0.38125 0.52109375 0.38125 0.5125 0.3604166671875 0.490625 0.3333333328125 0.4796875 0.3166666671875 0.4828125 0.30625 0.490625 0.30625 0.5203125 0.3333333328125 0.5421875 0.36875 0.54375 0.38125 0.5296875
1 0.46875 0.6046875 0.4791666671875 0.5921875 0.4791666671875 0.5796875 0.47083333281249995 0.571875 0.42291666718750004 0.55625 0.40833333281249995 0.55625 0.39375 0.5734375 0.40208333281249997 0.5859375 0.45 0.60625 0.46875 0.6046875
1 0.39375 0.665625 0.40208333281249997 0.646875 0.40208333281249997 0.64375 0.39375 0.63125 0.3604166671875 0.6203125 0.3479166671875 0.621875 0.325 0.6390625 0.325 0.6484375 0.33541666718749996 0.65625 0.3416666671875 0.671875 0.3604166671875 0.6796875 0.38125 0.675 0.39375 0.665625
1 0.33541666718749996 0.73125 0.35 0.709375 0.35 0.7015625 0.33541666718749996 0.6796875 0.32083333281250004 0.703125 0.2979166671875 0.7234375 0.27291666718749996 0.7359375 0.2208333328125 0.7484375 0.20833333281250002 0.7546875 0.20625 0.7640625 0.21458333281250003 0.76875 0.24375 0.7703125 0.28125 0.7625 0.33541666718749996 0.73125
1 0.34375 0.809375 0.39791666718749996 0.8078125 0.39791666718749996 0.8 0.3875 0.79375 0.36666666718749996 0.796875 0.3458333328125 0.7921875 0.33541666718749996 0.775 0.3104166671875 0.7640625 0.2875 0.7609375 0.2791666671875 0.765625 0.2791666671875 0.775 0.27291666718749996 0.7671875 0.2666666671875 0.76875 0.2666666671875 0.8078125 0.2770833328125 0.821875 0.2958333328125 0.828125 0.2958333328125 0.875 0.30416666718749996 0.88125 0.3145833328125 0.8765625 0.31875 0.821875 0.3270833328125 0.8140625 0.34375 0.809375
1 0.4145833328125 0.7875 0.43125 0.7640625 0.43125 0.7609375 0.4166666671875 0.7453125 0.4 0.7375 0.3854166671875 0.7375 0.3625 0.7515625 0.3625 0.790625 0.40208333281249997 0.7921875 0.4145833328125 0.7875
1 0.43958333281249995 0.71875 0.4583333328125 0.696875 0.4583333328125 0.6828125 0.4458333328125 0.6703125 0.40416666718750005 0.65625 0.38125 0.6765625 0.3645833328125 0.68125 0.36666666718749996 0.696875 0.40833333281249995 0.725 0.4270833328125 0.725 0.43958333281249995 0.71875
1 0.7729166671875001 0.6109375 0.78125 0.6078125 0.7791666671875 0.60625 0.7666666671875 0.596875 0.7375 0.5984375 0.7291666671875 0.5765625 0.71875 0.5671875 0.6875 0.5625 0.675 0.5546875 0.6666666671875 0.5609375 0.6708333328125 0.565625 0.6645833328124999 0.575 0.6520833328125 0.578125 0.6625 0.6171875 0.68125 0.6484375 0.7041666671875 0.6625 0.7145833328125 0.6578125 0.7125 0.6265625 0.7666666671875 0.6265625 0.7729166671875001 0.6234375 0.7729166671875001 0.6109375
1 0.7416666671875001 0.565625 0.7479166671875 0.5609375 0.7479166671875 0.553125 0.725 0.5328125 0.7 0.53125 0.6875 0.540625 0.6916666671875 0.5609375 0.7416666671875001 0.565625
1 0.7270833328124999 0.496875 0.7291666671875 0.490625 0.7291666671875 0.4890625 0.6770833328125 0.4609375 0.64375 0.4640625 0.6416666671875 0.4953125 0.6479166671875001 0.5 0.7083333328125 0.50625 0.7270833328124999 0.496875
1 0.7583333328124999 0.4765625 0.7604166671875 0.46328125 0.7604166671875 0.4546875 0.74375 0.44375 0.7166666671875 0.4453125 0.6916666671875 0.45 0.6854166671875 0.4640625 0.7416666671875001 0.4984375 0.7416666671875001 0.490625 0.7583333328124999 0.4765625
1 0.6604166671875 0.578125 0.6666666671875 0.5390625 0.6666666671875 0.53125 0.6604166671875 0.5234375 0.5875 0.5140625 0.58125 0.51875 0.5729166671875 0.5640625 0.5958333328125 0.575 0.6604166671875 0.578125
1 0.59375 0.3890625 0.6083333328125 0.3875 0.6083333328125 0.38125 0.5916666671875 0.378125 0.5770833328125 0.3640625 0.55625 0.3609375 0.54375 0.3703125 0.5395833328124999 0.403125 0.5541666671875001 0.4078125 0.5916666671875 0.3984375 0.59375 0.3890625