1 0.2640625 0.3541666671875 0.2546875 0.32083333281250004 0.24375 0.30625 0.2171875 0.2958333328125 0.171875 0.3083333328125 0.1546875 0.3270833328125 0.1421875 0.3604166671875 0.1453125 0.3875 0.1765625 0.4291666671875 0.171875 0.45208333281249996 0.175 0.46666666718750005 0.1984375 0.50625 0.20625 0.50625 0.2265625 0.5041666671875 0.240625 0.4895833328125 0.2484375 0.44166666718750003 0.2359375 0.4145833328125 0.2640625 0.375 0.2640625 0.3541666671875
1 0.65625 0.08541666718749999 0.6484375 0.0666666671875 0.596875 0.0020833328125000002 0.5421875 0.0020833328125000002 0.5375 0.029166667187500002 0.4640625 0.1041666671875 0.4546875 0.125 0.4671875 0.1458333328125 0.503125 0.175 0.484375 0.24583333281250003 0.4890625 0.2625 0.5046875 0.2833333328125 0.5421875 0.3125 0.5671875 0.3229166671875 0.5796875 0.3229166671875 0.590625 0.31875 0.609375 0.29375 0.671875 0.17916666718750002 0.678125 0.1520833328125 0.6625 0.13125 0.65625 0.08541666718749999
1 0.309375 0.46875 0.3046875 0.45625 0.2859375 0.4604166671875 0.2734375 0.49791666718750005 0.2609375 0.46875 0.25 0.4604166671875 0.2375 0.5041666671875 0.228125 0.5166666671875 0.228125 0.5270833328125 0.2484375 0.5604166671875 0.2359375 0.6 0.2515625 0.6416666671875 0.2671875 0.65625 0.26875 0.675 0.275 0.675 0.2875 0.6541666671875 0.30625 0.6479166671875001 0.3171875 0.6083333328125 0.3109375 0.5791666671875 0.2921875 0.5604166671875 0.309375 0.46875
1 0.1515625 0.5979166671875 0.146875 0.5666666671875 0.121875 0.5145833328125 0.1109375 0.5 0.090625 0.49583333281249997 0.0015625 0.5291666671875 0.0015625 0.6916666671875 0.0234375 0.69375 0.0640625 0.68125 0.0828125 0.8083333328125001 0.0875 0.8166666671874999 0.1 0.8208333328125 0.1125 0.8208333328125 0.1375 0.8083333328125001 0.146875 0.79375 0.1484375 0.7770833328125 0.1328125 0.65 0.1515625 0.6270833328125 0.1515625 0.5979166671875
1 0.2640625 0.7479166671875 0.25 0.7333333328125 0.25625 0.6520833328125 0.234375 0.6 0.2375 0.575 0.2 0.5625 0.153125 0.5666666671875 0.1546875 0.625 0.1359375 0.65 0.140625 0.7 0.178125 0.6895833328125 0.1921875 0.69375 0.1984375 0.7104166671875001 0.1890625 0.725 0.1453125 0.7354166671875 0.15 0.7770833328125 0.1578125 0.7770833328125 0.1953125 0.7666666671875 0.225 0.75 0.2421875 0.75 0.259375 0.7625 0.265625 0.7604166671875 0.2640625 0.7479166671875
1 0.028125 0.7375 0.034375 0.7666666671875 0.0546875 0.7645833328125 0.0609375 0.7791666671875 0.0703125 0.7791666671875 0.0734375 0.7583333328124999 0.0609375 0.6833333328125 0.034375 0.69375 0.0015625 0.6958333328124999 0.0015625 0.7083333328125 0.028125 0.7375
1 0.3421875 0.5895833328125 0.3421875 0.5666666671875 0.309375 0.5708333328124999 0.31875 0.6083333328125 0.309375 0.6395833328125 0.29375 0.6583333328125 0.303125 0.6854166671875 0.3109375 0.69375 0.3125 0.69375 0.328125 0.6875 0.3375 0.6729166671875 0.3375 0.6416666671875 0.35 0.6229166671875 0.35 0.6041666671875 0.3421875 0.5895833328125
1 0.3609375 0.6354166671875 0.35 0.6333333328124999 0.3421875 0.6395833328125 0.3375 0.6729166671875 0.3265625 0.6895833328125 0.3125 0.69375 0.303125 0.6875 0.3 0.7125 0.3140625 0.725 0.3223953125 0.725 0.35625 0.7208333328125 0.3765625 0.70625 0.3734375 0.6604166671875 0.3671875 0.64375 0.3578125 0.6395833328125 0.3609375 0.6354166671875
1 0.5515625 0.6229166671875 0.528125 0.6333333328124999 0.521875 0.6541666671875 0.528125 0.6854166671875 0.5265625 0.7041666671875 0.5390625 0.7041666671875 0.584375 0.6854166671875 0.6 0.675 0.6078125 0.6604166671875 0.5890625 0.6354166671875 0.571875 0.6229166671875 0.5515625 0.6229166671875
1 0.99375 0.07291666718749999 0.96875 0.0020833328125000002 0.7640625 0.0020833328125000002 0.778125 0.0229166671875 0.7875 0.0270833328125 0.790625 0.0375 0.784375 0.0458333328125 0.740625 0.0625 0.7296875 0.0770833328125 0.721875 0.1041666671875 0.721875 0.1270833328125 0.7359375 0.17916666718750002 0.753125 0.21875 0.79375 0.2270833328125 0.81875 0.2479166671875 0.8390625 0.2541666671875 0.84375 0.2541666671875 0.875 0.24375 0.8984375 0.2125 0.921875 0.20416666718749998 0.959375 0.175 0.990625 0.1291666671875 0.99375 0.07291666718749999
1 0.60625 0.42291666718750004 0.5953125 0.41875 0.58125 0.4375 0.5375 0.44375 0.51875 0.45416666718750004 0.5125 0.46875 0.5265625 0.49375 0.521875 0.5104166671875 0.525 0.5333333328125 0.53125 0.5333333328125 0.6671875 0.49791666718750005 0.6875 0.4604166671875 0.6875 0.45208333281249996 0.6625 0.36666666718749996 0.6265625 0.3916666671875 0.60625 0.42291666718750004
1 0.625 0.51875 0.603125 0.51875 0.5234375 0.5354166671875 0.51875 0.5895833328125 0.51875 0.6104166671875 0.5234375 0.6166666671875001 0.534375 0.6166666671875001 0.5875 0.60625 0.6078125 0.59375 0.6296875 0.5666666671875 0.634375 0.55 0.6328125 0.5270833328125 0.625 0.51875
1 0.5875 0.35208333281250004 0.6125 0.3479166671875 0.6234375 0.36666666718749996 0.6234375 0.3895833328125 0.628125 0.3895833328125 0.6390625 0.3770833328125 0.6390625 0.3604166671875 0.63125 0.3458333328125 0.6046875 0.33125 0.5765625 0.33125 0.5875 0.35208333281250004
1 0.3625 0.575 0.3703125 0.575 0.428125 0.5625 0.44375 0.54375 0.43125 0.5291666671875 0.3796875 0.5229166671875001 0.359375 0.5083333328124999 0.3625 0.575
1 0.3765625 0.6083333328125 0.384375 0.6416666671875 0.3921875 0.6416666671875 0.44375 0.63125 0.44375 0.5916666671875 0.425 0.575 0.409375 0.575 0.3796875 0.5916666671875 0.3765625 0.6083333328125