1 0.81875 0 0.8421875 0.1270833328125 0.8546875 0.1625 0.884375 0.2125 0.8984375 0.21458333281250003 0.91875 0.20416666718749998 0.9875 0.1520833328125 0.990625 0.13333333281249998 0.9671875 0.06875 0.9265625 0.01875 0.896875 0 0.8265625 0 0.81875 0
1 0.425 0.50625 0.39375 0.4770833328125 0.3828125 0.4770833328125 0.334375 0.49583333281249997 0.3125 0.5208333328125 0.2765625 0.5395833328124999 0.2453125 0.5645833328125 0.2328125 0.5833333328125 0.19375 0.6083333328125 0.071875 0.7604166671875 0.065625 0.7958333328125 0.071875 0.8166666671874999 0.0890625 0.83125 0.1015625 0.8291666671875 0.1546875 0.8020833328125001 0.175 0.78125 0.1921875 0.7791666671875 0.2265625 0.75625 0.2625 0.7583333328124999 0.2875 0.7520833328125 0.30625 0.76875 0.353125 0.7729166671875001 0.4046875 0.8208333328125 0.415625 0.8416666671874999 0.3984375 0.8875 0.4046875 0.8875 0.409375 0.875 0.4203125 0.8708333328125001 0.440625 0.84375 0.45625 0.8375 0.5125 0.84375 0.51875 0.8020833328125001 0.5140625 0.7770833328125 0.50625 0.7708333328125 0.4953125 0.775 0.478125 0.7604166671875 0.4546875 0.7291666671875 0.3765625 0.6520833328125 0.3796875 0.6270833328125 0.390625 0.6208333328125 0.39375 0.6083333328125 0.40625 0.6020833328124999 0.4390625 0.55 0.4375 0.5291666671875 0.425 0.50625
1 0.5109375 0.8520833328125 0.4640625 0.8416666671874999 0.4546875 0.8416666671874999 0.4359375 0.8541666671874999 0.3546875 0.9416666671874999 0.3390625 0.9625 0.334375 0.9979166671874999 0.534375 0.9979166671874999 0.528125 0.9729166671874999 0.5359375 0.95625 0.5296875 0.95 0.534375 0.9458333328125 0.534375 0.93125 0.5234375 0.90625 0.5109375 0.9020833328125001 0.5109375 0.8520833328125
1 0.725 0.38333333281250004 0.71171875 0.3791666671875 0.7015625 0.3791666671875 0.5953125 0.40625 0.578125 0.425 0.5703125 0.45 0.56875 0.5083333328124999 0.5765625 0.5229166671875001 0.625 0.53125 0.6421875 0.5416666671875 0.6390625 0.6083333328125 0.646875 0.6229166671875 0.7296875 0.5645833328125 0.753125 0.5604166671875 0.76875 0.5333333328125 0.7640625 0.45 0.75625 0.43541666718750005 0.7453125 0.43125 0.725 0.38333333281250004
1 0.30625 0.7729166671875001 0.2828125 0.7541666671875 0.278125 0.7541666671875 0.265625 0.7604166671875 0.2359375 0.7583333328124999 0.1921875 0.78125 0.1859375 0.8291666671875 0.1921875 0.8416666671874999 0.165625 0.8416666671874999 0.1578125 0.8270833328125 0.1421875 0.8270833328125 0.1296875 0.8520833328125 0.13125 0.8645833328125001 0.146875 0.8895833328125 0.1640625 0.9 0.171875 0.8958333328125001 0.16875 0.8895833328125 0.2015625 0.8895833328125 0.2203125 0.9 0.253125 0.9041666671874999 0.3 0.9541666671875 0.3265625 0.9520833328125 0.340625 0.9416666671874999 0.3734375 0.8958333328125001 0.390625 0.8479166671874999 0.3921875 0.81875 0.359375 0.78125 0.334375 0.7729166671875001 0.30625 0.7729166671875001
1 0.734375 0 0.7265625 0.01875 0.671875 0.06875 0.653125 0.0979166671875 0.7296875 0.2104166671875 0.7578125 0.23125 0.76875 0.23125 0.7796875 0.225 0.7921875 0.20208333281250002 0.8 0.1770833328125 0.8015625 0.15 0.8109375 0.13333333281249998 0.8109375 0.1166666671875 0.7921875 0.060416667187499995 0.784375 0.010416667187500001 0.778125 0 0.743125 0 0.734375 0
1 0.5703125 0 0.571875 0.04375 0.58125 0.075 0.59375 0.0958333328125 0.6046875 0.08333333281250001 0.5890625 0.05 0.5828125 0 0.5703125 0
1 0.63125 0.0791666671875 0.62265625 0.0791666671875 0.6140625 0.0791666671875 0.5953125 0.0979166671875 0.5859375 0.1166666671875 0.584375 0.13333333281249998 0.59375 0.1541666671875 0.7015625 0.3104166671875 0.71875 0.3145833328125 0.7328125 0.3083333328125 0.75625 0.2791666671875 0.753125 0.2416666671875 0.734375 0.22291666718749997 0.646875 0.09375 0.63125 0.0791666671875
1 0.3671875 0.3916666671875 0.3109375 0.3375 0.3078125 0.3375 0.2921875 0.34375 0.2890625 0.35625 0.3421875 0.42291666718750004 0.3328125 0.4583333328125 0.3359375 0.48125 0.365625 0.4791666671875 0.409375 0.4375 0.4203125 0.4375 0.409375 0.4291666671875 0.3953125 0.3854166671875 0.384375 0.38333333281250004 0.3671875 0.3916666671875
1 0.5328125 0.4458333328125 0.50625 0.39375 0.4953125 0.39375 0.4640625 0.42291666718750004 0.4390625 0.45625 0.43125 0.475 0.428125 0.50625 0.440625 0.5270833328125 0.44375 0.54375 0.4703125 0.525 0.5203125 0.5604166671875 0.54375 0.54375 0.553125 0.5270833328125 0.5546875 0.50625 0.5328125 0.4458333328125
1 0.49375 0.6333333328124999 0.421875 0.6020833328124999 0.4140625 0.6020833328124999 0.3953125 0.6291666671875 0.39375 0.6604166671875 0.4046875 0.6666666671875 0.4140625 0.6854166671875 0.45 0.7208333328125 0.4796875 0.7604166671875 0.49375 0.7645833328125 0.521875 0.6958333328124999 0.5171875 0.6625 0.49375 0.6333333328124999
1 0.4328125 0.4625 0.4203125 0.43541666718750005 0.4140625 0.43541666718750005 0.371875 0.4770833328125 0.3984375 0.475 0.425 0.5041666671875 0.4328125 0.4625