1 0.48125 0.6265625 0.4770833328125 0.6359375 0.4770833328125 0.646875 0.48541666718750004 0.684375 0.48541666718750004 0.7234375 0.49791666718750005 0.7390625 0.5666666671875 0.7390625 0.63125 0.7296875 0.6458333328125 0.7234375 0.6520833328125 0.7046875 0.6708333328125 0.69375 0.6479166671875001 0.625 0.65625 0.6109375 0.6416666671875 0.6078125 0.6395833328125 0.6 0.6291666671875 0.5953125 0.54375 0.6046875 0.48125 0.6265625
1 0.5125 0.328125 0.50625 0.34609375 0.50625 0.3546875 0.51875 0.3734375 0.5416666671875 0.3796875 0.58125 0.3796875 0.73125 0.3625 0.7395833328125 0.3578125 0.7375 0.3140625 0.7291666671875 0.30625 0.7 0.30625 0.55625 0.315625 0.5125 0.328125
1 0.6395833328125 0.071875 0.6354166671875 0.08671875 0.6354166671875 0.0953125 0.6708333328125 0.2234375 0.7354166671875 0.2734375 0.7645833328125 0.2765625 0.86875 0.2546875 0.8958333328125001 0.24375 0.8854166671874999 0.165625 0.85625 0.053125 0.8416666671874999 0.0203125 0.7916666671875 0.028125 0.6520833328125 0.0671875 0.6395833328125 0.071875
1 0.5229166671875001 0.0125 0.5 0.03125 0.5 0.040625 0.5333333328125 0.0796875 0.5229166671875001 0.10625 0.55625 0.134375 0.5833333328125 0.1453125 0.60625 0.1453125 0.6375 0.1296875 0.6333333328124999 0.0640625 0.5979166671875 0.0140625 0.58125 0.00625 0.55625 0.003125 0.5229166671875001 0.0125
1 0.7604166671875 0.2984375 0.7479166671875 0.3046875 0.7479166671875 0.3109375 0.7625 0.415625 0.7729166671875001 0.4390625 0.9979166671874999 0.4203125 0.9979166671874999 0.26875 0.7604166671875 0.2984375
1 0.4291666671875 0.184375 0.42083333281249996 0.1890625 0.42083333281249996 0.196875 0.45 0.209375 0.45625 0.240625 0.4875 0.25625 0.49583333281249997 0.25625 0.5041666671875 0.246875 0.50625 0.23125 0.5833333328125 0.253125 0.5979166671875 0.25 0.6083333328125 0.2359375 0.625 0.2265625 0.6166666671875001 0.18125 0.6083333328125 0.16875 0.5833333328125 0.153125 0.5208333328125 0.1578125 0.5104166671875 0.1625 0.50625 0.178125 0.47083333281249995 0.178125 0.45416666718750004 0.1859375 0.4291666671875 0.184375
1 0.23333333281250002 0 0.23333333281250002 0.00625 0.2833333328125 0.065625 0.3020833328125 0.146875 0.3458333328125 0.190625 0.38125 0.1859375 0.45416666718750004 0.1515625 0.50625 0.1125 0.5291666671875 0.0859375 0.5291666671875 0.078125 0.49375 0.0375 0.4625 0.0203125 0.44375 0 0.23333333281250002 0
1 0.0979166671875 0.1265625 0.08541666718749999 0.15 0.08541666718749999 0.1546875 0.14375 0.246875 0.1916666671875 0.278125 0.20208333281250002 0.278125 0.2270833328125 0.2625 0.23541666718749998 0.2484375 0.275 0.24375 0.2958333328125 0.2234375 0.2958333328125 0.2078125 0.20625 0.0828125 0.17916666718750002 0.0828125 0.15625 0.090625 0.1354166671875 0.1171875 0.0979166671875 0.1265625
1 0.4166666671875 0.490625 0.4 0.509375 0.4 0.5171875 0.4166666671875 0.5421875 0.45416666718750004 0.5671875 0.49375 0.5734375 0.58125 0.55 0.6041666671875 0.5234375 0.6291666671875 0.51875 0.6458333328125 0.5046875 0.6541666671875 0.4859375 0.6395833328125 0.4625 0.60625 0.43125 0.5770833328125 0.428125 0.5333333328125 0.4359375 0.50625 0.4515625 0.48333333281249996 0.4546875 0.4166666671875 0.490625
1 0.21875 0.36875 0.19583333281249998 0.3796875 0.20208333281250002 0.384375 0.22291666718749997 0.384375 0.225 0.371875 0.21875 0.36875
1 0.15 0.3875 0.1395833328125 0.40625 0.1395833328125 0.4078125 0.1541666671875 0.425 0.1770833328125 0.434375 0.225 0.4671875 0.24375 0.46875 0.2625 0.4625 0.2645833328125 0.4546875 0.25 0.4421875 0.24375 0.41875 0.23333333281250002 0.409375 0.1916666671875 0.409375 0.1666666671875 0.403125 0.15 0.3734375 0.14375 0.3765625 0.15 0.3875