1 0.0875 0.90625 0.23958333281250002 0.903125 0.2645833328125 0.8734375 0.27291666718749996 0.83125 0.275 0.8296875 0.25833333281250004 0.8140625 0.23333333281250002 0.809375 0.1145833328125 0.803125 0.1041666671875 0.80625 0.0958333328125 0.828125 0.0791666671875 0.834375 0.060416667187499995 0.8796875 0.0875 0.90625
1 0.0916666671875 0.8296875 0.10625 0.796875 0.10625 0.784375 0.08541666718749999 0.7546875 0.0354166671875 0.7703125 0.0229166671875 0.75625 0.0020833328125000002 0.759375 0.0020833328125000002 0.8734375 0.010416667187500001 0.85625 0.0375 0.8296875 0.0916666671875 0.8296875
1 0.08125 0.671875 0.10833333281249999 0.66875 0.1291666671875 0.646875 0.1291666671875 0.634375 0.0458333328125 0.5484375 0.0229166671875 0.5453125 0.0020833328125000002 0.5515625 0.0020833328125000002 0.69375 0.0270833328125 0.703125 0.054166667187499996 0.7 0.06875 0.6921875 0.08125 0.671875
1 0.2645833328125 0.7203125 0.28958333281250004 0.70625 0.28958333281250004 0.69375 0.2645833328125 0.6640625 0.23333333281250002 0.6546875 0.1979166671875 0.6578125 0.17916666718750002 0.6671875 0.1708333328125 0.68125 0.1770833328125 0.7015625 0.21458333281250003 0.7234375 0.2645833328125 0.7203125
1 0.27291666718749996 0.809375 0.2916666671875 0.8140625 0.3395833328125 0.8046875 0.36666666718749996 0.778125 0.3770833328125 0.7484375 0.3770833328125 0.74375 0.3625 0.71875 0.3416666671875 0.709375 0.3166666671875 0.709375 0.28958333281250004 0.71875 0.26875 0.734375 0.2541666671875 0.75625 0.25625 0.7953125 0.27291666718749996 0.809375
1 0.3791666671875 0.8890625 0.4 0.8890625 0.41875 0.88125 0.44166666718750003 0.8515625 0.44166666718750003 0.84296875 0.43541666718750005 0.7984375 0.425 0.7984375 0.40208333281249997 0.809375 0.3541666671875 0.8109375 0.3333333328125 0.8265625 0.3333333328125 0.840625 0.35208333281250004 0.86875 0.3791666671875 0.8890625
1 0.4375 0.821875 0.44375 0.8484375 0.4291666671875 0.8765625 0.45208333281249996 0.8921875 0.46458333281249997 0.89375 0.47083333281249995 0.8890625 0.47083333281249995 0.8765625 0.45 0.8390625 0.45 0.7875 0.4583333328125 0.7609375 0.4479166671875 0.759375 0.4166666671875 0.7921875 0.4166666671875 0.8 0.44166666718750003 0.8 0.4375 0.821875
1 0.5041666671875 0.859375 0.5270833328125 0.8453125 0.54375 0.821875 0.54375 0.8171875 0.51875 0.8078125 0.4875 0.8125 0.4770833328125 0.8046875 0.47291666718750003 0.790625 0.45416666718750004 0.80625 0.45625 0.8515625 0.47291666718750003 0.8625 0.5041666671875 0.859375
1 0.49375 0.740625 0.4791666671875 0.78125 0.4791666671875 0.79375 0.4895833328125 0.8109375 0.5083333328124999 0.809375 0.5166666671875 0.803125 0.5645833328125 0.7484375 0.5916666671875 0.703125 0.6083333328125 0.6609375 0.60625 0.6515625 0.6083333328125 0.65 0.5895833328125 0.63125 0.5583333328125 0.6265625 0.5270833328125 0.66875 0.47083333281249995 0.65 0.4479166671875 0.6734375 0.48541666718750004 0.703125 0.49375 0.7203125 0.49375 0.740625
1 0.3229166671875 0.6234375 0.3458333328125 0.665625 0.3583333328125 0.675 0.3791666671875 0.6828125 0.40625 0.6828125 0.4291666671875 0.6765625 0.4604166671875 0.65625 0.48333333281249996 0.6171875 0.48333333281249996 0.609375 0.48333333281249996 0.5859375 0.47083333281249995 0.565625 0.4458333328125 0.55 0.40625 0.546875 0.36875 0.5578125 0.3416666671875 0.5765625 0.3270833328125 0.6 0.3229166671875 0.6234375
1 0.42083333281249996 0.5234375 0.4604166671875 0.53125 0.5020833328125 0.53125 0.5625 0.5171875 0.5625 0.50625 0.5604166671875 0.5 0.5583333328125 0.50625 0.55 0.50625 0.50625 0.4828125 0.46666666718750005 0.4734375 0.44375 0.4796875 0.4125 0.50625 0.42083333281249996 0.5234375
1 0.4875 0.5875 0.5020833328125 0.5921875 0.5333333328125 0.584375 0.5854166671875001 0.5859375 0.6166666671875001 0.5640625 0.6166666671875001 0.559375 0.5895833328125 0.546875 0.5458333328125 0.546875 0.5458333328125 0.5234375 0.49375 0.5328125 0.4770833328125 0.54375 0.47083333281249995 0.55625 0.46458333281249997 0.5484375 0.4875 0.5875
1 0.5416666671875 0.5453125 0.5625 0.5375 0.5854166671875001 0.515625 0.5916666671875 0.5015625 0.5916666671875 0.4984375 0.5875 0.49375 0.575 0.49375 0.5625 0.503125 0.5625 0.496875 0.5541666671875001 0.496875 0.5625 0.515625 0.5416666671875 0.525 0.5416666671875 0.5453125
1 0.5729166671875 0.4375 0.5416666671875 0.4453125 0.5333333328125 0.453125 0.5333333328125 0.4625 0.5541666671875001 0.4796875 0.58125 0.4796875 0.6125 0.4953125 0.6395833328125 0.496875 0.6708333328125 0.48125 0.68125 0.465625 0.6958333328124999 0.4734375 0.7083333328125 0.471875 0.7145833328125 0.465625 0.7229166671875 0.46875 0.7375 0.459375 0.7375 0.45 0.70625 0.434375 0.7229166671875 0.415625 0.71875 0.4078125 0.7104166671875001 0.409375 0.69375 0.4015625 0.6354166671875 0.3984375 0.6145833328125 0.4046875 0.5729166671875 0.4375
1 0.6395833328125 0.4984375 0.6041666671875 0.496875 0.5958333328125 0.5015625 0.5875 0.521875 0.5916666671875 0.54375 0.6145833328125 0.5546875 0.6520833328125 0.5890625 0.6708333328125 0.5890625 0.6791666671875001 0.571875 0.7083333328125 0.565625 0.7229166671875 0.55 0.76875 0.55 0.76875 0.5421875 0.75625 0.5359375 0.7291666671875 0.5328125 0.7229166671875 0.528125 0.7208333328125 0.50625 0.6958333328124999 0.496875 0.7145833328125 0.478125 0.68125 0.4765625 0.6395833328125 0.4984375
1 0.6458333328125 0.6046875 0.6708333328125 0.603125 0.70625 0.5875 0.70625 0.58125 0.6958333328124999 0.5703125 0.6833333328125 0.5703125 0.6729166671875 0.5890625 0.65625 0.5890625 0.6395833328125 0.5703125 0.6270833328125 0.5703125 0.6354166671875 0.5984375 0.6458333328125 0.6046875