1 0.671875 0.4895833328125 0.6703125 0.47083333281249995 0.6234375 0.4604166671875 0.6140625 0.4604166671875 0.5953125 0.54375 0.609375 0.5583333328125 0.6546875 0.5645833328125 0.671875 0.4895833328125
1 0.7046875 0.5458333328125 0.7609375 0.5541666671875001 0.775 0.45416666718750004 0.7671875 0.4479166671875 0.7078125 0.4375 0.7046875 0.4375 0.6984375 0.44375 0.6859375 0.5041666671875 0.6875 0.5354166671875 0.7046875 0.5458333328125
1 0.68125 0.40625 0.7015625 0.39791666718749996 0.709375 0.3770833328125 0.7046875 0.31875 0.6890625 0.30416666718749996 0.68125 0.30416666718749996 0.6625 0.3104166671875 0.6515625 0.3333333328125 0.6609375 0.3895833328125 0.68125 0.40625
1 0.6234375 0.38333333281250004 0.6421875 0.3708333328125 0.6453125 0.34375 0.634375 0.30416666718749996 0.6328125 0.26875 0.609375 0.23333333281250002 0.596875 0.23333333281250002 0.590625 0.2416666671875 0.584375 0.2916666671875 0.6046875 0.3729166671875 0.6234375 0.38333333281250004
1 0.4546875 0.4125 0.4703125 0.4166666671875 0.4890625 0.43333333281249997 0.503125 0.4270833328125 0.5390625 0.35625 0.5390625 0.3416666671875 0.534375 0.33541666718749996 0.5125 0.3291666671875 0.503125 0.31875 0.490625 0.31875 0.48125 0.325 0.465625 0.3541666671875 0.45 0.39791666718749996 0.4546875 0.4125
1 0.521875 0.5604166671875 0.5296875 0.5541666671875001 0.553125 0.5020833328125 0.540625 0.4875 0.540625 0.47291666718750003 0.5359375 0.46666666718750005 0.4953125 0.44375 0.4921875 0.44375 0.478125 0.47083333281249995 0.46875 0.5166666671875 0.4828125 0.5375 0.521875 0.5604166671875
1 0.5 0.64375 0.515625 0.6645833328124999 0.528125 0.6708333328125 0.55 0.66875 0.5546875 0.6395833328125 0.5640625 0.6416666671875 0.56875 0.65 0.5875 0.6479166671875001 0.621875 0.6 0.625 0.575 0.6203125 0.5729166671875 0.61875 0.5708333328124999 0.55625 0.6291666671875 0.51875 0.6416666671875 0.503125 0.6375 0.5 0.64375
1 0.4359375 0.6583333328125 0.459375 0.6604166671875 0.4734375 0.6541666671875 0.49375 0.6208333328125 0.4953125 0.5916666671875 0.490625 0.5770833328125 0.478125 0.5625 0.465625 0.5583333328125 0.4578125 0.5583333328125 0.4328125 0.5708333328124999 0.415625 0.6020833328124999 0.415625 0.6291666671875 0.4359375 0.6583333328125
1 0.528125 0.3270833328125 0.534375 0.3125 0.534375 0.28958333281250004 0.53125 0.28125 0.515625 0.2770833328125 0.50625 0.2666666671875 0.5015625 0.2666666671875 0.4921875 0.2770833328125 0.4875 0.3104166671875 0.5125 0.3270833328125 0.528125 0.3270833328125
1 0.3109375 0.45208333281249996 0.3078125 0.4583333328125 0.3078125 0.46458333281249997 0.3203125 0.475 0.3234375 0.4895833328125 0.3375 0.5020833328125 0.3453125 0.49583333281249997 0.3453125 0.475 0.3640625 0.47291666718750003 0.34375 0.40625 0.340625 0.40625 0.3328125 0.425 0.3359375 0.44375 0.3265625 0.45208333281249996 0.3109375 0.45208333281249996
1 0.4234375 0.8875 0.4375 0.9104166671874999 0.4578125 0.9229166671875 0.4859375 0.9229166671875 0.50625 0.9104166671874999 0.528125 0.88125 0.5375 0.8479166671874999 0.5375 0.8125 0.525 0.7770833328125 0.50625 0.7583333328124999 0.4828125 0.7520833328125 0.4796875 0.7520833328125 0.4421875 0.7708333328125 0.421875 0.8041666671875 0.415625 0.8354166671875 0.4234375 0.8875
1 0.496875 0.94375 0.4890625 0.96875 0.4890625 0.9979166671874999 0.5875 0.9979166671874999 0.58125 0.95 0.5921875 0.9333333328125001 0.596875 0.8958333328125001 0.584375 0.8625 0.584375 0.8395833328125001 0.575 0.83125 0.5671875 0.83125 0.5453125 0.8708333328125001 0.5421875 0.9104166671874999 0.5109375 0.925 0.496875 0.94375
1 0.815625 0.6104166671875 0.828125 0.6104166671875 0.85625 0.59375 0.875 0.575 0.8859375 0.46666666718750005 0.875 0.44375 0.8578125 0.43125 0.8484375 0.43125 0.825 0.4583333328125 0.796875 0.5625 0.7984375 0.5854166671875001 0.815625 0.6104166671875
1 0.703125 0.6833333328125 0.721875 0.6958333328124999 0.7375 0.6979166671875 0.75625 0.6895833328125 0.7671875 0.6770833328125 0.7703125 0.65 0.75625 0.6083333328125 0.7328125 0.5958333328125 0.725 0.5958333328125 0.7109375 0.6020833328124999 0.6984375 0.61875 0.69375 0.6604166671875 0.703125 0.6833333328125
1 0.321875 0.8125 0.328125 0.8416666671874999 0.353125 0.8375 0.3609375 0.8416666671874999 0.375 0.8666666671875 0.3796875 0.8666666671875 0.4125 0.81875 0.434375 0.7416666671875001 0.4375 0.7125 0.4328125 0.6625 0.41875 0.64375 0.4125 0.64375 0.390625 0.65 0.3640625 0.6916666671875 0.334375 0.7666666671875 0.321875 0.8125
1 0.1796875 0.5708333328124999 0.184375 0.59375 0.2296875 0.60625 0.2484375 0.625 0.2484375 0.63125 0.2265625 0.6375 0.2265625 0.6625 0.2890625 0.6708333328125 0.303125 0.6541666671875 0.3109375 0.6208333328125 0.30625 0.5958333328125 0.3078125 0.5645833328125 0.3046875 0.54375 0.2890625 0.5333333328125 0.275 0.5333333328125 0.2453125 0.5479166671875 0.1890625 0.5458333328125 0.184375 0.5520833328125 0.1796875 0.5708333328124999