1 0.3125 0.40833333281249995 0.28125 0.3770833328125 0.271875 0.3770833328125 0.2265625 0.40625 0.2140625 0.43541666718750005 0.2171875 0.4479166671875 0.228125 0.45416666718750004 0.2421875 0.4791666671875 0.259375 0.4770833328125 0.31875 0.43333333281249997 0.3125 0.40833333281249995
1 0.5078125 0.7041666671875 0.484375 0.6979166671875 0.478125 0.6979166671875 0.4578125 0.7041666671875 0.4390625 0.7208333328125 0.425 0.75625 0.425 0.7854166671875 0.4359375 0.8166666671874999 0.4546875 0.8395833328125001 0.48125 0.8541666671874999 0.503125 0.8541666671874999 0.521875 0.8458333328125001 0.5375 0.8291666671875 0.5484375 0.8020833328125001 0.55 0.775 0.534375 0.7291666671875 0.5078125 0.7041666671875
1 0.6359375 0.7395833328125 0.625 0.7333333328125 0.615625 0.7333333328125 0.6078125 0.74375 0.596875 0.7979166671875 0.6109375 0.8166666671874999 0.6234375 0.8166666671874999 0.63125 0.8020833328125001 0.6546875 0.8020833328125001 0.6484375 0.79375 0.65 0.775 0.6390625 0.7666666671875 0.6359375 0.7395833328125
1 0.603125 0.6458333328125 0.5578125 0.64375 0.55 0.64375 0.54375 0.6979166671875 0.55 0.73125 0.5734375 0.7291666671875 0.565625 0.7208333328125 0.56875 0.7166666671875 0.578125 0.71875 0.58125 0.7291666671875 0.58125 0.7208333328125 0.5859375 0.71875 0.5875 0.73125 0.5984375 0.73125 0.615625 0.7125 0.603125 0.6458333328125
1 0.5296875 0.61875 0.52109375 0.61875 0.5125 0.61875 0.490625 0.6395833328125 0.4796875 0.6666666671875 0.4828125 0.6833333328125 0.490625 0.69375 0.5203125 0.69375 0.5421875 0.6666666671875 0.54375 0.63125 0.5296875 0.61875
1 0.6046875 0.53125 0.5921875 0.5208333328125 0.5796875 0.5208333328125 0.571875 0.5291666671875 0.55625 0.5770833328125 0.55625 0.5916666671875 0.5734375 0.60625 0.5859375 0.5979166671875 0.60625 0.55 0.6046875 0.53125
1 0.665625 0.60625 0.646875 0.5979166671875 0.64375 0.5979166671875 0.63125 0.60625 0.6203125 0.6395833328125 0.621875 0.6520833328125 0.6390625 0.675 0.6484375 0.675 0.65625 0.6645833328124999 0.671875 0.6583333328125 0.6796875 0.6395833328125 0.675 0.61875 0.665625 0.60625
1 0.73125 0.6645833328124999 0.709375 0.65 0.7015625 0.65 0.6796875 0.6645833328124999 0.703125 0.6791666671875001 0.7234375 0.7020833328125 0.7359375 0.7270833328124999 0.7484375 0.7791666671875 0.7546875 0.7916666671875 0.7640625 0.79375 0.76875 0.7854166671875 0.7703125 0.75625 0.7625 0.71875 0.73125 0.6645833328124999
1 0.809375 0.65625 0.8078125 0.6020833328124999 0.8 0.6020833328124999 0.79375 0.6125 0.796875 0.6333333328124999 0.7921875 0.6541666671875 0.775 0.6645833328124999 0.7640625 0.6895833328125 0.7609375 0.7125 0.765625 0.7208333328125 0.775 0.7208333328125 0.7671875 0.7270833328124999 0.76875 0.7333333328125 0.8078125 0.7333333328125 0.821875 0.7229166671875 0.828125 0.7041666671875 0.875 0.7041666671875 0.88125 0.6958333328124999 0.8765625 0.6854166671875 0.821875 0.68125 0.8140625 0.6729166671875 0.809375 0.65625
1 0.7875 0.5854166671875001 0.7640625 0.56875 0.7609375 0.56875 0.7453125 0.5833333328125 0.7375 0.6 0.7375 0.6145833328125 0.7515625 0.6375 0.790625 0.6375 0.7921875 0.5979166671875 0.7875 0.5854166671875001
1 0.71875 0.5604166671875 0.696875 0.5416666671875 0.6828125 0.5416666671875 0.6703125 0.5541666671875001 0.65625 0.5958333328125 0.6765625 0.61875 0.68125 0.6354166671875 0.696875 0.6333333328124999 0.725 0.5916666671875 0.725 0.5729166671875 0.71875 0.5604166671875
1 0.6109375 0.2270833328125 0.6078125 0.21875 0.60625 0.2208333328125 0.596875 0.23333333281250002 0.5984375 0.2625 0.5765625 0.2708333328125 0.5671875 0.28125 0.5625 0.3125 0.5546875 0.325 0.5609375 0.3333333328125 0.565625 0.3291666671875 0.575 0.33541666718749996 0.578125 0.3479166671875 0.6171875 0.3375 0.6484375 0.31875 0.6625 0.2958333328125 0.6578125 0.2854166671875 0.6265625 0.2875 0.6265625 0.23333333281250002 0.6234375 0.2270833328125 0.6109375 0.2270833328125
1 0.565625 0.25833333281250004 0.5609375 0.2520833328125 0.553125 0.2520833328125 0.5328125 0.275 0.53125 0.3 0.540625 0.3125 0.5609375 0.3083333328125 0.565625 0.25833333281250004
1 0.496875 0.27291666718749996 0.490625 0.2708333328125 0.4890625 0.2708333328125 0.4609375 0.3229166671875 0.4640625 0.35625 0.4953125 0.3583333328125 0.5 0.35208333281250004 0.50625 0.2916666671875 0.496875 0.27291666718749996
1 0.4765625 0.2416666671875 0.46328125 0.23958333281250002 0.4546875 0.23958333281250002 0.44375 0.25625 0.4453125 0.2833333328125 0.45 0.3083333328125 0.4640625 0.3145833328125 0.4984375 0.25833333281250004 0.490625 0.25833333281250004 0.4765625 0.2416666671875
1 0.578125 0.3395833328125 0.5390625 0.3333333328125 0.53125 0.3333333328125 0.5234375 0.3395833328125 0.5140625 0.4125 0.51875 0.41875 0.5640625 0.4270833328125 0.575 0.40416666718750005 0.578125 0.3395833328125
1 0.3890625 0.40625 0.3875 0.3916666671875 0.38125 0.3916666671875 0.378125 0.40833333281249995 0.3640625 0.42291666718750004 0.3609375 0.44375 0.3703125 0.45625 0.403125 0.4604166671875 0.4078125 0.4458333328125 0.3984375 0.40833333281249995 0.3890625 0.40625