1 0.7640625 0.5854166671875001 0.7359375 0.625 0.7359375 0.6458333328125 0.7453125 0.6791666671875001 0.75625 0.69375 0.7828125 0.7041666671875 0.828125 0.6916666671875 0.8453125 0.6729166671875 0.8578125 0.6395833328125 0.8546875 0.6125 0.8234375 0.5708333328124999 0.828125 0.5479166671875 0.825 0.5333333328125 0.8015625 0.49375 0.79375 0.49375 0.7734375 0.49583333281249997 0.759375 0.5104166671875 0.7515625 0.5583333328125 0.7640625 0.5854166671875001
1 0.321875 0.8479166671874999 0.3375 0.86875 0.34375 0.9145833328125 0.3515625 0.9333333328125001 0.403125 0.9979166671874999 0.4578125 0.9979166671874999 0.4625 0.9708333328125001 0.5359375 0.8958333328125001 0.5453125 0.875 0.5328125 0.8541666671874999 0.496875 0.825 0.515625 0.7541666671875 0.5109375 0.7375 0.4953125 0.7166666671875 0.4578125 0.6875 0.4328125 0.6770833328125 0.4203125 0.6770833328125 0.409375 0.68125 0.390625 0.70625 0.328125 0.8208333328125 0.321875 0.8479166671874999
1 0.6890625 0.42083333281249996 0.7078125 0.43958333281249995 0.690625 0.53125 0.6953125 0.54375 0.7140625 0.5395833328124999 0.7265625 0.5020833328125 0.7390625 0.53125 0.75 0.5395833328124999 0.7625 0.49583333281249997 0.771875 0.48333333281249996 0.771875 0.47291666718750003 0.7515625 0.43958333281249995 0.7640625 0.4 0.7484375 0.3583333328125 0.7328125 0.34375 0.73125 0.325 0.725 0.325 0.7125 0.3458333328125 0.69375 0.35208333281250004 0.6828125 0.3916666671875 0.6890625 0.42083333281249996
1 0.8671875 0.35 0.8484375 0.3729166671875 0.8484375 0.40208333281249997 0.853125 0.43333333281249997 0.878125 0.48541666718750004 0.8890625 0.5 0.909375 0.5041666671875 0.9984375 0.47083333281249995 0.9984375 0.3083333328125 0.9765625 0.30625 0.9359375 0.31875 0.9171875 0.1916666671875 0.9125 0.1833333328125 0.9 0.17916666718750002 0.8875 0.17916666718750002 0.8625 0.1916666671875 0.853125 0.20625 0.8515625 0.22291666718749997 0.8671875 0.35
1 0.740625 0.2375 0.734375 0.23958333281250002 0.7359375 0.2520833328125 0.75 0.2666666671875 0.74375 0.3479166671875 0.765625 0.4 0.7625 0.425 0.8 0.4375 0.846875 0.43333333281249997 0.8453125 0.375 0.8640625 0.35 0.859375 0.3 0.821875 0.3104166671875 0.8078125 0.30625 0.8015625 0.28958333281250004 0.8109375 0.275 0.8546875 0.2645833328125 0.85 0.22291666718749997 0.8421875 0.22291666718749997 0.8046875 0.23333333281250002 0.775 0.25 0.7578125 0.25 0.740625 0.2375
1 0.9984375 0.30416666718749996 0.9984375 0.2916666671875 0.971875 0.2625 0.965625 0.23333333281250002 0.9453125 0.23541666718749998 0.9390625 0.2208333328125 0.9296875 0.2208333328125 0.9265625 0.2416666671875 0.9390625 0.3166666671875 0.965625 0.30625 0.9984375 0.30416666718749996
1 0.65 0.3770833328125 0.65 0.3958333328125 0.6578125 0.41041666718750003 0.6578125 0.43333333281249997 0.690625 0.4291666671875 0.68125 0.3916666671875 0.690625 0.3604166671875 0.70625 0.3416666671875 0.696875 0.3145833328125 0.6890625 0.30625 0.6875 0.30625 0.671875 0.3125 0.6625 0.3270833328125 0.6625 0.3583333328125 0.65 0.3770833328125
1 0.6328125 0.35625 0.6421875 0.3604166671875 0.6390625 0.3645833328125 0.65 0.36666666718749996 0.6578125 0.3604166671875 0.6625 0.3270833328125 0.6734375 0.3104166671875 0.6875 0.30625 0.696875 0.3125 0.7 0.2875 0.6859375 0.275 0.6776046874999999 0.275 0.64375 0.2791666671875 0.6234375 0.29375 0.6265625 0.3395833328125 0.6328125 0.35625
1 0.4109375 0.3645833328125 0.428125 0.3770833328125 0.4484375 0.3770833328125 0.471875 0.36666666718749996 0.478125 0.3458333328125 0.471875 0.3145833328125 0.4734375 0.2958333328125 0.4609375 0.2958333328125 0.415625 0.3145833328125 0.4 0.325 0.3921875 0.3395833328125 0.4109375 0.3645833328125
1 0.040625 0.825 0.009375 0.8708333328125001 0.00625 0.9270833328125001 0.03125 0.9979166671874999 0.2359375 0.9979166671874999 0.221875 0.9770833328125 0.2125 0.9729166671874999 0.209375 0.9625 0.215625 0.9541666671875 0.259375 0.9375 0.2703125 0.9229166671875 0.278125 0.8958333328125001 0.278125 0.8729166671874999 0.2640625 0.8208333328125 0.246875 0.78125 0.20625 0.7729166671875001 0.18125 0.7520833328125 0.1609375 0.7458333328125 0.15625 0.7458333328125 0.125 0.75625 0.1015625 0.7875 0.078125 0.7958333328125 0.040625 0.825
1 0.3375 0.6333333328124999 0.3734375 0.6083333328125 0.39375 0.5770833328125 0.4046875 0.58125 0.41875 0.5625 0.4625 0.55625 0.48125 0.5458333328125 0.4875 0.53125 0.4734375 0.50625 0.478125 0.4895833328125 0.475 0.46666666718750005 0.46875 0.46666666718750005 0.3328125 0.5020833328125 0.3125 0.5395833328124999 0.3125 0.5479166671875 0.3375 0.6333333328124999
1 0.365625 0.45 0.3671875 0.47291666718750003 0.375 0.48125 0.396875 0.48125 0.4765625 0.46458333281249997 0.48125 0.41041666718750003 0.48125 0.3895833328125 0.4765625 0.38333333281250004 0.465625 0.38333333281250004 0.4125 0.39375 0.3921875 0.40625 0.3703125 0.43333333281249997 0.365625 0.45
1 0.3953125 0.66875 0.4234375 0.66875 0.4125 0.6479166671875001 0.3875 0.6520833328125 0.3765625 0.6333333328124999 0.3765625 0.6104166671875 0.371875 0.6104166671875 0.3609375 0.6229166671875 0.3609375 0.6395833328125 0.36875 0.6541666671875 0.3953125 0.66875
1 0.6203125 0.4770833328125 0.640625 0.4916666671875 0.6375 0.425 0.6296875 0.425 0.571875 0.4375 0.55625 0.45625 0.56875 0.47083333281249995 0.6203125 0.4770833328125
1 0.590625 0.425 0.6203125 0.40833333281249995 0.6234375 0.3916666671875 0.615625 0.3583333328125 0.6078125 0.3583333328125 0.55625 0.36875 0.55625 0.40833333281249995 0.575 0.425 0.590625 0.425