1 0.7578125 0.4791666671875 0.771875 0.45416666718750004 0.7828125 0.4479166671875 0.7859375 0.43541666718750005 0.7734375 0.40625 0.728125 0.3770833328125 0.71875 0.3770833328125 0.6875 0.40833333281249995 0.68125 0.43333333281249997 0.740625 0.4770833328125 0.7578125 0.4791666671875
1 0.4515625 0.8020833328125001 0.4625 0.8291666671875 0.478125 0.8458333328125001 0.496875 0.8541666671874999 0.51875 0.8541666671874999 0.5453125 0.8395833328125001 0.5640625 0.8166666671874999 0.575 0.7854166671875 0.575 0.75625 0.5609375 0.7208333328125 0.5421875 0.7041666671875 0.521875 0.6979166671875 0.515625 0.6979166671875 0.4921875 0.7041666671875 0.465625 0.7291666671875 0.45 0.775 0.4515625 0.8020833328125001
1 0.3515625 0.79375 0.3453125 0.8020833328125001 0.36875 0.8020833328125001 0.3765625 0.8166666671874999 0.3890625 0.8166666671874999 0.403125 0.7979166671875 0.3921875 0.74375 0.384375 0.7333333328125 0.375 0.7333333328125 0.3640625 0.7395833328125 0.3609375 0.7666666671875 0.35 0.775 0.3515625 0.79375
1 0.4125 0.73125 0.4140625 0.71875 0.41875 0.7208333328125 0.41875 0.7291666671875 0.421875 0.71875 0.43125 0.7166666671875 0.434375 0.7208333328125 0.4265625 0.7291666671875 0.45 0.73125 0.45625 0.6979166671875 0.45 0.64375 0.4421875 0.64375 0.396875 0.6458333328125 0.384375 0.7125 0.4015625 0.73125 0.4125 0.73125
1 0.4796875 0.69375 0.509375 0.69375 0.5171875 0.6833333328125 0.5203125 0.6666666671875 0.509375 0.6395833328125 0.4875 0.61875 0.47890625 0.61875 0.4703125 0.61875 0.45625 0.63125 0.4578125 0.6666666671875 0.4796875 0.69375
1 0.4265625 0.60625 0.44375 0.5916666671875 0.44375 0.5770833328125 0.428125 0.5291666671875 0.4203125 0.5208333328125 0.4078125 0.5208333328125 0.3953125 0.53125 0.39375 0.55 0.4140625 0.5979166671875 0.4265625 0.60625
1 0.328125 0.6583333328125 0.34375 0.6645833328124999 0.3515625 0.675 0.3609375 0.675 0.378125 0.6520833328125 0.3796875 0.6395833328125 0.36875 0.60625 0.35625 0.5979166671875 0.353125 0.5979166671875 0.334375 0.60625 0.325 0.61875 0.3203125 0.6395833328125 0.328125 0.6583333328125
1 0.23125 0.7854166671875 0.2359375 0.79375 0.2453125 0.7916666671875 0.2515625 0.7791666671875 0.2640625 0.7270833328124999 0.2765625 0.7020833328125 0.296875 0.6791666671875001 0.3203125 0.6645833328124999 0.2984375 0.65 0.290625 0.65 0.26875 0.6645833328124999 0.2375 0.71875 0.2296875 0.75625 0.23125 0.7854166671875
1 0.1234375 0.6854166671875 0.11875 0.6958333328124999 0.125 0.7041666671875 0.171875 0.7041666671875 0.178125 0.7229166671875 0.1921875 0.7333333328125 0.23125 0.7333333328125 0.2328125 0.7270833328124999 0.225 0.7208333328125 0.234375 0.7208333328125 0.2390625 0.7125 0.2359375 0.6895833328125 0.225 0.6645833328124999 0.2078125 0.6541666671875 0.203125 0.6333333328124999 0.20625 0.6125 0.2 0.6020833328124999 0.1921875 0.6020833328124999 0.190625 0.65625 0.1859375 0.6729166671875 0.178125 0.68125 0.1234375 0.6854166671875
1 0.2484375 0.6375 0.2625 0.6145833328125 0.2625 0.6 0.2546875 0.5833333328125 0.2390625 0.56875 0.2359375 0.56875 0.2125 0.5854166671875001 0.2078125 0.5979166671875 0.209375 0.6375 0.2484375 0.6375
1 0.303125 0.6333333328124999 0.31875 0.6354166671875 0.3234375 0.61875 0.34375 0.5958333328125 0.3296875 0.5541666671875001 0.3171875 0.5416666671875 0.303125 0.5416666671875 0.28125 0.5604166671875 0.275 0.5729166671875 0.275 0.5916666671875 0.303125 0.6333333328124999
1 0.3734375 0.2875 0.3421875 0.2854166671875 0.3375 0.2958333328125 0.3515625 0.31875 0.3828125 0.3375 0.421875 0.3479166671875 0.425 0.33541666718749996 0.434375 0.3291666671875 0.4390625 0.3333333328125 0.4453125 0.325 0.4375 0.3125 0.4328125 0.28125 0.4234375 0.2708333328125 0.4015625 0.2625 0.403125 0.23333333281250002 0.39375 0.2208333328125 0.3921875 0.21875 0.3890625 0.2270833328125 0.3765625 0.2270833328125 0.3734375 0.23333333281250002 0.3734375 0.2875
1 0.46875 0.3 0.4671875 0.275 0.446875 0.2520833328125 0.4390625 0.2520833328125 0.434375 0.25833333281250004 0.4390625 0.3083333328125 0.459375 0.3125 0.46875 0.3
1 0.5046875 0.3583333328125 0.5359375 0.35625 0.5390625 0.3229166671875 0.5109375 0.2708333328125 0.509375 0.2708333328125 0.503125 0.27291666718749996 0.49375 0.2916666671875 0.5 0.35208333281250004 0.5046875 0.3583333328125
1 0.5359375 0.3145833328125 0.55 0.3083333328125 0.5546875 0.2833333328125 0.55625 0.25625 0.5453125 0.23958333281250002 0.53671875 0.23958333281250002 0.5234375 0.2416666671875 0.509375 0.25833333281250004 0.5015625 0.25833333281250004 0.5359375 0.3145833328125
1 0.48125 0.41875 0.4859375 0.4125 0.4765625 0.3395833328125 0.46875 0.3333333328125 0.4609375 0.3333333328125 0.421875 0.3395833328125 0.425 0.40416666718750005 0.4359375 0.4270833328125 0.48125 0.41875
1 0.596875 0.4604166671875 0.6296875 0.45625 0.6390625 0.44375 0.6359375 0.42291666718750004 0.621875 0.40833333281249995 0.61875 0.3916666671875 0.6125 0.3916666671875 0.6109375 0.40625 0.6015625 0.40833333281249995 0.5921875 0.4458333328125 0.596875 0.4604166671875