1 0.896875 1 0.9265625 0.98125 0.9671875 0.93125 0.990625 0.8666666671875 0.9875 0.8479166671874999 0.91875 0.7958333328125 0.8984375 0.7854166671875 0.884375 0.7875 0.8546875 0.8375 0.8421875 0.8729166671874999 0.81875 1 0.8265625 1 0.896875 1
1 0.390625 0.3791666671875 0.3796875 0.3729166671875 0.3765625 0.3479166671875 0.4546875 0.2708333328125 0.478125 0.23958333281250002 0.4953125 0.225 0.50625 0.22916666718749998 0.5140625 0.22291666718749997 0.51875 0.1979166671875 0.5125 0.15625 0.45625 0.1625 0.440625 0.15625 0.4203125 0.1291666671875 0.409375 0.125 0.4046875 0.1125 0.3984375 0.1125 0.415625 0.1583333328125 0.4046875 0.17916666718750002 0.353125 0.2270833328125 0.30625 0.23125 0.2875 0.2479166671875 0.2625 0.2416666671875 0.2265625 0.24375 0.1921875 0.2208333328125 0.175 0.21875 0.1546875 0.1979166671875 0.1015625 0.1708333328125 0.0890625 0.16875 0.071875 0.1833333328125 0.065625 0.20416666718749998 0.071875 0.23958333281250002 0.19375 0.3916666671875 0.2328125 0.4166666671875 0.2453125 0.43541666718750005 0.2765625 0.4604166671875 0.3125 0.4791666671875 0.334375 0.5041666671875 0.3828125 0.5229166671875001 0.39375 0.5229166671875001 0.425 0.49375 0.4375 0.47083333281249995 0.4390625 0.45 0.40625 0.39791666718749996 0.39375 0.3916666671875 0.390625 0.3791666671875
1 0.5296875 0.05 0.5359375 0.04375 0.528125 0.0270833328125 0.534375 0.0020833328125000002 0.334375 0.0020833328125000002 0.3390625 0.0375 0.3546875 0.058333332812500006 0.4359375 0.1458333328125 0.4546875 0.1583333328125 0.4640625 0.1583333328125 0.5109375 0.14791666718750002 0.5109375 0.0979166671875 0.5234375 0.09375 0.534375 0.06875 0.534375 0.054166667187499996 0.5296875 0.05
1 0.753125 0.43958333281249995 0.7296875 0.43541666718750005 0.646875 0.3770833328125 0.6390625 0.3916666671875 0.6421875 0.4583333328125 0.625 0.46875 0.5765625 0.4770833328125 0.56875 0.4916666671875 0.5703125 0.55 0.578125 0.575 0.5953125 0.59375 0.7015625 0.6208333328125 0.71171875 0.6208333328125 0.725 0.6166666671875001 0.7453125 0.56875 0.75625 0.5645833328125 0.7640625 0.55 0.76875 0.46666666718750005 0.753125 0.43958333281249995
1 0.3734375 0.1041666671875 0.340625 0.058333332812500006 0.3265625 0.0479166671875 0.3 0.0458333328125 0.253125 0.0958333328125 0.2203125 0.1 0.2015625 0.11041666718750001 0.16875 0.11041666718750001 0.171875 0.1041666671875 0.1640625 0.1 0.146875 0.11041666718750001 0.13125 0.1354166671875 0.1296875 0.14791666718750002 0.1421875 0.1729166671875 0.1578125 0.1729166671875 0.165625 0.1583333328125 0.1921875 0.1583333328125 0.1859375 0.1708333328125 0.1921875 0.21875 0.2359375 0.2416666671875 0.265625 0.23958333281250002 0.278125 0.24583333281250003 0.2828125 0.24583333281250003 0.30625 0.2270833328125 0.334375 0.2270833328125 0.359375 0.21875 0.3921875 0.18125 0.390625 0.1520833328125 0.3734375 0.1041666671875
1 0.778125 1 0.784375 0.9895833328125001 0.7921875 0.9395833328125001 0.8109375 0.8833333328125 0.8109375 0.8666666671875 0.8015625 0.85 0.8 0.8229166671874999 0.7921875 0.7979166671875 0.7796875 0.775 0.76875 0.76875 0.7578125 0.76875 0.7296875 0.7895833328124999 0.653125 0.9020833328125001 0.671875 0.93125 0.7265625 0.98125 0.734375 1 0.743125 1 0.778125 1
1 0.5828125 1 0.5890625 0.95 0.6046875 0.9166666671874999 0.59375 0.9041666671874999 0.58125 0.925 0.571875 0.95625 0.5703125 1 0.5828125 1
1 0.7328125 0.6916666671875 0.71875 0.6854166671875 0.7015625 0.6895833328125 0.59375 0.8458333328125001 0.584375 0.8666666671875 0.5859375 0.8833333328125 0.5953125 0.9020833328125001 0.6140625 0.9208333328125 0.62265625 0.9208333328125 0.63125 0.9208333328125 0.646875 0.90625 0.734375 0.7770833328125 0.753125 0.7583333328124999 0.75625 0.7208333328125 0.7328125 0.6916666671875
1 0.409375 0.5625 0.365625 0.5208333328125 0.3359375 0.51875 0.3328125 0.5416666671875 0.3421875 0.5770833328125 0.2890625 0.64375 0.2921875 0.65625 0.3078125 0.6625 0.3109375 0.6625 0.3671875 0.6083333328125 0.384375 0.6166666671875001 0.3953125 0.6145833328125 0.409375 0.5708333328124999 0.4203125 0.5625 0.409375 0.5625
1 0.4703125 0.475 0.44375 0.45625 0.440625 0.47291666718750003 0.428125 0.49375 0.43125 0.525 0.4390625 0.54375 0.4640625 0.5770833328125 0.4953125 0.60625 0.50625 0.60625 0.5328125 0.5541666671875001 0.5546875 0.49375 0.553125 0.47291666718750003 0.54375 0.45625 0.5203125 0.43958333281249995 0.4703125 0.475
1 0.45 0.2791666671875 0.4140625 0.3145833328125 0.4046875 0.3333333328125 0.39375 0.3395833328125 0.3953125 0.3708333328125 0.4140625 0.39791666718749996 0.421875 0.39791666718749996 0.49375 0.36666666718749996 0.5171875 0.3375 0.521875 0.30416666718749996 0.49375 0.23541666718749998 0.4796875 0.23958333281250002 0.45 0.2791666671875
1 0.4203125 0.5645833328125 0.4328125 0.5375 0.425 0.49583333281249997 0.3984375 0.525 0.371875 0.5229166671875001 0.4140625 0.5645833328125 0.4203125 0.5645833328125