1 0.0796875 0.3020833328125 0.0734375 0.3020833328125 0.065625 0.3104166671875 0.0734375 0.3916666671875 0.09375 0.4125 0.1234375 0.4145833328125 0.1390625 0.3645833328125 0.134375 0.3479166671875 0.10625 0.31875 0.0796875 0.3020833328125
1 0.1953125 0.49375 0.2390625 0.48541666718750004 0.2640625 0.4583333328125 0.2828125 0.4166666671875 0.2828125 0.3916666671875 0.2703125 0.35625 0.2515625 0.3333333328125 0.2203125 0.31875 0.2109375 0.31875 0.1890625 0.32083333281250004 0.1625 0.33541666718749996 0.1421875 0.3625 0.1296875 0.40208333281249997 0.13125 0.4270833328125 0.1421875 0.45625 0.1609375 0.4770833328125 0.1953125 0.49375
1 0.2296875 0.6229166671875 0.215625 0.625 0.203125 0.6375 0.215625 0.6645833328124999 0.2671875 0.73125 0.2828125 0.7166666671875 0.340625 0.6270833328125 0.384375 0.6354166671875 0.4015625 0.6125 0.4 0.59375 0.36875 0.5458333328125 0.35625 0.5354166671875 0.3421875 0.5104166671875 0.3 0.47083333281249995 0.2890625 0.47083333281249995 0.28125 0.48333333281249996 0.28125 0.49791666718750005 0.30625 0.5416666671875 0.3046875 0.5770833328125 0.2953125 0.5895833328125 0.2953125 0.6145833328125 0.26875 0.6583333328125 0.2296875 0.6229166671875
1 0.4296875 0.7125 0.415625 0.7 0.403125 0.7 0.3890625 0.7125 0.3828125 0.7333333328125 0.3828125 0.7520833328125 0.4 0.7791666671875 0.4140625 0.7791666671875 0.4234375 0.7708333328125 0.4328125 0.74375 0.4296875 0.7125
1 0.4515625 0.9979166671874999 0.471875 0.9979166671874999 0.478125 0.98125 0.496875 0.9666666671874999 0.5171875 0.9375 0.528125 0.9 0.515625 0.8520833328125 0.490625 0.825 0.503125 0.7708333328125 0.4859375 0.7604166671875 0.478125 0.7604166671875 0.465625 0.7645833328125 0.46875 0.7958333328125 0.4640625 0.8208333328125 0.4296875 0.8541666671874999 0.415625 0.90625 0.4234375 0.9541666671875 0.4515625 0.9854166671875 0.4515625 0.9979166671874999
1 0.584375 0.8354166671875 0.590625 0.8145833328125001 0.590625 0.7895833328124999 0.584375 0.76875 0.5703125 0.75 0.55625 0.7416666671875001 0.5453125 0.7416666671875001 0.5203125 0.75 0.503125 0.7708333328125 0.490625 0.8208333328125 0.5125 0.84375 0.5234375 0.8666666671875 0.5375 0.8729166671874999 0.5609375 0.86875 0.584375 0.8354166671875
1 0.75625 0.6416666671875 0.746875 0.6416666671875 0.7359375 0.6604166671875 0.7234375 0.6625 0.725 0.71875 0.7453125 0.7333333328125 0.7734375 0.7270833328124999 0.784375 0.6979166671875 0.7796875 0.6666666671875 0.75625 0.6416666671875
1 0.7125 0.4916666671875 0.621875 0.4583333328125 0.6140625 0.4583333328125 0.6046875 0.46458333281249997 0.5984375 0.48541666718750004 0.6 0.5 0.6078125 0.5083333328124999 0.6953125 0.5375 0.7046875 0.5375 0.7125 0.5291666671875 0.7125 0.4916666671875
1 0.7234375 0.42291666718750004 0.7328125 0.40416666718750005 0.73125 0.3625 0.7078125 0.33125 0.6765625 0.31875 0.6703125 0.31875 0.653125 0.325 0.6390625 0.3416666671875 0.63125 0.36875 0.634375 0.3875 0.653125 0.42083333281249996 0.6703125 0.43333333281249997 0.709375 0.43541666718750005 0.7234375 0.42291666718750004
1 0.575 0.40625 0.6015625 0.3104166671875 0.5953125 0.2770833328125 0.565625 0.2520833328125 0.5546875 0.2520833328125 0.5390625 0.2541666671875 0.5203125 0.27291666718749996 0.5046875 0.3625 0.521875 0.3625 0.5390625 0.3729166671875 0.546875 0.4270833328125 0.5671875 0.41875 0.575 0.40625
1 0.4078125 0.1604166671875 0.4 0.23333333281250002 0.440625 0.26875 0.45 0.16458333281249998 0.44375 0.14791666718750002 0.421875 0.1395833328125 0.415625 0.1395833328125 0.4078125 0.1604166671875
1 0.3796875 0 0.3859375 0.0333333328125 0.38125 0.05208333281250001 0.403125 0.0979166671875 0.4078125 0.08125 0.4234375 0.06875 0.4234375 0.058333332812500006 0.4140625 0.0416666671875 0.425 0.025 0.4234375 0 0.4146875 0 0.3796875 0
1 0.634375 0.0625 0.6265625 0.0625 0.6140625 0.0895833328125 0.60625 0.1395833328125 0.6203125 0.1541666671875 0.6609375 0.1708333328125 0.6875 0.0875 0.6421875 0.0625 0.634375 0.0625
1 0.746875 0.55 0.74375 0.5354166671875 0.7421875 0.5354166671875 0.709375 0.5541666671875001 0.6859375 0.5979166671875 0.671875 0.6333333328124999 0.6734375 0.6416666671875 0.6984375 0.6458333328125 0.7078125 0.6354166671875 0.7390625 0.5791666671875 0.746875 0.55
1 0.828125 0.5395833328124999 0.8546875 0.5270833328125 0.8640625 0.5104166671875 0.865625 0.4895833328125 0.8578125 0.46666666718750005 0.8328125 0.44166666718750003 0.8244796875 0.44166666718750003 0.8078125 0.44166666718750003 0.7953125 0.45416666718750004 0.78125 0.5125 0.7859375 0.5375 0.803125 0.5458333328125 0.809375 0.5604166671875 0.821875 0.5583333328125 0.828125 0.5395833328124999
1 0.846875 0.45 0.8640625 0.4791666671875 0.8625 0.5166666671875 0.86875 0.5166666671875 0.9015625 0.49583333281249997 0.9078125 0.48125 0.909375 0.45208333281249996 0.875 0.3770833328125 0.859375 0.36666666718749996 0.8453125 0.36666666718749996 0.8296875 0.3791666671875 0.8046875 0.38333333281250004 0.7984375 0.39375 0.7953125 0.41875 0.8015625 0.43125 0.8140625 0.43958333281249995 0.8296875 0.43958333281249995 0.846875 0.45