1 0.7458333328125 0.3921875 0.7458333328125 0.3859375 0.69375 0.3625 0.675 0.3609375 0.6458333328125 0.3703125 0.6333333328124999 0.3875 0.6395833328125 0.4046875 0.6708333328125 0.41875 0.69375 0.4171875 0.7458333328125 0.3921875
1 0.7583333328124999 0.496875 0.75625 0.521875 0.7770833328125 0.540625 0.7958333328125 0.5390625 0.8145833328125001 0.5484375 0.85 0.5515625 0.8520833328125 0.5234375 0.8333333328125001 0.5046875 0.875 0.4859375 0.8833333328125 0.4765625 0.8833333328125 0.46875 0.86875 0.440625 0.8479166671874999 0.44375 0.8166666671874999 0.421875 0.7645833328125 0.421875 0.7416666671875001 0.4171875 0.71875 0.43125 0.7395833328125 0.4765625 0.7583333328124999 0.496875
1 0.7916666671875 0.3921875 0.8229166671874999 0.4078125 0.85625 0.4125 0.8729166671874999 0.40625 0.89375 0.3890625 0.9208333328125 0.3578125 0.9604166671875 0.35625 0.9791666671874999 0.3453125 0.9833333328125 0.334375 0.9854166671875 0.3328125 0.975 0.3234375 0.88125 0.3234375 0.8666666671875 0.3171875 0.8479166671874999 0.3171875 0.8083333328125001 0.3453125 0.7833333328125 0.371875 0.78125 0.38125 0.7916666671875 0.3921875
1 0.6895833328125 0.2359375 0.6854166671875 0.24375 0.7104166671875001 0.321875 0.7291666671875 0.3203125 0.7291666671875 0.3125 0.7041666671875 0.2421875 0.6895833328125 0.2359375
1 0.7625 0.2421875 0.76875 0.2703125 0.7791666671875 0.284375 0.7979166671875 0.296875 0.8354166671875 0.30625 0.8625 0.303125 0.88125 0.2953125 0.9020833328125001 0.2765625 0.9083333328125001 0.259375 0.9083333328125001 0.2515625 0.90625 0.225 0.8958333328125001 0.2078125 0.875 0.1890625 0.8458333328125001 0.1796875 0.81875 0.18125 0.7979166671875 0.1890625 0.775 0.2109375 0.7625 0.2421875
1 0.7354166671875 0 0.675 0.04375 0.6583333328125 0.071875 0.6458333328125 0.08125 0.65 0.096875 0.675 0.11875 0.7020833328125 0.121875 0.7895833328124999 0.0796875 0.8083333328125001 0.053125 0.8083333328125001 0.0453125 0.8020833328125001 0.0234375 0.7854166671875 0.0078125 0.7708333328125 0 0.7354166671875 0
1 0.6625 0.0609375 0.6625 0.0484375 0.6479166671875001 0.0328125 0.6229166671875 0.0328125 0.5895833328125 0.0578125 0.5875 0.0796875 0.6020833328124999 0.090625 0.6229166671875 0.090625 0.65 0.0765625 0.6625 0.0609375
1 0.5895833328125 0.175 0.6041666671875 0.1890625 0.6125 0.1828125 0.6145833328125 0.2 0.61875 0.1890625 0.6458333328125 0.1984375 0.6666666671875 0.1953125 0.68125 0.1890625 0.69375 0.1703125 0.69375 0.159375 0.6875 0.1359375 0.6583333328125 0.1171875 0.63125 0.1171875 0.6145833328125 0.1234375 0.5916666671875 0.1375 0.58125 0.15625 0.5854166671875001 0.178125 0.5895833328125 0.175
1 0.4604166671875 0.2546875 0.51875 0.278125 0.54375 0.2546875 0.5416666671875 0.23125 0.5541666671875001 0.1921875 0.5541666671875001 0.1875 0.54375 0.1859375 0.5291666671875 0.19375 0.5145833328125 0.1890625 0.49791666718750005 0.1921875 0.4875 0.203125 0.49583333281249997 0.215625 0.4583333328125 0.2390625 0.4604166671875 0.2546875
1 0.46875 0.3484375 0.47083333281249995 0.365625 0.4916666671875 0.38125 0.5520833328125 0.371875 0.5625 0.365625 0.56875 0.35 0.56875 0.3375 0.5520833328125 0.3140625 0.51875 0.3078125 0.5041666671875 0.309375 0.48333333281249996 0.325 0.4583333328125 0.3234375 0.4479166671875 0.33125 0.45 0.340625 0.46875 0.3484375
1 0.3145833328125 0.56875 0.35625 0.5703125 0.3791666671875 0.5796875 0.38333333281250004 0.5703125 0.3770833328125 0.553125 0.3854166671875 0.5375 0.3854166671875 0.5265625 0.3770833328125 0.509375 0.3645833328125 0.5 0.3458333328125 0.49375 0.325 0.49375 0.28958333281250004 0.5109375 0.2833333328125 0.540625 0.28958333281250004 0.553125 0.3145833328125 0.56875
1 0.1708333328125 0.5578125 0.19375 0.5625 0.2166666671875 0.54375 0.23125 0.525 0.23125 0.515625 0.21875 0.5046875 0.20625 0.5015625 0.1916666671875 0.50625 0.1895833328125 0.5015625 0.23958333281250002 0.4515625 0.23958333281250002 0.4453125 0.20625 0.4203125 0.1895833328125 0.4171875 0.1458333328125 0.4421875 0.08541666718749999 0.465625 0.07291666718749999 0.48125 0.1166666671875 0.5234375 0.14791666718750002 0.5359375 0.1708333328125 0.5578125
1 0.1625 0.378125 0.16458333281249998 0.3484375 0.1729166671875 0.334375 0.1729166671875 0.33125 0.1708333328125 0.325 0.15625 0.31875 0.11041666718750001 0.321875 0.1 0.3265625 0.09375 0.35 0.11875 0.38125 0.14375 0.384375 0.1625 0.378125
1 0.3916666671875 0.18125 0.4479166671875 0.1984375 0.46458333281249997 0.1921875 0.48541666718750004 0.159375 0.48541666718750004 0.15 0.4791666671875 0.14375 0.48333333281249996 0.128125 0.47291666718750003 0.125 0.45416666718750004 0.1328125 0.40625 0.140625 0.3791666671875 0.1578125 0.3770833328125 0.16875 0.3916666671875 0.18125
1 0.23333333281250002 0.1375 0.3083333328125 0.1609375 0.3729166671875 0.1578125 0.3708333328125 0.125 0.39791666718749996 0.0890625 0.4 0.0875 0.36875 0.065625 0.25833333281250004 0.03125 0.18125 0.0171875 0.1208333328125 0.0296875 0.0958333328125 0.04375 0.1145833328125 0.0671875 0.175 0.109375 0.23333333281250002 0.1375
1 0.0020833328125000002 0.1671875 0.0020833328125000002 0.1921875 0.03125 0.2203125 0.0458333328125 0.2703125 0.058333332812500006 0.2828125 0.0875 0.29375 0.11875 0.29375 0.1416666671875 0.2796875 0.1729166671875 0.2875 0.1875 0.2875 0.1916666671875 0.28125 0.1916666671875 0.275 0.16458333281249998 0.253125 0.16458333281249998 0.221875 0.1375 0.18125 0.08541666718749999 0.1796875 0.0416666671875 0.1921875 0.014583332812499999 0.159375 0.0083333328125 0.1609375 0.0020833328125000002 0.1671875
1 0.5625 0.321875 0.5708333328124999 0.3375 0.5645833328125 0.365625 0.5916666671875 0.3953125 0.63125 0.378125 0.66875 0.353125 0.66875 0.346875 0.5770833328125 0.24375 0.5458333328125 0.25625 0.5208333328125 0.2796875 0.50625 0.2796875 0.49375 0.2875 0.5104166671875 0.309375 0.5458333328125 0.3109375 0.5625 0.321875