1 0.2541666671875 0.6078125 0.2541666671875 0.6140625 0.30625 0.6375 0.325 0.6390625 0.3541666671875 0.6296875 0.36666666718749996 0.6125 0.3604166671875 0.5953125 0.3291666671875 0.58125 0.30625 0.5828125 0.2541666671875 0.6078125
1 0.2416666671875 0.503125 0.24375 0.478125 0.22291666718749997 0.459375 0.20416666718749998 0.4609375 0.1854166671875 0.4515625 0.15 0.4484375 0.14791666718750002 0.4765625 0.1666666671875 0.4953125 0.125 0.5140625 0.1166666671875 0.5234375 0.1166666671875 0.53125 0.13125 0.559375 0.1520833328125 0.55625 0.1833333328125 0.578125 0.23541666718749998 0.578125 0.25833333281250004 0.5828125 0.28125 0.56875 0.2604166671875 0.5234375 0.2416666671875 0.503125
1 0.20833333281250002 0.6078125 0.1770833328125 0.5921875 0.14375 0.5875 0.1270833328125 0.59375 0.10625 0.6109375 0.0791666671875 0.6421875 0.0395833328125 0.64375 0.0208333328125 0.6546875 0.0166666671875 0.665625 0.014583332812499999 0.6671875 0.025 0.6765625 0.11875 0.6765625 0.13333333281249998 0.6828125 0.1520833328125 0.6828125 0.1916666671875 0.6546875 0.2166666671875 0.628125 0.21875 0.61875 0.20833333281250002 0.6078125
1 0.3104166671875 0.7640625 0.3145833328125 0.75625 0.28958333281250004 0.678125 0.2708333328125 0.6796875 0.2708333328125 0.6875 0.2958333328125 0.7578125 0.3104166671875 0.7640625
1 0.2375 0.7578125 0.23125 0.7296875 0.2208333328125 0.715625 0.20208333281250002 0.703125 0.16458333281249998 0.69375 0.1375 0.696875 0.11875 0.7046875 0.0979166671875 0.7234375 0.0916666671875 0.740625 0.0916666671875 0.7484375 0.09375 0.775 0.1041666671875 0.7921875 0.125 0.8109375 0.1541666671875 0.8203125 0.18125 0.81875 0.20208333281250002 0.8109375 0.225 0.7890625 0.2375 0.7578125
1 0.2645833328125 1 0.325 0.95625 0.3416666671875 0.928125 0.3541666671875 0.91875 0.35 0.903125 0.325 0.88125 0.2979166671875 0.878125 0.2104166671875 0.9203125 0.1916666671875 0.946875 0.1916666671875 0.9546875 0.1979166671875 0.9765625 0.21458333281250003 0.9921875 0.22916666718749998 1 0.2645833328125 1
1 0.3375 0.9390625 0.3375 0.9515625 0.35208333281250004 0.9671875 0.3770833328125 0.9671875 0.41041666718750003 0.9421875 0.4125 0.9203125 0.39791666718749996 0.909375 0.3770833328125 0.909375 0.35 0.9234375 0.3375 0.9390625
1 0.41041666718750003 0.825 0.3958333328125 0.8109375 0.3875 0.8171875 0.3854166671875 0.8 0.38125 0.8109375 0.3541666671875 0.8015625 0.3333333328125 0.8046875 0.31875 0.8109375 0.30625 0.8296875 0.30625 0.840625 0.3125 0.8640625 0.3416666671875 0.8828125 0.36875 0.8828125 0.3854166671875 0.8765625 0.40833333281249995 0.8625 0.41875 0.84375 0.4145833328125 0.821875 0.41041666718750003 0.825
1 0.5395833328124999 0.7453125 0.48125 0.721875 0.45625 0.7453125 0.4583333328125 0.76875 0.4458333328125 0.8078125 0.4458333328125 0.8125 0.45625 0.8140625 0.47083333281249995 0.80625 0.48541666718750004 0.8109375 0.5020833328125 0.8078125 0.5125 0.796875 0.5041666671875 0.784375 0.5416666671875 0.7609375 0.5395833328124999 0.7453125
1 0.53125 0.6515625 0.5291666671875 0.634375 0.5083333328124999 0.61875 0.4479166671875 0.628125 0.4375 0.634375 0.43125 0.65 0.43125 0.6625 0.4479166671875 0.6859375 0.48125 0.6921875 0.49583333281249997 0.690625 0.5166666671875 0.675 0.5416666671875 0.6765625 0.5520833328125 0.66875 0.55 0.659375 0.53125 0.6515625
1 0.6854166671875 0.43125 0.64375 0.4296875 0.6208333328125 0.4203125 0.6166666671875001 0.4296875 0.6229166671875 0.446875 0.6145833328125 0.4625 0.6145833328125 0.4734375 0.6229166671875 0.490625 0.6354166671875 0.5 0.6541666671875 0.50625 0.675 0.50625 0.7104166671875001 0.4890625 0.7166666671875 0.459375 0.7104166671875001 0.446875 0.6854166671875 0.43125
1 0.8291666671875 0.4421875 0.80625 0.4375 0.7833333328125 0.45625 0.76875 0.475 0.76875 0.484375 0.78125 0.4953125 0.79375 0.4984375 0.8083333328125001 0.49375 0.8104166671874999 0.4984375 0.7604166671875 0.5484375 0.7604166671875 0.5546875 0.79375 0.5796875 0.8104166671874999 0.5828125 0.8541666671874999 0.5578125 0.9145833328125 0.534375 0.9270833328125001 0.51875 0.8833333328125 0.4765625 0.8520833328125 0.4640625 0.8291666671875 0.4421875
1 0.8375 0.621875 0.8354166671875 0.6515625 0.8270833328125 0.665625 0.8270833328125 0.66875 0.8291666671875 0.675 0.84375 0.68125 0.8895833328125 0.678125 0.9 0.6734375 0.90625 0.65 0.88125 0.61875 0.85625 0.615625 0.8375 0.621875
1 0.6083333328125 0.81875 0.5520833328125 0.8015625 0.5354166671875 0.8078125 0.5145833328125 0.840625 0.5145833328125 0.85 0.5208333328125 0.85625 0.5166666671875 0.871875 0.5270833328125 0.875 0.5458333328125 0.8671875 0.59375 0.859375 0.6208333328125 0.8421875 0.6229166671875 0.83125 0.6083333328125 0.81875
1 0.7666666671875 0.8625 0.6916666671875 0.8390625 0.6270833328125 0.8421875 0.6291666671875 0.875 0.6020833328124999 0.9109375 0.6 0.9125 0.63125 0.934375 0.7416666671875001 0.96875 0.81875 0.9828125 0.8791666671874999 0.9703125 0.9041666671874999 0.95625 0.8854166671874999 0.9328125 0.825 0.890625 0.7666666671875 0.8625
1 0.9979166671874999 0.8328125 0.9979166671874999 0.8078125 0.96875 0.7796875 0.9541666671875 0.7296875 0.9416666671874999 0.7171875 0.9125 0.70625 0.88125 0.70625 0.8583333328125 0.7203125 0.8270833328125 0.7125 0.8125 0.7125 0.8083333328125001 0.71875 0.8083333328125001 0.725 0.8354166671875 0.746875 0.8354166671875 0.778125 0.8625 0.81875 0.9145833328125 0.8203125 0.9583333328125001 0.8078125 0.9854166671875 0.840625 0.9916666671875 0.8390625 0.9979166671874999 0.8328125
1 0.4375 0.678125 0.4291666671875 0.6625 0.43541666718750005 0.634375 0.40833333281249995 0.6046875 0.36875 0.621875 0.33125 0.646875 0.33125 0.653125 0.42291666718750004 0.75625 0.45416666718750004 0.74375 0.4791666671875 0.7203125 0.49375 0.7203125 0.50625 0.7125 0.4895833328125 0.690625 0.45416666718750004 0.6890625 0.4375 0.678125