1 0.9 0.6859375 0.9291666671875 0.690625 0.9416666671874999 0.6875 0.9583333328125001 0.6703125 0.98125 0.625 0.9979166671874999 0.6140625 0.9979166671874999 0.54375 0.8916666671875 0.5140625 0.85 0.5078125 0.83125 0.5171875 0.8145833328125001 0.5578125 0.8145833328125001 0.571875 0.8208333328125 0.584375 0.8375 0.5921875 0.8541666671874999 0.5890625 0.86875 0.575 0.8833333328125 0.58125 0.85625 0.6453125 0.8583333328125 0.6671875 0.9 0.6859375
1 0.8666666671875 0.4359375 0.8270833328125 0.446875 0.80625 0.459375 0.8020833328125001 0.4703125 0.8020833328125001 0.4765625 0.8166666671874999 0.4953125 0.8375 0.5015625 0.8708333328125001 0.503125 0.89375 0.5109375 0.9145833328125 0.5015625 0.9145833328125 0.45625 0.8958333328125001 0.4390625 0.8666666671875 0.4359375
1 0.8 0.203125 0.7958333328125 0.1828125 0.78125 0.16875 0.7041666671875 0.1140625 0.66875 0.0984375 0.6541666671875 0.0984375 0.6291666671875 0.1125 0.6208333328125 0.134375 0.5958333328125 0.1421875 0.5854166671875001 0.1515625 0.575 0.1765625 0.575 0.184375 0.6875 0.2671875 0.7020833328125 0.2703125 0.7125 0.2703125 0.7354166671875 0.259375 0.7458333328125 0.2484375 0.7479166671875 0.2359375 0.78125 0.225 0.8 0.203125
1 0.8479166671874999 0.375 0.825 0.36875 0.80625 0.3734375 0.78125 0.36875 0.7625 0.353125 0.725 0.340625 0.6791666671875001 0.35 0.6666666671875 0.3671875 0.6416666671875 0.3828125 0.6416666671875 0.3859375 0.65 0.39375 0.7 0.4125 0.7729166671875001 0.4125 0.8 0.4359375 0.8270833328125 0.4296875 0.8291666671875 0.4109375 0.8541666671874999 0.390625 0.8479166671874999 0.375
1 0.6479166671875001 0.28125 0.5958333328125 0.2625 0.5520833328125 0.2609375 0.5395833328124999 0.265625 0.5208333328125 0.2921875 0.5083333328124999 0.340625 0.48333333281249996 0.353125 0.475 0.3765625 0.475 0.3890625 0.48125 0.396875 0.53125 0.415625 0.5708333328124999 0.421875 0.61875 0.4171875 0.6395833328125 0.3828125 0.6520833328125 0.328125 0.6541666671875 0.290625 0.6479166671875001 0.28125
1 0.5395833328124999 0.4328125 0.5125 0.4328125 0.4145833328125 0.4703125 0.4145833328125 0.4828125 0.45416666718750004 0.5453125 0.475 0.5609375 0.4916666671875 0.559375 0.5145833328125 0.546875 0.5479166671875 0.5390625 0.5916666671875 0.5125 0.58125 0.4875 0.5395833328124999 0.4328125
1 0.6291666671875 0.5515625 0.60625 0.5765625 0.60625 0.5875 0.6229166671875 0.615625 0.6708333328125 0.625 0.7020833328125 0.6171875 0.7208333328125 0.5984375 0.71875 0.5890625 0.7 0.571875 0.65625 0.54375 0.6291666671875 0.5515625
1 0.5854166671875001 0.6546875 0.5666666671875 0.6359375 0.5625 0.609375 0.55 0.609375 0.53125 0.63125 0.4875 0.6390625 0.4625 0.665625 0.4625 0.6765625 0.4625 0.6875 0.4770833328125 0.7109375 0.5020833328125 0.7265625 0.5166666671875 0.7296875 0.5479166671875 0.728125 0.5666666671875 0.7203125 0.5895833328125 0.684375 0.5854166671875001 0.6546875
1 0.2708333328125 0.6515625 0.2708333328125 0.6546875 0.3333333328125 0.8015625 0.34375 0.8046875 0.4270833328125 0.790625 0.44375 0.7765625 0.44375 0.765625 0.3854166671875 0.628125 0.3708333328125 0.6265625 0.2708333328125 0.6515625
1 0.24375 0.565625 0.2541666671875 0.5671875 0.2666666671875 0.5890625 0.28958333281250004 0.5953125 0.3291666671875 0.584375 0.3416666671875 0.56875 0.3104166671875 0.509375 0.2833333328125 0.4984375 0.2791666671875 0.490625 0.3104166671875 0.475 0.32083333281250004 0.484375 0.3541666671875 0.496875 0.36666666718749996 0.496875 0.3875 0.490625 0.39791666718749996 0.4796875 0.3625 0.3875 0.34375 0.3671875 0.3291666671875 0.3375 0.3166666671875 0.328125 0.2916666671875 0.3296875 0.2833333328125 0.3421875 0.2958333328125 0.378125 0.2958333328125 0.3984375 0.2875 0.4140625 0.27291666718749996 0.415625 0.2645833328125 0.446875 0.21875 0.4671875 0.19375 0.4234375 0.25 0.3859375 0.2416666671875 0.3578125 0.2270833328125 0.3453125 0.21458333281250003 0.340625 0.2 0.3421875 0.1375 0.378125 0.1604166671875 0.4140625 0.1729166671875 0.421875 0.14375 0.4328125 0.1458333328125 0.4546875 0.1145833328125 0.4640625 0.1020833328125 0.475 0.10625 0.528125 0.1020833328125 0.534375 0.0979166671875 0.5296875 0.0979166671875 0.5328125 0.1125 0.546875 0.1208333328125 0.5921875 0.1729166671875 0.6703125 0.19583333281249998 0.6953125 0.2208333328125 0.6984375 0.23958333281250002 0.6796875 0.23333333281250002 0.58125 0.24375 0.565625
1 0.18125 0.209375 0.1520833328125 0.1984375 0.1145833328125 0.2015625 0.0875 0.1953125 0.0791666671875 0.2 0.0791666671875 0.20859375 0.08333333281250001 0.2296875 0.1125 0.2484375 0.11875 0.2609375 0.1354166671875 0.2734375 0.1708333328125 0.28125 0.19583333281249998 0.2703125 0.20416666718749998 0.24375 0.18125 0.209375
1 0 0.315625 0.0791666671875 0.3546875 0.1020833328125 0.3578125 0.10833333281249999 0.3 0.0958333328125 0.259375 0.05 0.18125 0.03125 0.1640625 0 0.15 0 0.15788750000000001 0 0.315625
1 0 0.390625 0.0125 0.40625 0.0270833328125 0.44375 0.03125 0.5140625 0.0229166671875 0.5265625 0.03125 0.528125 0.06875 0.4984375 0.07291666718749999 0.4515625 0.05 0.3921875 0.0270833328125 0.36875 0.010416667187500001 0.359375 0 0.359375 0 0.3671875 0 0.390625
1 0.29375 0.74375 0.2770833328125 0.7328125 0.25 0.73125 0.175 0.7671875 0.13333333281249998 0.7796875 0.10833333281249999 0.8 0.10833333281249999 0.8109375 0.08541666718749999 0.8359375 0.08541666718749999 0.8453125 0.0979166671875 0.8578125 0.1145833328125 0.859375 0.1270833328125 0.8515625 0.1541666671875 0.853125 0.1916666671875 0.84375 0.2916666671875 0.78125 0.3 0.76875 0.29375 0.74375
1 0.0895833328125 0.69375 0.1 0.7046875 0.12291666718750001 0.70625 0.1541666671875 0.690625 0.1666666671875 0.6703125 0.1291666671875 0.665625 0.1020833328125 0.6703125 0.0895833328125 0.6828125 0.0895833328125 0.69375