1 0.425 0.86875 0.41875 0.8833333328125 0.3546875 0.85625 0.3328125 0.8583333328125 0.3140625 0.9 0.309375 0.9291666671875 0.3125 0.9416666671874999 0.3296875 0.9583333328125001 0.375 0.98125 0.3859375 0.9979166671874999 0.45625 0.9979166671874999 0.4859375 0.8916666671875 0.4921875 0.85 0.4828125 0.83125 0.4421875 0.8145833328125001 0.428125 0.8145833328125001 0.415625 0.8208333328125 0.4078125 0.8375 0.4109375 0.8541666671874999 0.425 0.86875
1 0.4890625 0.89375 0.4984375 0.9145833328125 0.54375 0.9145833328125 0.5609375 0.8958333328125001 0.5640625 0.8666666671875 0.553125 0.8270833328125 0.540625 0.80625 0.5296875 0.8020833328125001 0.5234375 0.8020833328125001 0.5046875 0.8166666671874999 0.4984375 0.8375 0.496875 0.8708333328125001 0.4890625 0.89375
1 0.740625 0.7354166671875 0.7515625 0.7458333328125 0.7640625 0.7479166671875 0.775 0.78125 0.796875 0.8 0.8171875 0.7958333328125 0.83125 0.78125 0.8859375 0.7041666671875 0.9015625 0.66875 0.9015625 0.6541666671875 0.8875 0.6291666671875 0.865625 0.6208333328125 0.8578125 0.5958333328125 0.8484375 0.5854166671875001 0.8234375 0.575 0.815625 0.575 0.7328125 0.6875 0.7296875 0.7020833328125 0.7296875 0.7125 0.740625 0.7354166671875
1 0.5640625 0.8 0.5703125 0.8270833328125 0.5890625 0.8291666671875 0.609375 0.8541666671874999 0.625 0.8479166671874999 0.63125 0.825 0.6265625 0.80625 0.63125 0.78125 0.646875 0.7625 0.659375 0.725 0.65 0.6791666671875001 0.6328125 0.6666666671875 0.6171875 0.6416666671875 0.6140625 0.6416666671875 0.60625 0.65 0.5875 0.7 0.5875 0.7729166671875001 0.5640625 0.8
1 0.5828125 0.61875 0.6171875 0.6395833328125 0.671875 0.6520833328125 0.709375 0.6541666671875 0.71875 0.6479166671875001 0.7375 0.5958333328125 0.7390625 0.5520833328125 0.734375 0.5395833328124999 0.7078125 0.5208333328125 0.659375 0.5083333328124999 0.646875 0.48333333281249996 0.6234375 0.475 0.6109375 0.475 0.603125 0.48125 0.584375 0.53125 0.578125 0.5708333328124999 0.5828125 0.61875
1 0.453125 0.5145833328125 0.4609375 0.5479166671875 0.4875 0.5916666671875 0.5125 0.58125 0.5671875 0.5395833328124999 0.5671875 0.5125 0.5296875 0.4145833328125 0.5171875 0.4145833328125 0.4546875 0.45416666718750004 0.4390625 0.475 0.440625 0.4916666671875 0.453125 0.5145833328125
1 0.4015625 0.7208333328125 0.4109375 0.71875 0.428125 0.7 0.45625 0.65625 0.4484375 0.6291666671875 0.4234375 0.60625 0.4125 0.60625 0.384375 0.6229166671875 0.375 0.6708333328125 0.3828125 0.7020833328125 0.4015625 0.7208333328125
1 0.2703125 0.5166666671875 0.271875 0.5479166671875 0.2796875 0.5666666671875 0.315625 0.5895833328125 0.3453125 0.5854166671875001 0.3640625 0.5666666671875 0.390625 0.5625 0.390625 0.55 0.36875 0.53125 0.3609375 0.4875 0.334375 0.4625 0.3234375 0.4625 0.3125 0.4625 0.2890625 0.4770833328125 0.2734375 0.5020833328125 0.2703125 0.5166666671875
1 0.2234375 0.44375 0.234375 0.44375 0.371875 0.3854166671875 0.3734375 0.3708333328125 0.3484375 0.2708333328125 0.3453125 0.2708333328125 0.1984375 0.3333333328125 0.1953125 0.34375 0.209375 0.4270833328125 0.2234375 0.44375
1 0.3046875 0.19583333281249998 0.3015625 0.2208333328125 0.3203125 0.23958333281250002 0.41875 0.23333333281250002 0.434375 0.24375 0.4328125 0.2541666671875 0.4109375 0.2666666671875 0.4046875 0.28958333281250004 0.415625 0.3291666671875 0.43125 0.3416666671875 0.490625 0.3104166671875 0.5015625 0.2833333328125 0.509375 0.2791666671875 0.525 0.3104166671875 0.515625 0.32083333281250004 0.503125 0.3541666671875 0.503125 0.36666666718749996 0.509375 0.3875 0.5203125 0.39791666718749996 0.6125 0.3625 0.6328125 0.34375 0.6625 0.3291666671875 0.671875 0.3166666671875 0.6703125 0.2916666671875 0.6578125 0.2833333328125 0.621875 0.2958333328125 0.6015625 0.2958333328125 0.5859375 0.2875 0.584375 0.27291666718749996 0.553125 0.2645833328125 0.5328125 0.21875 0.5765625 0.19375 0.6140625 0.25 0.6421875 0.2416666671875 0.6546875 0.2270833328125 0.659375 0.21458333281250003 0.6578125 0.2 0.621875 0.1375 0.5859375 0.1604166671875 0.578125 0.1729166671875 0.5671875 0.14375 0.5453125 0.1458333328125 0.5359375 0.1145833328125 0.525 0.1020833328125 0.471875 0.10625 0.465625 0.1020833328125 0.4703125 0.0979166671875 0.4671875 0.0979166671875 0.453125 0.1125 0.4078125 0.1208333328125 0.3296875 0.1729166671875 0.3046875 0.19583333281249998
1 0.7265625 0.1354166671875 0.71875 0.1708333328125 0.7296875 0.19583333281249998 0.75625 0.20416666718749998 0.790625 0.18125 0.8015625 0.1520833328125 0.7984375 0.1145833328125 0.8046875 0.0875 0.8 0.0791666671875 0.79140625 0.0791666671875 0.7703125 0.08333333281250001 0.7515625 0.1125 0.7390625 0.11875 0.7265625 0.1354166671875
1 0.684375 0 0.6453125 0.0791666671875 0.6421875 0.1020833328125 0.7 0.10833333281249999 0.740625 0.0958333328125 0.81875 0.05 0.8359375 0.03125 0.85 0 0.8421125 0 0.684375 0
1 0.609375 0 0.59375 0.0125 0.55625 0.0270833328125 0.4859375 0.03125 0.4734375 0.0229166671875 0.471875 0.03125 0.5015625 0.06875 0.5484375 0.07291666718749999 0.6078125 0.05 0.63125 0.0270833328125 0.640625 0.010416667187500001 0.640625 0 0.6328125 0 0.609375 0
1 0.146875 0.1541666671875 0.15625 0.1916666671875 0.21875 0.2916666671875 0.23125 0.3 0.25625 0.29375 0.2671875 0.2770833328125 0.26875 0.25 0.2328125 0.175 0.2203125 0.13333333281249998 0.2 0.10833333281249999 0.1890625 0.10833333281249999 0.1640625 0.08541666718749999 0.1546875 0.08541666718749999 0.1421875 0.0979166671875 0.140625 0.1145833328125 0.1484375 0.1270833328125 0.146875 0.1541666671875
1 0.3296875 0.1666666671875 0.334375 0.1291666671875 0.3296875 0.1020833328125 0.3171875 0.0895833328125 0.30625 0.0895833328125 0.2953125 0.1 0.29375 0.12291666718750001 0.309375 0.1541666671875 0.3296875 0.1666666671875