1 0.415625 0.17916666718750002 0.428125 0.1854166671875 0.4421875 0.1854166671875 0.4828125 0.16875 0.4921875 0.15 0.4859375 0.10833333281249999 0.45625 0.0020833328125000002 0.3859375 0.0020833328125000002 0.375 0.01875 0.3296875 0.0416666671875 0.3125 0.058333332812500006 0.309375 0.07083333281250001 0.3140625 0.1 0.3328125 0.1416666671875 0.3546875 0.14375 0.41875 0.1166666671875 0.425 0.13125 0.4109375 0.1458333328125 0.4078125 0.1625 0.415625 0.17916666718750002
1 0.5046875 0.1833333328125 0.5234375 0.1979166671875 0.5296875 0.1979166671875 0.540625 0.19375 0.553125 0.1729166671875 0.5640625 0.13333333281249998 0.5609375 0.1041666671875 0.54375 0.08541666718749999 0.4984375 0.08541666718749999 0.4890625 0.10625 0.496875 0.1291666671875 0.4984375 0.1625 0.5046875 0.1833333328125
1 0.7328125 0.3125 0.815625 0.425 0.8234375 0.425 0.8484375 0.4145833328125 0.8578125 0.40416666718750005 0.865625 0.3791666671875 0.8875 0.3708333328125 0.9015625 0.3458333328125 0.9015625 0.33125 0.8859375 0.2958333328125 0.83125 0.21875 0.8171875 0.20416666718749998 0.796875 0.2 0.775 0.21875 0.7640625 0.2520833328125 0.7515625 0.2541666671875 0.740625 0.2645833328125 0.7296875 0.2875 0.7296875 0.2979166671875 0.7328125 0.3125
1 0.60625 0.35 0.6140625 0.3583333328125 0.6171875 0.3583333328125 0.6328125 0.3333333328125 0.65 0.32083333281250004 0.659375 0.275 0.646875 0.2375 0.63125 0.21875 0.6265625 0.19375 0.63125 0.175 0.625 0.1520833328125 0.609375 0.1458333328125 0.5890625 0.1708333328125 0.5703125 0.1729166671875 0.5640625 0.2 0.5875 0.2270833328125 0.5875 0.3 0.60625 0.35
1 0.603125 0.51875 0.6109375 0.525 0.6234375 0.525 0.646875 0.5166666671875 0.659375 0.4916666671875 0.7078125 0.4791666671875 0.734375 0.4604166671875 0.7390625 0.4479166671875 0.7375 0.40416666718750005 0.71875 0.35208333281250004 0.709375 0.3458333328125 0.671875 0.3479166671875 0.6171875 0.3604166671875 0.5828125 0.38125 0.578125 0.4291666671875 0.584375 0.46875 0.603125 0.51875
1 0.4546875 0.5458333328125 0.5171875 0.5854166671875001 0.5296875 0.5854166671875001 0.5671875 0.4875 0.5671875 0.4604166671875 0.5125 0.41875 0.4875 0.40833333281249995 0.4609375 0.45208333281249996 0.453125 0.48541666718750004 0.440625 0.5083333328124999 0.4390625 0.525 0.4546875 0.5458333328125
1 0.384375 0.3770833328125 0.4125 0.39375 0.4234375 0.39375 0.4484375 0.3708333328125 0.45625 0.34375 0.428125 0.3 0.4109375 0.28125 0.4015625 0.2791666671875 0.3828125 0.2979166671875 0.375 0.3291666671875 0.384375 0.3770833328125
1 0.3125 0.5375 0.3234375 0.5375 0.334375 0.5375 0.3609375 0.5125 0.36875 0.46875 0.390625 0.45 0.390625 0.4375 0.3640625 0.43333333281249997 0.3453125 0.4145833328125 0.315625 0.41041666718750003 0.2796875 0.43333333281249997 0.271875 0.45208333281249996 0.2703125 0.48333333281249996 0.2734375 0.49791666718750005 0.2890625 0.5229166671875001 0.3125 0.5375
1 0.1984375 0.6666666671875 0.3453125 0.7291666671875 0.3484375 0.7291666671875 0.3734375 0.6291666671875 0.371875 0.6145833328125 0.234375 0.55625 0.2234375 0.55625 0.209375 0.5729166671875 0.1953125 0.65625 0.1984375 0.6666666671875
1 0.453125 0.8875 0.4671875 0.9020833328125001 0.4703125 0.9020833328125001 0.465625 0.8979166671875 0.471875 0.89375 0.525 0.8979166671875 0.5359375 0.8854166671874999 0.5453125 0.8541666671874999 0.5671875 0.85625 0.578125 0.8270833328125 0.5859375 0.8395833328125001 0.621875 0.8625 0.6578125 0.8 0.659375 0.7854166671875 0.6546875 0.7729166671875001 0.6421875 0.7583333328124999 0.6140625 0.75 0.5765625 0.80625 0.5328125 0.78125 0.553125 0.7354166671875 0.584375 0.7270833328124999 0.5859375 0.7125 0.6015625 0.7041666671875 0.621875 0.7041666671875 0.6578125 0.7166666671875 0.6703125 0.7083333328125 0.671875 0.6833333328125 0.6625 0.6708333328125 0.6328125 0.65625 0.6125 0.6375 0.5203125 0.6020833328124999 0.509375 0.6125 0.503125 0.6333333328124999 0.503125 0.6458333328125 0.515625 0.6791666671875001 0.525 0.6895833328125 0.509375 0.7208333328125 0.5015625 0.7166666671875 0.490625 0.6895833328125 0.43125 0.6583333328125 0.415625 0.6708333328125 0.4046875 0.7104166671875001 0.4109375 0.7333333328125 0.4328125 0.7458333328125 0.434375 0.75625 0.41875 0.7666666671875 0.3203125 0.7604166671875 0.3015625 0.7791666671875 0.3046875 0.8041666671875 0.3296875 0.8270833328125 0.4078125 0.8791666671874999 0.453125 0.8875
1 0.7703125 0.9166666671874999 0.79140625 0.9208333328125 0.8 0.9208333328125 0.8046875 0.9125 0.7984375 0.8854166671874999 0.8015625 0.8479166671874999 0.790625 0.81875 0.75625 0.7958333328125 0.7296875 0.8041666671875 0.71875 0.8291666671875 0.7265625 0.8645833328125001 0.7390625 0.88125 0.7515625 0.8875 0.7703125 0.9166666671874999
1 0.85 1 0.8359375 0.96875 0.81875 0.95 0.740625 0.9041666671874999 0.7 0.8916666671875 0.6421875 0.8979166671875 0.6453125 0.9208333328125 0.684375 1 0.8421125 1 0.85 1
1 0.640625 1 0.640625 0.9895833328125001 0.63125 0.9729166671874999 0.6078125 0.95 0.5484375 0.9270833328125001 0.5015625 0.93125 0.471875 0.96875 0.4734375 0.9770833328125 0.4859375 0.96875 0.55625 0.9729166671874999 0.59375 0.9875 0.609375 1 0.6328125 1 0.640625 1
1 0.1421875 0.9020833328125001 0.1546875 0.9145833328125 0.1640625 0.9145833328125 0.1890625 0.8916666671875 0.2 0.8916666671875 0.2203125 0.8666666671875 0.2328125 0.825 0.26875 0.75 0.2671875 0.7229166671875 0.25625 0.70625 0.23125 0.7 0.21875 0.7083333328125 0.15625 0.8083333328125001 0.146875 0.8458333328125001 0.1484375 0.8729166671874999 0.140625 0.8854166671874999 0.1421875 0.9020833328125001
1 0.2953125 0.9 0.30625 0.9104166671874999 0.3171875 0.9104166671874999 0.3296875 0.8979166671875 0.334375 0.8708333328125001 0.3296875 0.8333333328125001 0.309375 0.8458333328125001 0.29375 0.8770833328125001 0.2953125 0.9