1 0.3875 0.36666666718749996 0.4046875 0.3604166671875 0.41875 0.3291666671875 0.4171875 0.30625 0.3921875 0.2541666671875 0.3859375 0.2541666671875 0.3625 0.30625 0.3609375 0.325 0.3703125 0.3541666671875 0.3875 0.36666666718749996
1 0.421875 0.23541666718749998 0.4171875 0.25833333281250004 0.43125 0.28125 0.4765625 0.2604166671875 0.496875 0.2416666671875 0.521875 0.24375 0.540625 0.22291666718749997 0.5390625 0.20416666718749998 0.5484375 0.1854166671875 0.5515625 0.15 0.5234375 0.14791666718750002 0.5046875 0.1666666671875 0.4859375 0.125 0.4765625 0.1166666671875 0.46875 0.1166666671875 0.440625 0.13125 0.44375 0.1520833328125 0.421875 0.1833333328125 0.421875 0.23541666718749998
1 0.3171875 0.1520833328125 0.3453125 0.1916666671875 0.371875 0.2166666671875 0.38125 0.21875 0.3921875 0.20833333281250002 0.4078125 0.1770833328125 0.4125 0.14375 0.40625 0.1270833328125 0.3890625 0.10625 0.3578125 0.0791666671875 0.35625 0.0395833328125 0.3453125 0.0208333328125 0.334375 0.0166666671875 0.3328125 0.014583332812499999 0.3234375 0.025 0.3234375 0.11875 0.3171875 0.13333333281249998 0.3171875 0.1520833328125
1 0.321875 0.28958333281250004 0.3203125 0.2708333328125 0.3125 0.2708333328125 0.2421875 0.2958333328125 0.2359375 0.3104166671875 0.24375 0.3145833328125 0.321875 0.28958333281250004
1 0.1796875 0.1541666671875 0.18125 0.18125 0.1890625 0.20208333281250002 0.2109375 0.225 0.2421875 0.2375 0.2703125 0.23125 0.284375 0.2208333328125 0.296875 0.20208333281250002 0.30625 0.16458333281249998 0.303125 0.1375 0.2953125 0.11875 0.2765625 0.0979166671875 0.259375 0.0916666671875 0.2515625 0.0916666671875 0.225 0.09375 0.2078125 0.1041666671875 0.1890625 0.125 0.1796875 0.1541666671875
1 0 0.2645833328125 0.04375 0.325 0.071875 0.3416666671875 0.08125 0.3541666671875 0.096875 0.35 0.11875 0.325 0.121875 0.2979166671875 0.0796875 0.2104166671875 0.053125 0.1916666671875 0.0453125 0.1916666671875 0.0234375 0.1979166671875 0.0078125 0.21458333281250003 0 0.22916666718749998 0 0.2645833328125
1 0.0796875 0.4125 0.090625 0.39791666718749996 0.090625 0.3770833328125 0.0765625 0.35 0.0609375 0.3375 0.0484375 0.3375 0.0328125 0.35208333281250004 0.0328125 0.3770833328125 0.0578125 0.41041666718750003 0.0796875 0.4125
1 0.1234375 0.3854166671875 0.1375 0.40833333281249995 0.15625 0.41875 0.178125 0.4145833328125 0.175 0.41041666718750003 0.1890625 0.3958333328125 0.1828125 0.3875 0.2 0.3854166671875 0.1890625 0.38125 0.1984375 0.3541666671875 0.1953125 0.3333333328125 0.1890625 0.31875 0.1703125 0.30625 0.159375 0.30625 0.1359375 0.3125 0.1171875 0.3416666671875 0.1171875 0.36875 0.1234375 0.3854166671875
1 0.1921875 0.5020833328125 0.203125 0.5125 0.215625 0.5041666671875 0.2390625 0.5416666671875 0.2546875 0.5395833328124999 0.278125 0.48125 0.2546875 0.45625 0.23125 0.4583333328125 0.1921875 0.4458333328125 0.1875 0.4458333328125 0.1859375 0.45625 0.19375 0.47083333281249995 0.1890625 0.48541666718750004 0.1921875 0.5020833328125
1 0.325 0.5166666671875 0.3234375 0.5416666671875 0.33125 0.5520833328125 0.340625 0.55 0.3484375 0.53125 0.365625 0.5291666671875 0.38125 0.5083333328124999 0.371875 0.4479166671875 0.365625 0.4375 0.35 0.43125 0.3375 0.43125 0.3140625 0.4479166671875 0.3078125 0.48125 0.309375 0.49583333281249997 0.325 0.5166666671875
1 0.49375 0.675 0.5109375 0.7104166671875001 0.540625 0.7166666671875 0.553125 0.7104166671875001 0.56875 0.6854166671875 0.5703125 0.64375 0.5796875 0.6208333328125 0.5703125 0.6166666671875001 0.553125 0.6229166671875 0.5375 0.6145833328125 0.5265625 0.6145833328125 0.509375 0.6229166671875 0.5 0.6354166671875 0.49375 0.6541666671875 0.49375 0.675
1 0.465625 0.9145833328125 0.48125 0.9270833328125001 0.5234375 0.8833333328125 0.5359375 0.8520833328125 0.5578125 0.8291666671875 0.5625 0.80625 0.54375 0.7833333328125 0.525 0.76875 0.515625 0.76875 0.5046875 0.78125 0.5015625 0.79375 0.50625 0.8083333328125001 0.5015625 0.8104166671874999 0.4515625 0.7604166671875 0.4453125 0.7604166671875 0.4203125 0.79375 0.4171875 0.8104166671874999 0.4421875 0.8541666671874999 0.465625 0.9145833328125
1 0.3265625 0.9 0.35 0.90625 0.38125 0.88125 0.384375 0.85625 0.378125 0.8375 0.3484375 0.8354166671875 0.334375 0.8270833328125 0.33125 0.8270833328125 0.325 0.8291666671875 0.31875 0.84375 0.321875 0.8895833328125 0.3265625 0.9
1 0.1328125 0.5458333328125 0.140625 0.59375 0.1578125 0.6208333328125 0.16875 0.6229166671875 0.18125 0.6083333328125 0.1984375 0.5520833328125 0.1921875 0.5354166671875 0.159375 0.5145833328125 0.15 0.5145833328125 0.14375 0.5208333328125 0.128125 0.5166666671875 0.125 0.5270833328125 0.1328125 0.5458333328125
1 0.0296875 0.8791666671874999 0.04375 0.9041666671874999 0.0671875 0.8854166671874999 0.109375 0.825 0.1375 0.7666666671875 0.1609375 0.6916666671875 0.1578125 0.6270833328125 0.125 0.6291666671875 0.0890625 0.6020833328124999 0.0875 0.6 0.065625 0.63125 0.03125 0.7416666671875001 0.0171875 0.81875 0.0296875 0.8791666671874999
1 0.1796875 0.9145833328125 0.1921875 0.9583333328125001 0.159375 0.9854166671875 0.1609375 0.9916666671875 0.1671875 0.9979166671874999 0.1921875 0.9979166671874999 0.2203125 0.96875 0.2703125 0.9541666671875 0.2828125 0.9416666671874999 0.29375 0.9125 0.29375 0.88125 0.2796875 0.8583333328125 0.2875 0.8270833328125 0.2875 0.8125 0.28125 0.8083333328125001 0.275 0.8083333328125001 0.253125 0.8354166671875 0.221875 0.8354166671875 0.18125 0.8625 0.1796875 0.9145833328125
1 0.2796875 0.49375 0.2875 0.50625 0.309375 0.4895833328125 0.3109375 0.45416666718750004 0.321875 0.4375 0.3375 0.4291666671875 0.365625 0.43541666718750005 0.3953125 0.40833333281249995 0.378125 0.36875 0.353125 0.33125 0.346875 0.33125 0.24375 0.42291666718750004 0.25625 0.45416666718750004 0.2796875 0.4791666671875 0.2796875 0.49375