1 0.3020833328125 0.9203125 0.3020833328125 0.9265625 0.3104166671875 0.934375 0.3916666671875 0.9265625 0.4125 0.90625 0.4145833328125 0.8765625 0.3645833328125 0.8609375 0.3479166671875 0.865625 0.31875 0.89375 0.3020833328125 0.9203125
1 0.49375 0.8046875 0.48541666718750004 0.7609375 0.4583333328125 0.7359375 0.4166666671875 0.7171875 0.3916666671875 0.7171875 0.35625 0.7296875 0.3333333328125 0.7484375 0.31875 0.7796875 0.31875 0.7890625 0.32083333281250004 0.8109375 0.33541666718749996 0.8375 0.3625 0.8578125 0.40208333281249997 0.8703125 0.4270833328125 0.86875 0.45625 0.8578125 0.4770833328125 0.8390625 0.49375 0.8046875
1 0.6229166671875 0.7703125 0.625 0.784375 0.6375 0.796875 0.6645833328124999 0.784375 0.73125 0.7328125 0.7166666671875 0.7171875 0.6270833328125 0.659375 0.6354166671875 0.615625 0.6125 0.5984375 0.59375 0.6 0.5458333328125 0.63125 0.5354166671875 0.64375 0.5104166671875 0.6578125 0.47083333281249995 0.7 0.47083333281249995 0.7109375 0.48333333281249996 0.71875 0.49791666718750005 0.71875 0.5416666671875 0.69375 0.5770833328125 0.6953125 0.5895833328125 0.7046875 0.6145833328125 0.7046875 0.6583333328125 0.73125 0.6229166671875 0.7703125
1 0.7125 0.5703125 0.7 0.584375 0.7 0.596875 0.7125 0.6109375 0.7333333328125 0.6171875 0.7520833328125 0.6171875 0.7791666671875 0.6 0.7791666671875 0.5859375 0.7708333328125 0.5765625 0.74375 0.5671875 0.7125 0.5703125
1 0.9979166671874999 0.5484375 0.9979166671874999 0.528125 0.98125 0.521875 0.9666666671874999 0.503125 0.9375 0.4828125 0.9 0.471875 0.8520833328125 0.484375 0.825 0.509375 0.7708333328125 0.496875 0.7604166671875 0.5140625 0.7604166671875 0.521875 0.7645833328125 0.534375 0.7958333328125 0.53125 0.8208333328125 0.5359375 0.8541666671874999 0.5703125 0.90625 0.584375 0.9541666671875 0.5765625 0.9854166671875 0.5484375 0.9979166671874999 0.5484375
1 0.8354166671875 0.415625 0.8145833328125001 0.409375 0.7895833328124999 0.409375 0.76875 0.415625 0.75 0.4296875 0.7416666671875001 0.44375 0.7416666671875001 0.4546875 0.75 0.4796875 0.7708333328125 0.496875 0.8208333328125 0.509375 0.84375 0.4875 0.8666666671875 0.4765625 0.8729166671874999 0.4625 0.86875 0.4390625 0.8354166671875 0.415625
1 0.6416666671875 0.24375 0.6416666671875 0.253125 0.6604166671875 0.2640625 0.6625 0.2765625 0.71875 0.275 0.7333333328125 0.2546875 0.7270833328124999 0.2265625 0.6979166671875 0.215625 0.6666666671875 0.2203125 0.6416666671875 0.24375
1 0.4916666671875 0.2875 0.4583333328125 0.378125 0.4583333328125 0.3859375 0.46458333281249997 0.3953125 0.48541666718750004 0.4015625 0.5 0.4 0.5083333328124999 0.3921875 0.5375 0.3046875 0.5375 0.2953125 0.5291666671875 0.2875 0.4916666671875 0.2875
1 0.42291666718750004 0.2765625 0.40416666718750005 0.2671875 0.3625 0.26875 0.33125 0.2921875 0.31875 0.3234375 0.31875 0.3296875 0.325 0.346875 0.3416666671875 0.3609375 0.36875 0.36875 0.3875 0.365625 0.42083333281249996 0.346875 0.43333333281249997 0.3296875 0.43541666718750005 0.290625 0.42291666718750004 0.2765625
1 0.40625 0.425 0.3104166671875 0.3984375 0.2770833328125 0.4046875 0.2520833328125 0.434375 0.2520833328125 0.4453125 0.2541666671875 0.4609375 0.27291666718749996 0.4796875 0.3625 0.4953125 0.3625 0.478125 0.3729166671875 0.4609375 0.4270833328125 0.453125 0.41875 0.4328125 0.40625 0.425
1 0.1604166671875 0.5921875 0.23333333281250002 0.6 0.26875 0.559375 0.16458333281249998 0.55 0.14791666718750002 0.55625 0.1395833328125 0.578125 0.1395833328125 0.584375 0.1604166671875 0.5921875
1 0 0.6203125 0.0333333328125 0.6140625 0.05208333281250001 0.61875 0.0979166671875 0.596875 0.08125 0.5921875 0.06875 0.5765625 0.058333332812500006 0.5765625 0.0416666671875 0.5859375 0.025 0.575 0 0.5765625 0 0.5853125 0 0.6203125
1 0.0625 0.365625 0.0625 0.3734375 0.0895833328125 0.3859375 0.1395833328125 0.39375 0.1541666671875 0.3796875 0.1708333328125 0.3390625 0.0875 0.3125 0.0625 0.3578125 0.0625 0.365625
1 0.55 0.253125 0.5354166671875 0.25625 0.5354166671875 0.2578125 0.5541666671875001 0.290625 0.5979166671875 0.3140625 0.6333333328124999 0.328125 0.6416666671875 0.3265625 0.6458333328125 0.3015625 0.6354166671875 0.2921875 0.5791666671875 0.2609375 0.55 0.253125
1 0.5395833328124999 0.171875 0.5270833328125 0.1453125 0.5104166671875 0.1359375 0.4895833328125 0.134375 0.46666666718750005 0.1421875 0.44166666718750003 0.1671875 0.44166666718750003 0.1755203125 0.44166666718750003 0.1921875 0.45416666718750004 0.2046875 0.5125 0.21875 0.5375 0.2140625 0.5458333328125 0.196875 0.5604166671875 0.190625 0.5583333328125 0.178125 0.5395833328124999 0.171875
1 0.45 0.153125 0.4791666671875 0.1359375 0.5166666671875 0.1375 0.5166666671875 0.13125 0.49583333281249997 0.0984375 0.48125 0.0921875 0.45208333281249996 0.090625 0.3770833328125 0.125 0.36666666718749996 0.140625 0.36666666718749996 0.1546875 0.3791666671875 0.1703125 0.38333333281250004 0.1953125 0.39375 0.2015625 0.41875 0.2046875 0.43125 0.1984375 0.43958333281249995 0.1859375 0.43958333281249995 0.1703125 0.45 0.153125