1 0.8703125 0.43541666718750005 0.59375 0.43541666718750005 0.59375 0.5875 0.8703125 0.5875 0.8703125 0.43541666718750005
1 0.2796875 0.1729166671875 0.15625 0.1729166671875 0.15625 0.25833333281250004 0.2796875 0.25833333281250004 0.2796875 0.1729166671875
1 0.2828125 0.5770833328125 0.1671875 0.5770833328125 0.1671875 0.7375 0.2828125 0.7375 0.2828125 0.5770833328125
1 0.553125 0.7770833328125 0.396875 0.7770833328125 0.396875 0.9416666671874999 0.553125 0.9416666671874999 0.553125 0.7770833328125
1 0.521875 0.6583333328125 0.35625 0.6583333328125 0.35625 0.78125 0.521875 0.78125 0.521875 0.6583333328125
1 0.5796875 0.43958333281249995 0.459375 0.43958333281249995 0.459375 0.5770833328125 0.5796875 0.5770833328125 0.5796875 0.43958333281249995
1 0.4984375 0.175 0.384375 0.175 0.384375 0.3333333328125 0.4984375 0.3333333328125 0.4984375 0.175
1 0.553125 0.1708333328125 0.4359375 0.1708333328125 0.4359375 0.2958333328125 0.553125 0.2958333328125 0.553125 0.1708333328125
1 0.662616753125 0.6550708796875 0.52841315625 0.6693859296875 0.53903020625 0.8463367765625 0.673233803125 0.8320217265625001 0.662616753125 0.6550708796875
1 0.6689868078125001 0.5338350625 0.610221128125 0.6081711359375 0.7021009953124999 0.7372995953125 0.7608666734375 0.6629635234375 0.6689868078125001 0.5338350625
1 0.5179869906250001 0.3165926765625 0.5135682140625 0.3976035828125 0.6736024328125 0.4131220546875 0.678021209375 0.3321111484375 0.5179869906250001 0.3165926765625
1 0.3096380546875 0.0720229328125 0.302992609375 0.1367052703125 0.4381069828125 0.16138369531250002 0.44475242968749995 0.09670135625000001 0.3096380546875 0.0720229328125
1 0.3110917375 0.4837804 0.2615209234375 0.5911838328125001 0.3626475328125 0.6741595140625 0.41221834687500003 0.5667560796875 0.3110917375 0.4837804
1 0.41484375 0.309375 0.32109375 0.434375 0.4 0.5395833328124999 0.49375 0.4145833328125 0.41484375 0.309375
1 0.218940721875 0.2801959765625 0.19167363125 0.34328454218750004 0.310024328125 0.4342206703125 0.33729142031250003 0.3711321078125 0.218940721875 0.2801959765625
1 0.35232649843749997 0.1797055734375 0.2715201109375 0.2643598828125 0.340758084375 0.3818546265625 0.421564471875 0.2972003140625 0.35232649843749997 0.1797055734375
1 0.32729779375 0.7377450984375 0.24710477968750003 0.8018995109375 0.315625 0.9541666671875 0.3958180140625 0.8900122546875 0.32729779375 0.7377450984375