1 0.4890625 0.53125 0.6953125 0.53125 0.6953125 0.24375 0.4890625 0.24375 0.4890625 0.53125
1 0.3140625 0.64375 0.4421875 0.64375 0.4421875 0.5583333328125 0.3140625 0.5583333328125 0.3140625 0.64375
1 0.3453125 0.975 0.4453125 0.975 0.4453125 0.8375 0.3453125 0.8375 0.3453125 0.975
1 0.3609375 0.7708333328125 0.490625 0.7708333328125 0.490625 0.6354166671875 0.3609375 0.6354166671875 0.3609375 0.7708333328125
1 0.4 0.5375 0.5171875 0.5375 0.5171875 0.40416666718750005 0.4 0.40416666718750005 0.4 0.5375
1 0.5359375 0.5833333328125 0.6859375 0.5833333328125 0.6859375 0.44375 0.5359375 0.44375 0.5359375 0.5833333328125
1 0.240625 0.5583333328125 0.3015625 0.5583333328125 0.3015625 0.41041666718750003 0.240625 0.41041666718750003 0.240625 0.5583333328125
1 0.1234375 0.553125 0.2265625 0.553125 0.2265625 0.38125 0.1234375 0.38125 0.1234375 0.553125
1 0.1110625 0.8110625 0.2234375 0.9234375 0.2538125 0.8694375000000001 0.1414375 0.7570625 0.1110625 0.8110625
1 0.0965960140625 0.6295689546875 0.209580896875 0.7566769453125 0.24069808906249998 0.7075041 0.12771320625 0.58039610625 0.0965960140625 0.6295689546875
1 0.3311337453125 0.7692342140624999 0.44798528125 0.8714793078125 0.46384279062499995 0.8392608796875001 0.3469912546875 0.7370157859375001 0.3311337453125 0.7692342140624999
1 0.5623083640625001 0.7183390984375 0.6488742515625 0.8157257203125001 0.7058382062499999 0.72570860625 0.61927231875 0.6283219828125 0.5623083640625001 0.7183390984375
1 0.496875 0.9984375 0.6203125 0.9984375 0.6203125 0.85625 0.496875 0.85625 0.496875 0.9984375
1 0.3890625 0.4015625 0.509375 0.4015625 0.509375 0.234375 0.3890625 0.234375 0.3890625 0.4015625
1 0.475 0.8625 0.584375 0.8625 0.584375 0.7265625 0.475 0.7265625 0.475 0.8625
1 0.21652706249999998 0.5917686859375 0.2611307984375 0.7255798984374999 0.3281088921875 0.685889175 0.2835051546875 0.5520779640625 0.21652706249999998 0.5917686859375
1 0.5375 0.578125 0.6828125 0.578125 0.6828125 0.4453125 0.5375 0.4453125 0.5375 0.578125
1 0.1859375 0.8875 0.3234375 0.8875 0.3234375 0.7703125 0.1859375 0.7703125 0.1859375 0.8875
1 0.4689623625 0.6841298328125001 0.5781129140625 0.7242771640625 0.6086515890624999 0.5766735734374999 0.49950103593749995 0.53652624375 0.4689623625 0.6841298328125001