1 0.5484375 0.5333333328125 0.7203125 0.5333333328125 0.7203125 0.23541666718749998 0.5484375 0.23541666718749998 0.5484375 0.5333333328125
1 0.2 0.6770833328125 0.2921875 0.6770833328125 0.2921875 0.49583333281249997 0.2 0.49583333281249997 0.2 0.6770833328125
1 0.390625 0.6708333328125 0.5140625 0.6708333328125 0.5140625 0.5854166671875001 0.390625 0.5854166671875001 0.390625 0.6708333328125
1 0.5625 0.8104166671874999 0.6609375 0.8104166671874999 0.6609375 0.6770833328125 0.5625 0.6770833328125 0.5625 0.8104166671874999
1 0.453125 0.9291666671875 0.55 0.9291666671875 0.55 0.83125 0.453125 0.83125 0.453125 0.9291666671875
1 0.4484375 0.7479166671875 0.5671875 0.7479166671875 0.5671875 0.65625 0.4484375 0.65625 0.4484375 0.7479166671875
1 0.1885292078125 0.7554920859375 0.3171902890625 0.8255117234375 0.33447206406249996 0.769057925 0.20581098281250002 0.6990382890625 0.1885292078125 0.7554920859375
1 0.459375 0.55625 0.56875 0.55625 0.56875 0.43125 0.459375 0.43125 0.459375 0.55625
1 0.2930916796875 0.8568067953125 0.43152375000000004 0.9066130421875 0.44089985 0.8602840734375 0.30246778124999996 0.8104778265625001 0.2930916796875 0.8568067953125
1 0.3 0.6333333328124999 0.375 0.6333333328124999 0.375 0.49583333281249997 0.3 0.49583333281249997 0.3 0.6333333328124999
1 0.5873599140625 0.5343247125 0.625668103125 0.5797270125 0.7268749999999999 0.4279166671875 0.6885668109374999 0.38251436875 0.5873599140625 0.5343247125
1 0.6382913625 0.673990575 0.7240565203125 0.7209048499999999 0.7524752046875001 0.6285441296875 0.6667100453125 0.5816298546875001 0.6382913625 0.673990575
1 0.5459606984375001 0.6716430124999999 0.6443163203125 0.68912845625 0.6578534390625 0.5537572765625 0.5594978171875 0.5362718328125 0.5459606984375001 0.6716430124999999
1 0.584375 0.8541666671874999 0.6276763609375 0.9247318484375 0.715655940625 0.828754125 0.6723545796875 0.75818894375 0.584375 0.8541666671874999
1 0.43563124999999997 0.779525 0.5476963234375 0.835863725 0.5563382359375 0.8053039203125 0.44427316250000004 0.7489651953124999 0.43563124999999997 0.779525
1 0.30429496875 0.6757063 0.3548932921875 0.7799695125 0.41203506093750003 0.73067073125 0.3614367375 0.6264075203125 0.30429496875 0.6757063
1 0.23211908281250002 0.89569773125 0.34976423749999996 0.9602872296875 0.368144415625 0.9007704625 0.25049926093749997 0.8361809671874999 0.23211908281250002 0.89569773125
1 0.41929310312499996 0.3006063203125 0.44940517187499995 0.4497327578125 0.5639396546875 0.4086178171875 0.5338275859375 0.25949137968749997 0.41929310312499996 0.3006063203125