1 0.5270833328125 0.6921875 0.5270833328125 0.4828125 0.24375 0.4828125 0.24375 0.6921875 0.5270833328125 0.6921875
1 0.6354166671875 0.4359375 0.6354166671875 0.309375 0.5479166671875 0.309375 0.5479166671875 0.4359375 0.6354166671875 0.4359375
1 0.9625 0.434375 0.9625 0.3359375 0.825 0.3359375 0.825 0.434375 0.9625 0.434375
1 0.7625 0.48125 0.7625 0.3546875 0.625 0.3546875 0.625 0.48125 0.7625 0.48125
1 0.53125 0.5125 0.53125 0.39375 0.39791666718749996 0.39375 0.39791666718749996 0.5125 0.53125 0.5125
1 0.5458333328125 0.296875 0.5458333328125 0.2390625 0.39791666718749996 0.2390625 0.39791666718749996 0.296875 0.5458333328125 0.296875
1 0.81280255 0.6399795125 0.7188491359375 0.5550069390625 0.633823875 0.6078885046875 0.7277772875 0.6928610765625 0.81280255 0.6399795125
1 1 0.52421875 0.93155821875 0.47655393906250004 0.8270833328125 0.5609375 0.9176198624999999 0.6239897265625001 1 0.557451921875 1 0.52421875
1 0.5650077375 0.1764688328125 0.5270833328125 0.125 0.3636262171875 0.1927486734375 0.40155061875 0.24421750625 0.5650077375 0.1764688328125
1 0.7351108187500001 0.20337425625 0.6069740125 0.100239753125 0.5638904250000001 0.1303493046875 0.6920272328125 0.23348380937500002 0.7351108187500001 0.20337425625
1 0.39875 0.395625 0.2394396546875 0.385668103125 0.2267672421875 0.49971982812500004 0.38607758593749997 0.5096767234375 0.39875 0.395625
1 0.8741119578125 0.49820790625000005 0.7907859265625 0.46283364843749997 0.7238541390625 0.5515182656250001 0.8071801703125001 0.586892525 0.8741119578125 0.49820790625000005
1 0.72540314375 0.5646577078125 0.6774653484375001 0.45904475156249996 0.5354166671875 0.4953125 0.5833544625 0.6009254562499999 0.72540314375 0.5646577078125
1 0.7015088125 0.261328540625 0.5783386453125 0.21632405625 0.53991210625 0.27548070468749997 0.6630822703125 0.3204851890625 0.7015088125 0.261328540625
1 0.61056910625 0.5619664640625001 0.5465447140624999 0.5235518296875 0.41443089375 0.6474085359374999 0.47845528593750003 0.6858231703125 0.61056910625 0.5619664640625001
1 0.8802282375000001 0.30666799375 0.78142250625 0.1708101109375 0.7389463921874999 0.18818670312500002 0.8377521234374999 0.32404458593749996 0.8802282375000001 0.30666799375
1 0.8994249625 0.21218184375 0.7783842375 0.11232324687499999 0.7310991703124999 0.14456306562500001 0.8521398937500001 0.24442166250000003 0.8994249625 0.21218184375
1 0.8614600203125 0.43462064375000004 0.74400999375 0.3300167140625 0.7166801734375 0.3472776546875 0.8341302 0.451881584375 0.8614600203125 0.43462064375000004