1 0.4984375 0.5875 0.2328125 0.5875 0.2328125 0.8083333328125001 0.4984375 0.8083333328125001 0.4984375 0.5875
1 0.8634290546875001 0.25118243281249997 0.733509290625 0.127449325 0.7098606421875 0.17159346875 0.8397804046875 0.2953265765625 0.8634290546875001 0.25118243281249997
1 0.3046875 0.05 0.171875 0.05 0.171875 0.1708333328125 0.3046875 0.1708333328125 0.3046875 0.05
1 0.2171875 0.1979166671875 0.121875 0.1979166671875 0.121875 0.3708333328125 0.2171875 0.3708333328125 0.2171875 0.1979166671875
1 0.6359375 0.5104166671875 0.515625 0.5104166671875 0.515625 0.6520833328125 0.6359375 0.6520833328125 0.6359375 0.5104166671875
1 0.275 0.41041666718750003 0.2109375 0.41041666718750003 0.2109375 0.56875 0.275 0.56875 0.275 0.41041666718750003
1 0.4078125 0.3125 0.3390625 0.3125 0.3390625 0.53125 0.4078125 0.53125 0.4078125 0.3125
1 0.19424632343749998 0.533063725 0.026608456250000002 0.5158700984375 0.022398896874999998 0.5888357828124999 0.1900367640625 0.6060294125000001 0.19424632343749998 0.533063725
1 0.341059559375 0.25569901875 0.246759559375 0.24749901875 0.23935 0.3989833328125 0.33365 0.40718333281249997 0.341059559375 0.25569901875
1 0.409387028125 0.13172381718749998 0.37541112656250003 0.07263529375 0.2620451359375 0.1885205265625 0.2960210375 0.24760905000000002 0.409387028125 0.13172381718749998
1 0.5709134609375 0.2230769234375 0.527403846875 0.1360576921875 0.43725961562500004 0.21618589843749997 0.48076923125000004 0.3032051296875 0.5709134609375 0.2230769234375
1 0.58850543125 0.46300823593749996 0.5526122531250001 0.316776775 0.4344193234375 0.3683518703125 0.4703125 0.5145833328125 0.58850543125 0.46300823593749996
1 0.8258167078125 0.4492223359375 0.779294684375 0.3186342 0.7184838734375 0.3571477140625 0.765005896875 0.48773584999999997 0.8258167078125 0.4492223359375
1 0.6845150859375 0.7552586203125 0.5877262937500001 0.6405459765625 0.5043642234375 0.76558908125 0.6011530171875 0.880301725 0.6845150859375 0.7552586203125
1 0.6239268874999999 0.6854088046875 0.5589268875 0.6691588046875 0.54375 0.7770833328125 0.60875 0.7933333328125001 0.6239268874999999 0.6854088046875
1 0.6984375 0.3916666671875 0.6125 0.2770833328125 0.571875 0.33125 0.6578125 0.4458333328125 0.6984375 0.3916666671875
1 0.7118933828125 0.2728186265625 0.6018749999999999 0.1470833328125 0.5827941171875 0.17676470625000001 0.6928124999999999 0.3025 0.7118933828125 0.2728186265625
1 0.4671875 0 0.39609375 0.0947916671875 0.46640625 0.1885416671875 0.5515625 0.075 0.4953125 0 0.4671875 0
1 0.9191347453125 0.4981846484375 0.8645008421875 0.4601311828125 0.7984910968750001 0.6286132015625 0.853125 0.6666666671875 0.9191347453125 0.4981846484375