1 0.5171875 0.2854166671875 0.396875 0.2854166671875 0.396875 0.45416666718750004 0.5171875 0.45416666718750004 0.5171875 0.2854166671875
1 0.4296875 0.49375 0.3140625 0.49375 0.3140625 0.575 0.4296875 0.575 0.4296875 0.49375
1 0.5796875 0.6541666671875 0.5015625 0.6541666671875 0.5015625 0.7854166671875 0.5796875 0.7854166671875 0.5796875 0.6541666671875
1 0.6546875 0.21875 0.5171875 0.21875 0.5171875 0.3375 0.6546875 0.3375 0.6546875 0.21875
1 0.5671875 0.49375 0.475 0.49375 0.475 0.6041666671875 0.5671875 0.6041666671875 0.5671875 0.49375
1 0.4625 0.575 0.328125 0.575 0.328125 0.6458333328125 0.4625 0.6458333328125 0.4625 0.575
1 0.8328125 0.32083333281250004 0.746875 0.32083333281250004 0.746875 0.5 0.8328125 0.5 0.8328125 0.32083333281250004
1 0.834375 0.50625 0.68125 0.50625 0.68125 0.5979166671875 0.834375 0.5979166671875 0.834375 0.50625
1 0.35625 0.14375 0.30625 0.14375 0.30625 0.29375 0.35625 0.29375 0.35625 0.14375
1 0.9992435984375 0.9981590515625 0.9991365468750001 0.9978489109374999 0.9990350093749999 0.9979596765625001 0.9991420609375 0.9982698187500001 0.9992435984375 0.9981590515625
1 0.5159910562500001 0.1894727359375 0.3750739328125 0.10541690625 0.3498909046875 0.18047220625 0.490808028125 0.26452803281250004 0.5159910562500001 0.1894727359375
1 0.400174209375 0.3565080421875 0.2727226078125 0.2660585171875 0.24862944687500002 0.3264131015625 0.3760810484375 0.416862625 0.400174209375 0.3565080421875
1 0.32545673124999996 0.43471153749999997 0.24834134687499998 0.42185897499999997 0.23641826875 0.5490384625 0.31353365312500003 0.561891025 0.32545673124999996 0.43471153749999997
1 0.5589669875000001 0.457597675 0.5359328640625 0.40299826875000005 0.420502596875 0.48957096875 0.44353672031249997 0.544170375 0.5589669875000001 0.457597675
1 0.7415953421875 0.3976844484375 0.61766520625 0.3490843953125 0.5881319671874999 0.48296841874999996 0.7120621015624999 0.5315684703125 0.7415953421875 0.3976844484375
1 0.50885339375 0.6706386 0.401750278125 0.6306534375 0.3801024671875 0.7337382546875 0.48720558281250004 0.7737234171875 0.50885339375 0.6706386
1 0.817054303125 0.2840368859375 0.7875 0.1833333328125 0.6676690578125 0.24585382500000003 0.6972233609375 0.34655737656249996 0.817054303125 0.2840368859375