1 0.6921875 0.47291666718750003 0.4828125 0.47291666718750003 0.4828125 0.75625 0.6921875 0.75625 0.6921875 0.47291666718750003
1 0.4359375 0.3645833328125 0.309375 0.3645833328125 0.309375 0.45208333281249996 0.4359375 0.45208333281249996 0.4359375 0.3645833328125
1 0.434375 0.0375 0.3359375 0.0375 0.3359375 0.175 0.434375 0.175 0.434375 0.0375
1 0.48125 0.2375 0.3546875 0.2375 0.3546875 0.375 0.48125 0.375 0.48125 0.2375
1 0.5125 0.46875 0.39375 0.46875 0.39375 0.6020833328124999 0.5125 0.6020833328124999 0.5125 0.46875
1 0.296875 0.45416666718750004 0.2390625 0.45416666718750004 0.2390625 0.6020833328124999 0.296875 0.6020833328124999 0.296875 0.45416666718750004
1 0.6399795125 0.18719745000000002 0.5550069390625 0.2811508640625 0.6078885046875 0.366176125 0.6928610765625 0.27222271249999996 0.6399795125 0.18719745000000002
1 0.52421875 0 0.47655393906250004 0.06844178125 0.5609375 0.1729166671875 0.6239897265625001 0.08238013749999999 0.557451921875 0 0.52421875 0
1 0.1764688328125 0.43499226249999995 0.125 0.47291666718750003 0.1927486734375 0.6363737828125 0.24421750625 0.59844938125 0.1764688328125 0.43499226249999995
1 0.20337425625 0.26488918125 0.100239753125 0.3930259875 0.1303493046875 0.43610957499999997 0.23348380937500002 0.3079727671875 0.20337425625 0.26488918125
1 0.395625 0.6012500000000001 0.385668103125 0.7605603453125 0.49971982812500004 0.7732327578125 0.5096767234375 0.6139224140625 0.395625 0.6012500000000001
1 0.49820790625000005 0.1258880421875 0.46283364843749997 0.2092140734375 0.5515182656250001 0.2761458609375 0.586892525 0.1928198296875 0.49820790625000005 0.1258880421875
1 0.5646577078125 0.27459685624999997 0.45904475156249996 0.3225346515625 0.4953125 0.46458333281249997 0.6009254562499999 0.4166455375 0.5646577078125 0.27459685624999997
1 0.261328540625 0.2984911875 0.21632405625 0.4216613546875 0.27548070468749997 0.46008789375000003 0.3204851890625 0.3369177296875 0.261328540625 0.2984911875
1 0.5619664640625001 0.38943089375 0.5235518296875 0.4534552859375 0.6474085359374999 0.58556910625 0.6858231703125 0.5215447140625 0.5619664640625001 0.38943089375
1 0.30666799375 0.11977176249999999 0.1708101109375 0.21857749375000002 0.18818670312500002 0.2610536078125 0.32404458593749996 0.1622478765625 0.30666799375 0.11977176249999999
1 0.21218184375 0.1005750375 0.11232324687499999 0.2216157625 0.14456306562500001 0.2689008296875 0.24442166250000003 0.14786010624999998 0.21218184375 0.1005750375
1 0.43462064375000004 0.1385399796875 0.3300167140625 0.25599000625 0.3472776546875 0.2833198265625 0.451881584375 0.1658698 0.43462064375000004 0.1385399796875