1 0.521875 0.4770833328125 0.3109375 0.4770833328125 0.3109375 0.7541666671875 0.521875 0.7541666671875 0.521875 0.4770833328125
1 0.69375 0.375 0.56875 0.375 0.56875 0.4625 0.69375 0.4625 0.69375 0.375
1 0.6515625 0.2479166671875 0.5234375 0.2479166671875 0.5234375 0.38333333281250004 0.6515625 0.38333333281250004 0.6515625 0.2479166671875
1 0.6078125 0.475 0.4921875 0.475 0.4921875 0.60625 0.6078125 0.60625 0.6078125 0.475
1 0.7609375 0.46666666718750005 0.7046875 0.46666666718750005 0.7046875 0.6104166671875 0.7609375 0.6104166671875 0.7609375 0.46666666718750005
1 0.613692178125 0.7721933484375 0.6097095890625 0.6075796953125 0.49375162499999997 0.6125671359375 0.4977342125 0.7771807875000001 0.613692178125 0.7721933484375
1 0.875 0.4895833328125 0.8238093 0.44992207031250003 0.7550441546875 0.6077087609375 0.8062348546875 0.6473700234375 0.875 0.4895833328125
1 0.48454278593750005 0.4598434 0.449895134375 0.39384787499999996 0.32049077187499997 0.5146252796875 0.3551384234375 0.58062080625 0.48454278593750005 0.4598434
1 0.4514206734375 0.2872211546875 0.3704423078125 0.1906153859375 0.3156009609375 0.27233974375000003 0.3965793265625 0.36894551249999996 0.4514206734375 0.2872211546875
1 0.54640625 0.333125 0.44046874999999996 0.2860416671875 0.405625 0.4254166671875 0.5115624999999999 0.4725 0.54640625 0.333125
1 0.5436425515625001 0.21863185000000002 0.5099871578124999 0.1366210046875 0.42256892187500006 0.20039783125000002 0.456224315625 0.282408675 0.5436425515625001 0.21863185000000002
1 0.471484375 0 0.3886432921875 0.0883638203125 0.44382621875000006 0.1803353671875 0.533193596875 0.0850101625 0.48218749843750003 0 0.471484375 0
1 0.7784866265625 0.4484079328125 0.7656727625 0.3202692875 0.7017057859375 0.33164119375 0.71451965 0.4597798390625 0.7784866265625 0.4484079328125
1 0.8998406515624999 0.41190982031249995 0.7981077375 0.2825749515625 0.7683631375 0.3241690265625 0.8700960515625 0.4535038953125 0.8998406515624999 0.41190982031249995
1 0.8858570171875 0.2461920921875 0.7934118796875 0.1198504015625 0.7585201734375 0.1652379859375 0.8509653109374999 0.29157967500000004 0.8858570171875 0.2461920921875
1 0.676875 0.1716666671875 0.626875 0.038333332812499996 0.5625 0.08125 0.6125 0.21458333281250003 0.676875 0.1716666671875
1 0.6748842374999999 0.2702412765625 0.5735521109375 0.1498709921875 0.555942453125 0.17622558125 0.65727458125 0.2965958640625 0.6748842374999999 0.2702412765625
1 0.830790440625 0.24129901875 0.6991268374999999 0.1359681375 0.680928309375 0.1764093140625 0.8125919125 0.2817401953125 0.830790440625 0.24129901875