1 0.21875 0.3395833328125 0.0875 0.3395833328125 0.0875 0.5145833328125 0.21875 0.5145833328125 0.21875 0.3395833328125
1 0.5859375 0.2208333328125 0.4546875 0.2208333328125 0.4546875 0.3291666671875 0.5859375 0.3291666671875 0.5859375 0.2208333328125
1 0.540625 0.55 0.4421875 0.55 0.4421875 0.73125 0.540625 0.73125 0.540625 0.55
1 0.9121228453124999 0.48146551718749997 0.7085021546875 0.1760344828125 0.6331465515625 0.26534482656249997 0.836767240625 0.5707758625 0.9121228453124999 0.48146551718749997
1 0.75 0.38125 0.6359375 0.38125 0.6359375 0.50625 0.75 0.50625 0.75 0.38125
1 0.50625 0.35208333281250004 0.4328125 0.35208333281250004 0.4328125 0.5541666671875001 0.50625 0.5541666671875001 0.50625 0.35208333281250004
1 0.5453125 0.3854166671875 0.4984375 0.3854166671875 0.4984375 0.5708333328124999 0.5453125 0.5708333328124999 0.5453125 0.3854166671875
1 0.6375 0.1208333328125 0.5828125 0.1208333328125 0.5828125 0.2833333328125 0.6375 0.2833333328125 0.6375 0.1208333328125
1 0.4273294703125 0.6004307875 0.41573864687500006 0.4427956015625 0.3389643234375 0.45283146093750004 0.3505551453125 0.6104666484375 0.4273294703125 0.6004307875
1 0.30016163749999997 0.12866379375 0.27487844375 0.06563901718750001 0.1462389609375 0.1573819046875 0.17152215625 0.2204066796875 0.30016163749999997 0.12866379375
1 0.3450667140625 0.1965589890625 0.2651860953125 0.1719803375 0.24348665781249998 0.29735486875 0.323367275 0.3219335203125 0.3450667140625 0.1965589890625
1 0.4353038359375 0.17861551250000002 0.33884282187500003 0.06042904375 0.3071992578125 0.1063432328125 0.40366027187500003 0.2245297015625 0.4353038359375 0.17861551250000002
1 0.5384321953125 0.1661378328125 0.5200061890625001 0.12388086093749999 0.435682346875 0.18924818125 0.4541083515625 0.2315051546875 0.5384321953125 0.1661378328125
1 0.3538236359375 0.3293557453125 0.2384061453125 0.3262151328125 0.23610727968749998 0.47640768125 0.3515247703125 0.47954829375 0.3538236359375 0.3293557453125
1 0.44061203437499996 0.42086755625 0.3990984859375 0.25250705625 0.343506296875 0.2768762359375 0.3850198453125 0.44523673593749996 0.44061203437499996 0.42086755625
1 0.6827848453125 0.67236356875 0.6748686390625 0.5140394546875 0.5519773234375001 0.5249631265625 0.559893528125 0.6832872421875 0.6827848453125 0.67236356875
1 0.8118964234374999 0.5800318609375 0.6831601234375 0.5706692203125 0.679771959375 0.6534909921875001 0.8085082609375001 0.66285363125 0.8118964234374999 0.5800318609375
1 0.6528219375 0.3865953578125 0.5627736999999999 0.29751538125 0.5139807046875 0.3852013421875 0.6040289421875 0.47428132031250003 0.6528219375 0.3865953578125