1 0.3109375 0.5229166671875001 0.521875 0.5229166671875001 0.521875 0.24583333281250003 0.3109375 0.24583333281250003 0.3109375 0.5229166671875001
1 0.56875 0.625 0.69375 0.625 0.69375 0.5375 0.56875 0.5375 0.56875 0.625
1 0.5234375 0.7520833328125 0.6515625 0.7520833328125 0.6515625 0.6166666671875001 0.5234375 0.6166666671875001 0.5234375 0.7520833328125
1 0.4921875 0.525 0.6078125 0.525 0.6078125 0.39375 0.4921875 0.39375 0.4921875 0.525
1 0.7046875 0.5333333328125 0.7609375 0.5333333328125 0.7609375 0.3895833328125 0.7046875 0.3895833328125 0.7046875 0.5333333328125
1 0.6097095890625 0.3924203046875 0.613692178125 0.2278066515625 0.4977342125 0.2228192125 0.49375162499999997 0.3874328640625 0.6097095890625 0.3924203046875
1 0.8238093 0.5500779296875 0.875 0.5104166671875 0.8062348546875 0.3526299765625 0.7550441546875 0.3922912390625 0.8238093 0.5500779296875
1 0.449895134375 0.606152125 0.48454278593750005 0.5401566 0.3551384234375 0.41937919375000005 0.32049077187499997 0.48537472031249995 0.449895134375 0.606152125
1 0.3704423078125 0.8093846140625001 0.4514206734375 0.7127788453125 0.3965793265625 0.6310544874999999 0.3156009609375 0.72766025625 0.3704423078125 0.8093846140625001
1 0.44046874999999996 0.7139583328125 0.54640625 0.666875 0.5115624999999999 0.5275000000000001 0.405625 0.5745833328125001 0.44046874999999996 0.7139583328125
1 0.5099871578124999 0.8633789953125 0.5436425515625001 0.78136815 0.456224315625 0.717591325 0.42256892187500006 0.79960216875 0.5099871578124999 0.8633789953125
1 0.48218749843750003 1 0.533193596875 0.9149898375 0.44382621875000006 0.8196646328125 0.3886432921875 0.9116361796874999 0.471484375 1 0.48218749843750003 1
1 0.7656727625 0.6797307125 0.7784866265625 0.5515920671875 0.71451965 0.5402201609375 0.7017057859375 0.66835880625 0.7656727625 0.6797307125
1 0.7981077375 0.7174250484375 0.8998406515624999 0.5880901796875 0.8700960515625 0.5464961046875 0.7683631375 0.6758309734375 0.7981077375 0.7174250484375
1 0.7934118796875 0.8801495984375001 0.8858570171875 0.7538079078125001 0.8509653109374999 0.708420325 0.7585201734375 0.8347620140625001 0.7934118796875 0.8801495984375001
1 0.626875 0.9616666671875 0.676875 0.8283333328125 0.6125 0.7854166671875 0.5625 0.91875 0.626875 0.9616666671875
1 0.5735521109375 0.8501290078125001 0.6748842374999999 0.7297587234375 0.65727458125 0.7034041359375001 0.555942453125 0.82377441875 0.5735521109375 0.8501290078125001
1 0.6991268374999999 0.8640318625000001 0.830790440625 0.75870098125 0.8125919125 0.7182598046875001 0.680928309375 0.8235906859375 0.6991268374999999 0.8640318625000001