1 0.7375 0.703125 0.7375 0.5984375 0.56875 0.5984375 0.56875 0.703125 0.7375 0.703125
1 0.6625 0.575 0.6625 0.45 0.5583333328125 0.45 0.5583333328125 0.575 0.6625 0.575
1 0.46458333281249997 0.8234375 0.46458333281249997 0.7125 0.2833333328125 0.7125 0.2833333328125 0.8234375 0.46458333281249997 0.8234375
1 0.2270833328125 0.6296875 0.2270833328125 0.4890625 0.029166667187500002 0.4890625 0.029166667187500002 0.6296875 0.2270833328125 0.6296875
1 0.38125 0.5484375 0.38125 0.4265625 0.24583333281250003 0.4265625 0.24583333281250003 0.5484375 0.38125 0.5484375
1 0.7458333328125 0.5359375 0.7458333328125 0.4296875 0.6770833328125 0.4296875 0.6770833328125 0.5359375 0.7458333328125 0.5359375
1 0.9131671625 0.5268647859375 0.7539458828125001 0.5225223875 0.75152759375 0.572399615625 0.9107488734375 0.5767420140625 0.9131671625 0.5268647859375
1 0.6709185640625 0.36497695625 0.6148752640625 0.3298069265625 0.49589457656249997 0.43645425 0.5519378765625 0.4716242796875 0.6709185640625 0.36497695625
1 0.5497967484374999 0.49980945156249995 0.3954522359375 0.4869474078125 0.38180894374999996 0.5790396343750001 0.53615345625 0.5919016765625 0.5497967484374999 0.49980945156249995
1 0.38330128124999996 0.6861298078125 0.32603205156250004 0.5644326921875 0.16376923125 0.607384615625 0.2210384625 0.72908173125 0.38330128124999996 0.6861298078125
1 0.6452907234375 0.7600133812500001 0.5665869015625 0.6990813921875 0.44598236875 0.7867081234375 0.5246861875 0.8476401140625001 0.6452907234375 0.7600133812500001
1 0.8793004578125 0.8079988531250001 0.7655772171875 0.7824111234375 0.71305428125 0.9137184640625 0.8267775234375 0.9393061921875001 0.8793004578125 0.8079988531250001
1 0.8129622671875 0.7411688578125 0.7059057578125 0.6738968609375 0.6037365875 0.7653547484375001 0.7107930984374999 0.83262674375 0.8129622671875 0.7411688578125
1 0.9000978749999999 0.646770134375 0.8181627515625 0.6037541953125001 0.7374161078125 0.69026845625 0.81935123125 0.7332843953125 0.9000978749999999 0.646770134375
1 0.9930552484374999 0.5867575015625001 0.9268379109374999 0.5793608828125001 0.898530225 0.721910290625 0.9647475640625001 0.729306909375 0.9930552484374999 0.5867575015625001
1 0.5145833328125 0.446875 0.5145833328125 0.3265625 0.0625 0.3265625 0.0625 0.446875 0.5145833328125 0.446875
1 0.6229432796875 0.64075510625 0.5872608171875 0.6029394515625001 0.41060623906249993 0.696702265625 0.44628870468750004 0.73451791875 0.6229432796875 0.64075510625
1 0.54429448125 0.6052382390625 0.5170391890625 0.582096953125 0.36504590000000003 0.6827925078125 0.39230119218750004 0.70593379375 0.54429448125 0.6052382390625