1 0.4171875 0.46875 0.6578125 0.46875 0.6578125 0.225 0.4171875 0.225 0.4171875 0.46875
1 0.240625 0.5520833328125 0.359375 0.5520833328125 0.359375 0.4291666671875 0.240625 0.4291666671875 0.240625 0.5520833328125
1 0.2046875 0.89375 0.290625 0.89375 0.290625 0.7291666671875 0.2046875 0.7291666671875 0.2046875 0.89375
1 0.2578125 0.6979166671875 0.3796875 0.6979166671875 0.3796875 0.5291666671875 0.2578125 0.5291666671875 0.2578125 0.6979166671875
1 0.340625 0.45625 0.4609375 0.45625 0.4609375 0.32083333281250004 0.340625 0.32083333281250004 0.340625 0.45625
1 0.1984375 0.41041666718750003 0.25 0.41041666718750003 0.25 0.25833333281250004 0.1984375 0.25833333281250004 0.1984375 0.41041666718750003
1 0.21730769218749998 0.6361778859375 0.298497596875 0.7985576921875001 0.32391826875 0.7759615375 0.24272836562500003 0.61358173125 0.21730769218749998 0.6361778859375
1 0 0.611328125 0.0812522421875 0.7535195484375 0.12206779062499999 0.7120561328125 0.0362715203125 0.5619126609375 0 0.59875991875 0 0.611328125
1 0.3453125 0.825 0.4546875 0.825 0.4546875 0.69375 0.3453125 0.69375 0.3453125 0.825
1 0.0765625 0.35 0.1921875 0.35 0.1921875 0.2046875 0.0765625 0.2046875 0.0765625 0.35
1 0.031410215625 0.4124698609375 0.10470336250000001 0.5773794421875 0.14774746249999998 0.5433692890625 0.0744543140625 0.3784597078125 0.031410215625 0.4124698609375
1 0.33125 0.9875 0.4640625 0.9875 0.4640625 0.8375 0.33125 0.8375 0.33125 0.9875
1 0.440125 0.6958125 0.514375 0.8278125 0.5885 0.7536875000000001 0.51425 0.6216875 0.440125 0.6958125
1 0.3640625 0.3171875 0.484375 0.3171875 0.484375 0.15 0.3640625 0.15 0.3640625 0.3171875
1 0.1515625 0.5625 0.21875 0.5625 0.21875 0.4140625 0.1515625 0.4140625 0.1515625 0.5625
1 0.484375 0.5359375 0.6171875 0.5359375 0.6171875 0.446875 0.484375 0.446875 0.484375 0.5359375
1 0.3634400453125 0.6134556640625 0.4643922390625 0.69122624375 0.52438969375 0.5527705796875 0.4234375 0.475 0.3634400453125 0.6134556640625
1 0.06015625 0.6177083328124999 0.1703125 0.7645833328125 0.196875 0.7291666671875 0.08671875 0.5822916671875 0.06015625 0.6177083328124999