1 0.9125 0.3395833328125 0.78125 0.3395833328125 0.78125 0.5145833328125 0.9125 0.5145833328125 0.9125 0.3395833328125
1 0.5453125 0.2208333328125 0.4140625 0.2208333328125 0.4140625 0.3291666671875 0.5453125 0.3291666671875 0.5453125 0.2208333328125
1 0.5578125 0.55 0.459375 0.55 0.459375 0.73125 0.5578125 0.73125 0.5578125 0.55
1 0.2914978453125 0.1760344828125 0.0878771546875 0.48146551718749997 0.16323275937499998 0.5707758625 0.3668534484375 0.26534482656249997 0.2914978453125 0.1760344828125
1 0.3640625 0.38125 0.25 0.38125 0.25 0.50625 0.3640625 0.50625 0.3640625 0.38125
1 0.5671875 0.35208333281250004 0.49375 0.35208333281250004 0.49375 0.5541666671875001 0.5671875 0.5541666671875001 0.5671875 0.35208333281250004
1 0.5015625 0.3854166671875 0.4546875 0.3854166671875 0.4546875 0.5708333328124999 0.5015625 0.5708333328124999 0.5015625 0.3854166671875
1 0.4171875 0.1208333328125 0.3625 0.1208333328125 0.3625 0.2833333328125 0.4171875 0.2833333328125 0.4171875 0.1208333328125
1 0.5842613531249999 0.4427956015625 0.5726705296875 0.6004307875 0.6494448546875 0.6104666484375 0.6610356765625001 0.45283146093750004 0.5842613531249999 0.4427956015625
1 0.72512155625 0.06563901718750001 0.6998383625 0.12866379375 0.82847784375 0.2204066796875 0.8537610390625 0.1573819046875 0.72512155625 0.06563901718750001
1 0.7348139046875 0.1719803375 0.6549332859375 0.1965589890625 0.6766327249999999 0.3219335203125 0.7565133421875 0.29735486875 0.7348139046875 0.1719803375
1 0.6611571781250001 0.06042904375 0.5646961640625 0.17861551250000002 0.596339728125 0.2245297015625 0.6928007421875 0.1063432328125 0.6611571781250001 0.06042904375
1 0.4799938109375 0.12388086093749999 0.46156780468749997 0.1661378328125 0.5458916484375 0.2315051546875 0.564317653125 0.18924818125 0.4799938109375 0.12388086093749999
1 0.7615938546875001 0.3262151328125 0.6461763640625 0.3293557453125 0.6484752296875 0.47954829375 0.7638927203125 0.47640768125 0.7615938546875001 0.3262151328125
1 0.6009015140625 0.25250705625 0.559387965625 0.42086755625 0.6149801546875 0.44523673593749996 0.656493703125 0.2768762359375 0.6009015140625 0.25250705625
1 0.3251313609375 0.5140394546875 0.3172151546875 0.67236356875 0.44010647187499996 0.6832872421875 0.4480226765625 0.5249631265625 0.3251313609375 0.5140394546875
1 0.3168398765625 0.5706692203125 0.1881035765625 0.5800318609375 0.1914917390625 0.66285363125 0.320228040625 0.6534909921875001 0.3168398765625 0.5706692203125
1 0.4372263 0.29751538125 0.3471780625 0.3865953578125 0.3959710578125 0.47428132031250003 0.4860192953125 0.3852013421875 0.4372263 0.29751538125