1 0.465625 0.4625 0.2859375 0.4625 0.2859375 0.7604166671875 0.465625 0.7604166671875 0.465625 0.4625
1 0.6296875 0.33125 0.503125 0.33125 0.503125 0.4145833328125 0.6296875 0.4145833328125 0.6296875 0.33125
1 0.575 0.05208333281250001 0.475 0.05208333281250001 0.475 0.1604166671875 0.575 0.1604166671875 0.575 0.05208333281250001
1 0.5734375 0.2416666671875 0.4515625 0.2416666671875 0.4515625 0.34375 0.5734375 0.34375 0.5734375 0.2416666671875
1 0.55625 0.44375 0.4453125 0.44375 0.4453125 0.5729166671875 0.55625 0.5729166671875 0.55625 0.44375
1 0.71875 0.3791666671875 0.6453125 0.3791666671875 0.6453125 0.5208333328125 0.71875 0.5208333328125 0.71875 0.3791666671875
1 0.428125 0.0671875 0.31875 0.0671875 0.31875 0.1984375 0.428125 0.1984375 0.428125 0.0671875
1 0.8409375000000001 0.26687500000000003 0.7123437499999999 0.18114583281250002 0.69046875 0.2394791671875 0.8190625 0.3252083328125 0.8409375000000001 0.26687500000000003
1 0.38189121406250004 0.31158608593750003 0.2954267390625 0.247538325 0.2553876765625 0.34363207500000004 0.34185215156250004 0.4076798359375 0.38189121406250004 0.31158608593750003
1 0.5899324874999999 0.21707713593750003 0.476510753125 0.1441631625 0.4637726390625 0.1793895546875 0.577194371875 0.252303525 0.5899324874999999 0.21707713593750003
1 0.4578125 0.1734375 0.359375 0.1734375 0.359375 0.3046875 0.4578125 0.3046875 0.4578125 0.1734375
1 0.72375 0.33406250000000004 0.66525 0.2300625 0.6071875 0.288125 0.6656875 0.392125 0.72375 0.33406250000000004
1 0.8265625 0.3515625 0.728125 0.3515625 0.728125 0.53125 0.8265625 0.53125 0.8265625 0.3515625
1 0.8063356171875 0.10473030781249999 0.67838185 0.040753424999999996 0.66162243125 0.10034246718749999 0.7895761984375 0.16431935 0.8063356171875 0.10473030781249999
1 0.5796875 0.5734375 0.459375 0.5734375 0.459375 0.734375 0.5796875 0.734375 0.5796875 0.5734375
1 0.7397175375 0.1514896890625 0.5995774109374999 0.0848656953125 0.58637766875 0.1342256546875 0.72651779375 0.20084964843750003 0.7397175375 0.1514896890625
1 0.44046874999999996 0.4954166671875 0.4134375 0.4233333328125 0.27125 0.5181250000000001 0.29828125 0.5902083328125001 0.44046874999999996 0.4954166671875
1 0.47379127343749994 0.3224842765625 0.3725648578125 0.2971776734375 0.353461084375 0.4330267296875 0.4546875 0.4583333328125 0.47379127343749994 0.3224842765625