1 0.5291666671875 0.5140625 0.5291666671875 0.3046875 0.24375 0.3046875 0.24375 0.5140625 0.5291666671875 0.5140625
1 0.6375 0.6875 0.6375 0.5609375 0.5520833328125 0.5609375 0.5520833328125 0.6875 0.6375 0.6875
1 0.9666666671874999 0.6578125 0.9666666671874999 0.559375 0.8291666671875 0.559375 0.8291666671875 0.6578125 0.9666666671874999 0.6578125
1 0.7645833328125 0.640625 0.7645833328125 0.5125 0.6291666671875 0.5125 0.6291666671875 0.640625 0.7645833328125 0.640625
1 0.5333333328125 0.603125 0.5333333328125 0.484375 0.4 0.484375 0.4 0.603125 0.5333333328125 0.603125
1 0.55 0.7578125 0.55 0.7 0.40416666718750005 0.7 0.40416666718750005 0.7578125 0.55 0.7578125
1 0.753625 0.66825 0.8651249999999999 0.55675 0.837125 0.541 0.725625 0.6525000000000001 0.753625 0.66825
1 0.540625 0.8734375 0.540625 0.771875 0.371875 0.771875 0.371875 0.8734375 0.540625 0.8734375
1 0.6196930265625 0.9003770328125 0.7442019046875 0.789702475 0.6950290578125 0.7585852828124999 0.5705201796875 0.869259840625 0.6196930265625 0.9003770328125
1 0.7143397859375 0.44151930781250004 0.8158733140625 0.3565144921875 0.7279850421875 0.297464559375 0.6264515109375 0.382469375 0.7143397859375 0.44151930781250004
1 0.5832974140625 0.7820985984375 0.71586745625 0.7394868 0.6783405171875 0.6738146546875 0.5457704750000001 0.7164264546875 0.5832974140625 0.7820985984375
1 0.996875 0.509375 0.996875 0.384375 0.853125 0.384375 0.853125 0.509375 0.996875 0.509375
1 0.8578125 0.528125 0.8578125 0.4203125 0.7234375 0.4203125 0.7234375 0.528125 0.8578125 0.528125
1 0.796875 0.8875 0.9084375 0.7759375000000001 0.8564375 0.7466875 0.7448750000000001 0.85825 0.796875 0.8875
1 0.396875 0.6109375 0.396875 0.4921875 0.23125 0.4921875 0.23125 0.6109375 0.396875 0.6109375
1 0.5765625 0.4671875 0.5765625 0.31875 0.446875 0.31875 0.446875 0.4671875 0.5765625 0.4671875
1 0.8765625 0.8140625 0.8765625 0.678125 0.7578125 0.678125 0.7578125 0.8140625 0.8765625 0.8140625
1 0.6760476578125 0.534725503125 0.7216130859375001 0.4276467484375 0.5827033687500001 0.39439708281249997 0.5371379421875 0.5014758375 0.6760476578125 0.534725503125