1 0.515625 0.5354166671875 0.65 0.5354166671875 0.65 0.33125 0.515625 0.33125 0.515625 0.5354166671875
1 0.54375 0.30625 0.6453125 0.30625 0.6453125 0.09375 0.54375 0.09375 0.54375 0.30625
1 0.6296875 0.6583333328125 0.7671875 0.6583333328125 0.7671875 0.56875 0.6296875 0.56875 0.6296875 0.6583333328125
1 0.4 0.69375 0.5203125 0.69375 0.5203125 0.5125 0.4 0.5125 0.4 0.69375
1 0.2484375 0.9666666671874999 0.3859375 0.9666666671874999 0.3859375 0.8458333328125001 0.2484375 0.8458333328125001 0.2484375 0.9666666671874999
1 0.378125 0.45625 0.528125 0.45625 0.528125 0.3 0.378125 0.3 0.378125 0.45625
1 0.4765625 0.7770833328125 0.5875 0.7770833328125 0.5875 0.64375 0.4765625 0.64375 0.4765625 0.7770833328125
1 0.1953125 0.6520833328125 0.2921875 0.6520833328125 0.2921875 0.43125 0.1953125 0.43125 0.1953125 0.6520833328125
1 0.5984375 0.7645833328125 0.765625 0.7645833328125 0.765625 0.675 0.5984375 0.675 0.5984375 0.7645833328125
1 0.684375 0.325 0.7375 0.325 0.7375 0.15625 0.684375 0.15625 0.684375 0.325
1 0.7723323171875001 0.6507621953125 0.8625 0.625 0.837850609375 0.47162601718749997 0.7476829265625 0.4973882109375 0.7723323171875001 0.6507621953125
1 0.6101054 0.6422460562500001 0.6314164203125 0.5740507890625001 0.48796227812500004 0.49435404375 0.46665125781250005 0.5625493109375 0.6101054 0.6422460562500001
1 0.13515625 0.6552083328125 0.225 0.5354166671875 0.1328125 0.4125 0.04296875 0.5322916671875 0.13515625 0.6552083328125
1 0.3928877421875 0.9115443765625001 0.49710017500000003 0.8299868187499999 0.434375 0.6875 0.330162565625 0.76905755625 0.3928877421875 0.9115443765625001
1 0.32146134375 0.7062933515625 0.4012247109375 0.6881358375 0.3802917265625 0.5246592 0.300528359375 0.5428167140625 0.32146134375 0.7062933515625
1 0.41328125 0.521875 0.4234375 0.48125 0.26734375 0.41187500000000005 0.2571875 0.4525 0.41328125 0.521875
1 0.6810637296875 0.47382627343749995 0.8209100796875 0.3576254421875 0.78876985625 0.2888603125 0.64892350625 0.40506114374999996 0.6810637296875 0.47382627343749995