1 0.7664657703125 0.31104204687500003 0.63376695625 0.2566015078125 0.5856140187500001 0.32262369999999996 0.7183128328125 0.3770642390625 0.7664657703125 0.31104204687500003
1 0.9531713640625 0.2886034859375 0.8628013734375 0.1681101625 0.8049378703125001 0.192521328125 0.8953078624999999 0.31301465156249997 0.9531713640625 0.2886034859375
1 0.978125 0.675 0.978125 0.5546875 0.8390625 0.5546875 0.8390625 0.675 0.978125 0.675
1 0.8546875 0.63125 0.8546875 0.525 0.7171875 0.525 0.7171875 0.63125 0.8546875 0.63125
1 0.6078125 0.2578125 0.6078125 0.1578125 0.43125 0.1578125 0.43125 0.2578125 0.6078125 0.2578125
1 0.7905404859375 0.6956998546875 0.7064317703125 0.607934240625 0.61392265 0.6578024390625 0.6980313640625 0.745568053125 0.7905404859375 0.6956998546875
1 0.971875 0.5046875 0.971875 0.4015625 0.85 0.4015625 0.85 0.5046875 0.971875 0.5046875
1 0.6546875 0.478125 0.6546875 0.353125 0.58125 0.353125 0.58125 0.478125 0.6546875 0.478125
1 0.796664525 0.26294023125 0.6900578390625001 0.139676253125 0.6353960484375001 0.1662684765625 0.74200273125 0.2895324546875 0.796664525 0.26294023125
1 0.8748655421875 0.5039873890625 0.78463464375 0.383679525 0.74961980625 0.398451409375 0.8398507046875 0.5187592734375001 0.8748655421875 0.5039873890625
1 0.76875 0.53125 0.76875 0.4078125 0.6546875 0.4078125 0.6546875 0.53125 0.76875 0.53125
1 0.4140625 0.5328125 0.4140625 0.4078125 0.2515625 0.4078125 0.2515625 0.5328125 0.4140625 0.5328125
1 0.90625 0.384375 0.90625 0.2421875 0.80625 0.2421875 0.80625 0.384375 0.90625 0.384375
1 0.546875 0.54375 0.546875 0.43125 0.4203125 0.43125 0.4203125 0.54375 0.546875 0.54375
1 0.59375 0.3359375 0.59375 0.26875 0.4515625 0.26875 0.4515625 0.3359375 0.59375 0.3359375
1 0.6953125 0.63125 0.6953125 0.5171875 0.5546875 0.5171875 0.5546875 0.63125 0.6953125 0.63125
1 0.559375 0.7140625 0.559375 0.5234375 0.2375 0.5234375 0.2375 0.7140625 0.559375 0.7140625
1 0.584375 0.709375 0.584375 0.5609375 0.43125 0.5609375 0.43125 0.709375 0.584375 0.709375