1 0.7875 0.35 0.7875 0.240625 0.4895833328125 0.240625 0.4895833328125 0.35 0.7875 0.35
1 0.7791666671875 0.703125 0.7791666671875 0.6296875 0.5958333328125 0.6296875 0.5958333328125 0.703125 0.7791666671875 0.703125
1 0.6270833328125 0.5875 0.6270833328125 0.521875 0.4604166671875 0.521875 0.4604166671875 0.5875 0.6270833328125 0.5875
1 0.45416666718750004 0.9546875 0.45416666718750004 0.846875 0.275 0.846875 0.275 0.9546875 0.45416666718750004 0.9546875
1 0.81875 0.4296875 0.81875 0.34375 0.6645833328124999 0.34375 0.6645833328124999 0.4296875 0.81875 0.4296875
1 0.8520833328125 0.5796875 0.8520833328125 0.465625 0.7020833328125 0.465625 0.7020833328125 0.5796875 0.8520833328125 0.5796875
1 0.48333333281249996 0.65 0.48333333281249996 0.540625 0.3166666671875 0.540625 0.3166666671875 0.65 0.48333333281249996 0.65
1 0.7166666671875 0.8 0.7166666671875 0.6875 0.5291666671875 0.6875 0.5291666671875 0.8 0.7166666671875 0.8
1 0.42291666718750004 0.3984375 0.42291666718750004 0.2671875 0.2375 0.2671875 0.2375 0.3984375 0.42291666718750004 0.3984375
1 0.7020833328125 0.625 0.7020833328125 0.575 0.5166666671875 0.575 0.5166666671875 0.625 0.7020833328125 0.625
1 0.5291666671875 0.90625 0.5291666671875 0.78125 0.4583333328125 0.78125 0.4583333328125 0.90625 0.5291666671875 0.90625
1 0.64160819375 0.39441726718750003 0.622670175 0.3426162140625 0.4420306078125 0.3797638671875 0.46096862656250004 0.4315649203125 0.64160819375 0.39441726718750003
1 0.33079268281249996 0.704725609375 0.3067581296875 0.5424923781250001 0.2182672765625 0.5498666156249999 0.2423018296875 0.7120998468749999 0.33079268281249996 0.704725609375
1 0.46400267968750003 0.7554244828125001 0.323063425 0.69296276875 0.25073060156250004 0.7847698125 0.39166985625 0.8472315281249999 0.46400267968750003 0.7554244828125001
1 0.6136029421875 0.6576286765625 0.44056372499999996 0.6251838234375 0.40453431406249996 0.7332720593750001 0.5775735296875 0.7657169125000001 0.6136029421875 0.6576286765625
1 0.8566795546874999 0.741349871875 0.7306164078124999 0.704985503125 0.6733247421875 0.8167042531250001 0.7993878875 0.8530686218750001 0.8566795546874999 0.741349871875
1 0.7032051296875 0.8379807687499999 0.6483974359375 0.776322115625 0.5142628203124999 0.8433894234375 0.5690705125 0.9050480765625 0.7032051296875 0.8379807687499999
1 0.5012254890625 0.41819852968750004 0.33210784375 0.38648897031249996 0.2933823515625 0.502665440625 0.4625 0.534375 0.5012254890625 0.41819852968750004