1 0.5291666671875 0.409375 0.5291666671875 0.6671875 0.7875 0.6671875 0.7875 0.409375 0.5291666671875 0.409375
1 0.43125 0.2046875 0.43125 0.3421875 0.5666666671875 0.3421875 0.5666666671875 0.2046875 0.43125 0.2046875
1 0.1041666671875 0.31875 0.1041666671875 0.453125 0.275 0.453125 0.275 0.31875 0.1041666671875 0.31875
1 0.0020833328125000002 0.1421875 0.0020833328125000002 0.2484375 0.2125 0.2484375 0.2125 0.1421875 0.0020833328125000002 0.1421875
1 0.2604166671875 0.2203125 0.2604166671875 0.3609375 0.45416666718750004 0.3609375 0.45416666718750004 0.2203125 0.2604166671875 0.2203125
1 0.5416666671875 0.3234375 0.5416666671875 0.4578125 0.6875 0.4578125 0.6875 0.3234375 0.5416666671875 0.3234375
1 0.16875 0.0015625 0.16875 0.125 0.3770833328125 0.125 0.3770833328125 0.0015625 0.16875 0.0015625
1 0.1375 0.1734375 0.1375 0.2875 0.3395833328125 0.2875 0.3395833328125 0.1734375 0.1375 0.1734375
1 0.5875 0.15625 0.5875 0.221875 0.7520833328125 0.221875 0.7520833328125 0.15625 0.5875 0.15625
1 0.4145833328125 0.0984375 0.4145833328125 0.178125 0.5791666671875 0.178125 0.5791666671875 0.0984375 0.4145833328125 0.0984375
1 0.2873796625 0.44135266250000005 0.12691035 0.5187217953125 0.2029256921875 0.6074063625 0.36339500625 0.5300372296875 0.2873796625 0.44135266250000005
1 0.487456975 0.44498746562499997 0.40711052031249995 0.4799381734375 0.5264067640625 0.6342005578125 0.6067532171875001 0.59924985 0.487456975 0.44498746562499997
1 0.3599560828125 0.34308724218750003 0.2708922453125 0.45664363750000003 0.43659490156249997 0.5297477500000001 0.5256587390624999 0.41619135625 0.3599560828125 0.34308724218750003
1 0.0011979171875 0.9983666984375 0.0008107640625 0.9984755859375 0.0008862859375 0.9985605468750001 0.0012734374999999998 0.9984516593749999 0.0011979171875 0.9983666984375
1 0.8505310875 0.3467988984375 0.6855591546875 0.3547814125 0.696534975 0.4823753234375 0.8615069078125 0.4743928109375 0.8505310875 0.3467988984375
1 0.6643246359375 0.008702696875 0.5991563953125 0.050006509374999994 0.7442929546875 0.1788152046875 0.80946119375 0.1375113921875 0.6643246359375 0.008702696875
1 0.0041666671875 0.3015625 0 0.459375 0.0925585890625 0.46074963281250003 0.09672525625 0.3029371328125 0.0041666671875 0.3015625