1 0.5390625 0.4875 0.3234375 0.4875 0.3234375 0.75625 0.5390625 0.75625 0.5390625 0.4875
1 0.709375 0.3895833328125 0.5890625 0.3895833328125 0.5890625 0.4895833328125 0.709375 0.4895833328125 0.709375 0.3895833328125
1 0.7015625 0.0645833328125 0.6109375 0.0645833328125 0.6109375 0.2104166671875 0.7015625 0.2104166671875 0.7015625 0.0645833328125
1 0.6734375 0.25833333281250004 0.5515625 0.25833333281250004 0.5515625 0.40416666718750005 0.6734375 0.40416666718750005 0.6734375 0.25833333281250004
1 0.6234375 0.4895833328125 0.5078125 0.4895833328125 0.5078125 0.6229166671875 0.6234375 0.6229166671875 0.6234375 0.4895833328125
1 0.840625 0.1708333328125 0.7171875 0.1708333328125 0.7171875 0.3125 0.840625 0.3125 0.840625 0.1708333328125
1 0.7 0.1625 0.590625 0.1625 0.590625 0.30416666718749996 0.7 0.30416666718749996 0.7 0.1625
1 0.765625 0.5 0.71875 0.5 0.71875 0.6416666671875 0.765625 0.6416666671875 0.765625 0.5
1 0.907032515625 0.46282752499999996 0.818742403125 0.3230348453125 0.7867934562500001 0.3589073484375 0.8750835703125001 0.4987000265625 0.907032515625 0.46282752499999996
1 0.48125 0.28125 0.40234375 0.1760416671875 0.34375 0.2541666671875 0.42265625 0.359375 0.48125 0.28125
1 0.5056788796875 0.5112212640625 0.4955876015625 0.4288091625 0.33774150625 0.4631702171875 0.347832784375 0.54558231875 0.5056788796875 0.5112212640625
1 0.5711544953125001 0.3372808375 0.4647615640625 0.2848553359375 0.42485706875 0.4288244984375 0.53125 0.48125 0.5711544953125001 0.3372808375
1 0.5765086984375001 0.2240524875 0.5439620703125 0.13559242031250002 0.4527138625 0.19527678125 0.485260490625 0.2837368484375 0.5765086984375001 0.2240524875
1 0.4890625 0 0.42251536874999995 0.07394125625 0.4848872953125 0.1737363390625 0.5706454921875 0.0784494546875 0.521614584375 0 0.4890625 0
1 0.62189854375 0.6283190640625 0.5066631 0.622628425 0.5021468328124999 0.7852140421875 0.617382278125 0.79090468125 0.62189854375 0.6283190640625
1 0.794890203125 0.47995495468750005 0.7788429046875 0.35157657656249997 0.7180320953125 0.3650900890625 0.7340793921875 0.49346846875 0.794890203125 0.47995495468750005
1 0.8802382171875 0.5351605187499999 0.8330570890625 0.49357715156250004 0.7587308828125 0.6435001 0.8059120109375 0.6850834671875 0.8802382171875 0.5351605187499999
1 0.9062148875 0.29632490625 0.8216555484375 0.15984316406250001 0.78567766875 0.1994709734375 0.8702370078125 0.3359527140625 0.9062148875 0.29632490625