1 0.6296875 0.1703125 0.4984375 0.1703125 0.4984375 0.275 0.6296875 0.275 0.6296875 0.1703125
1 0.6859375 0 0.6859375 0.1375 0.8015625 0.1375 0.8015625 0 0.6859375 0
1 0.39132582656250003 0.1055606625 0.326493565625 0.2496323515625 0.39864430156249997 0.3073529421875 0.4634765625 0.16328125 0.39132582656250003 0.1055606625
1 0.740625 0.0921875 0.634375 0.0921875 0.634375 0.2625 0.740625 0.2625 0.740625 0.0921875
1 0.804023971875 0.21517551406250002 0.7003852734375 0.2669948625 0.7329409250000001 0.3827482875 0.8365796234375 0.3309289375 0.804023971875 0.21517551406250002
1 0.5734375 0.5484375 0.4484375 0.5484375 0.4484375 0.721875 0.5734375 0.721875 0.5734375 0.5484375
1 0.5640625 0.2609375 0.4265625 0.2609375 0.4265625 0.36875 0.5640625 0.36875 0.5640625 0.2609375
1 0.4046875 0.303125 0.3203125 0.303125 0.3203125 0.4640625 0.4046875 0.4640625 0.4046875 0.303125
1 0.3109375 0.2375 0.2109375 0.2375 0.2109375 0.4609375 0.3109375 0.4609375 0.3109375 0.2375
1 0.6219934687500001 0.0472208 0.48708055781250004 0.11761014375 0.500099896875 0.1619723359375 0.6350128078124999 0.0915829921875 0.6219934687500001 0.0472208
1 0.353556034375 0.04518678125 0.2001346984375 0.12701149375 0.2227909484375 0.2025323265625 0.376212284375 0.1207076140625 0.353556034375 0.04518678125
1 0.6015625 0.4078125 0.49375 0.4078125 0.49375 0.5515625 0.6015625 0.5515625 0.6015625 0.4078125
1 0.4984375 0.0015625 0.33125 0.0015625 0.33125 0.025 0.4984375 0.025 0.4984375 0.0015625
1 0.63125 0.0015625 0.515625 0.0015625 0.515625 0.0515625 0.63125 0.0515625 0.63125 0.0015625
1 0.715625 0.2625 0.603125 0.2625 0.603125 0.41875 0.715625 0.41875 0.715625 0.2625
1 0.698176571875 0.4088858875 0.5924852656249999 0.44091355625000006 0.650917853125 0.783718075 0.7566091593750001 0.75169040625 0.698176571875 0.4088858875
1 0.6565181859375 0.40458074999999993 0.6200679250000001 0.4710012265625 0.7485155953125 0.5963160265624999 0.78496585625 0.52989555 0.6565181859375 0.40458074999999993