1 0.6714624484375 0.3928436859375 0.5781672296875 0.2762246625 0.5332900203125 0.340050025 0.6265852390625 0.4566690484375 0.6714624484375 0.3928436859375
1 0.680144771875 0.2593920203125 0.555854371875 0.1406668625 0.5377944203125 0.1742784390625 0.6620848203125 0.2930035984375 0.680144771875 0.2593920203125
1 0.2515625 0.096875 0.125 0.096875 0.125 0.2265625 0.2515625 0.2265625 0.2515625 0.096875
1 0.25 0.46875 0.18125 0.46875 0.18125 0.6265625 0.25 0.6265625 0.25 0.46875
1 0.3595703125 0.15286458281249998 0.319140625 0.09895833281250001 0.21328125 0.2401041671875 0.2537109375 0.2940104171875 0.3595703125 0.15286458281249998
1 0.49375 0.0078125 0.359375 0.0078125 0.359375 0.1765625 0.49375 0.1765625 0.49375 0.0078125
1 0.6421875 0.6953125 0.5125 0.6953125 0.5125 0.871875 0.6421875 0.871875 0.6421875 0.6953125
1 0.9109375 0.46875 0.8015625 0.46875 0.8015625 0.6609375 0.9109375 0.6609375 0.9109375 0.46875
1 0.5234375 0.1625 0.409375 0.1625 0.409375 0.321875 0.5234375 0.321875 0.5234375 0.1625
1 0.1796875 0.2625 0.0875 0.2625 0.0875 0.4328125 0.1796875 0.4328125 0.1796875 0.2625
1 0.6109375 0.53125 0.49375 0.53125 0.49375 0.671875 0.6109375 0.671875 0.6109375 0.53125
1 0.562008015625 0.4793398 0.5145698484375 0.3297140390625 0.387991709375 0.40105808125 0.4354298765625 0.5506838421875 0.562008015625 0.4793398
1 0.7984375 0.3140625 0.7171875 0.3140625 0.7171875 0.4609375 0.7984375 0.4609375 0.7984375 0.3140625
1 0.16875 0.596875 0.0140625 0.596875 0.0140625 0.659375 0.16875 0.659375 0.16875 0.596875
1 0.2953125 0.296875 0.20625 0.296875 0.20625 0.4546875 0.2953125 0.4546875 0.2953125 0.296875
1 0.371875 0.3546875 0.3078125 0.3546875 0.3078125 0.5734375 0.371875 0.5734375 0.371875 0.3546875
1 0.4972069296875 0.6870682203125 0.43855246093750005 0.5530008640624999 0.2017972796875 0.7371437828125 0.2604517484375 0.8712111390624999 0.4972069296875 0.6870682203125
1 0.8414565453125 0.21590665156250002 0.6962178109375 0.09673640781250001 0.672237125 0.14869456406249998 0.8174758578124999 0.26786480625000003 0.8414565453125 0.21590665156250002