1 0.590625 0.5291666671875 0.3328125 0.5291666671875 0.3328125 0.7875 0.590625 0.7875 0.590625 0.5291666671875
1 0.7953125 0.43125 0.6578125 0.43125 0.6578125 0.5666666671875 0.7953125 0.5666666671875 0.7953125 0.43125
1 0.68125 0.1041666671875 0.546875 0.1041666671875 0.546875 0.275 0.68125 0.275 0.68125 0.1041666671875
1 0.8578125 0.0020833328125000002 0.7515625 0.0020833328125000002 0.7515625 0.2125 0.8578125 0.2125 0.8578125 0.0020833328125000002
1 0.7796875 0.2604166671875 0.6390625 0.2604166671875 0.6390625 0.45416666718750004 0.7796875 0.45416666718750004 0.7796875 0.2604166671875
1 0.6765625 0.5416666671875 0.5421875 0.5416666671875 0.5421875 0.6875 0.6765625 0.6875 0.6765625 0.5416666671875
1 0.9984375 0.16875 0.875 0.16875 0.875 0.3770833328125 0.9984375 0.3770833328125 0.9984375 0.16875
1 0.8265625 0.1375 0.7125 0.1375 0.7125 0.3395833328125 0.8265625 0.3395833328125 0.8265625 0.1375
1 0.84375 0.5875 0.778125 0.5875 0.778125 0.7520833328125 0.84375 0.7520833328125 0.84375 0.5875
1 0.9015625 0.4145833328125 0.821875 0.4145833328125 0.821875 0.5791666671875 0.9015625 0.5791666671875 0.9015625 0.4145833328125
1 0.5586473375 0.2873796625 0.48127820468750004 0.12691035 0.3925936375 0.2029256921875 0.46996277031249994 0.36339500625 0.5586473375 0.2873796625
1 0.5550125343750001 0.487456975 0.5200618265625 0.40711052031249995 0.3657994421875 0.5264067640625 0.40075015 0.6067532171875001 0.5550125343750001 0.487456975
1 0.6569127578125 0.3599560828125 0.5433563625 0.2708922453125 0.47025225 0.43659490156249997 0.5838086437500001 0.5256587390624999 0.6569127578125 0.3599560828125
1 0.0016333015625 0.0011979171875 0.0015244140625 0.0008107640625 0.001439453125 0.0008862859375 0.001548340625 0.0012734374999999998 0.0016333015625 0.0011979171875
1 0.6532011015625 0.8505310875 0.6452185874999999 0.6855591546875 0.5176246765625 0.696534975 0.5256071890625 0.8615069078125 0.6532011015625 0.8505310875
1 0.9912973031250001 0.6643246359375 0.9499934906249999 0.5991563953125 0.8211847953125 0.7442929546875 0.8624886078125 0.80946119375 0.9912973031250001 0.6643246359375
1 0.6984375 0.0041666671875 0.540625 0 0.5392503671875 0.0925585890625 0.6970628671875 0.09672525625 0.6984375 0.0041666671875