1 0.5104166671875 0.309375 0.5104166671875 0.559375 0.79375 0.559375 0.79375 0.309375 0.5104166671875 0.309375
1 0.39375 0.625 0.39375 0.775 0.5208333328125 0.775 0.5208333328125 0.625 0.39375 0.625
1 0.054166667187499996 0.4796875 0.054166667187499996 0.625 0.2479166671875 0.625 0.2479166671875 0.4796875 0.054166667187499996 0.4796875
1 0 0.8125 0.1354166671875 0.8125 0.1354166671875 0.690625 0 0.690625 0 0.8125
1 0.33125 0.8 0.33125 0.890625 0.5270833328125 0.890625 0.5270833328125 0.8 0.33125 0.8
1 0.2125 0.590625 0.2125 0.746875 0.41041666718750003 0.746875 0.41041666718750003 0.590625 0.2125 0.590625
1 0.7291666671875 0.6796875 0.7291666671875 0.809375 0.8979166671875 0.809375 0.8979166671875 0.6796875 0.7291666671875 0.6796875
1 0.5166666671875 0.515625 0.5166666671875 0.6546875 0.66875 0.6546875 0.66875 0.515625 0.5166666671875 0.515625
1 0.5375 0.7703125 0.5375 0.83125 0.70625 0.83125 0.70625 0.7703125 0.5375 0.7703125
1 0.0680280171875 0.6802478453125 0.2523599140625 0.8031357765625 0.2892564640625 0.7720043109375 0.10492456875 0.6491163796875 0.0680280171875 0.6802478453125
1 0.5796875 0.840625 0.5796875 0.99375 0.7546875 0.99375 0.7546875 0.840625 0.5796875 0.840625
1 0.671875 0.5046875 0.671875 0.6390625 0.84375 0.6390625 0.84375 0.5046875 0.671875 0.5046875
1 0.100180725 0.40315804687499995 0.24568634375 0.5083897890625 0.3524051953125 0.42538623593749997 0.2068995796875 0.32015449375 0.100180725 0.40315804687499995
1 0.0006308578125000001 0.001489746875 0.0009933578125 0.0016426765625 0.00111393125 0.0015522453125000001 0.0007514328125 0.001399315625 0.0006308578125000001 0.001489746875
1 0.0015625 0.44375 0.0015625 0.5984375 0.053125 0.5984375 0.053125 0.44375 0.0015625 0.44375
1 0.078125 0.8375 0.078125 0.9984375 0.2859375 0.9984375 0.2859375 0.8375 0.078125 0.8375
1 0.20654935000000002 0.6365094359375 0.3390363984375 0.7513315453125 0.42143753906250003 0.697850034375 0.2889504921875 0.5830279265625 0.20654935000000002 0.6365094359375
1 0.2481541578125 0.48766037031250004 0.32976757968750003 0.6120550203125 0.5036937953125 0.5478679640624999 0.422080375 0.4234733140625 0.2481541578125 0.48766037031250004
1 0.4404693625 0.5063980906250001 0.5367095546875 0.5165286375 0.5705610484375 0.335634715625 0.47432085625 0.32550416875 0.4404693625 0.5063980906250001