1 0.525 0.22916666718749998 0.3734375 0.22916666718749998 0.3734375 0.3625 0.525 0.3625 0.525 0.22916666718749998
1 0.4359375 0.13333333281249998 0.29375 0.13333333281249998 0.29375 0.2541666671875 0.4359375 0.2541666671875 0.4359375 0.13333333281249998
1 0.46875 0.4 0.35625 0.4 0.35625 0.5625 0.46875 0.5625 0.46875 0.4
1 0.3046875 0.4145833328125 0.1953125 0.4145833328125 0.1953125 0.6229166671875 0.3046875 0.6229166671875 0.3046875 0.4145833328125
1 0.359375 0.43958333281249995 0.2265625 0.43958333281249995 0.2265625 0.8 0.359375 0.8 0.359375 0.43958333281249995
1 0.271875 0 0.271875 0.08333333281250001 0.4375 0.08333333281250001 0.4375 0 0.271875 0
1 0.6515625 0.26875 0.5484375 0.26875 0.5484375 0.45208333281249996 0.6515625 0.45208333281249996 0.6515625 0.26875
1 0.29025280000000003 0.0937057796875 0.204086821875 0.029879126562500004 0.1348614390625 0.1960200484375 0.22102741718750002 0.25984669843749997 0.29025280000000003 0.0937057796875
1 0.2757887625 0 0.2656802796875 0.04004884375 0.4272490859375 0.1125476671875 0.44010230625 0.0616244328125 0.30276785781250004 0 0.2757887625 0
1 0.63238985625 0.1983862703125 0.538319671875 0.047873975 0.4673155734375 0.12676741875 0.5613857578125 0.2772797125 0.63238985625 0.1983862703125
1 0.22300959531250003 0.2552645234375 0.1022238078125 0.2123184640625 0.0760114109375 0.3433804453125 0.19679719843750001 0.3863265046875 0.22300959531250003 0.2552645234375
1 0.5296875 0.5546875 0.4 0.5546875 0.4 0.7328125 0.5296875 0.7328125 0.5296875 0.5546875
1 0.7609375 0.18125 0.659375 0.18125 0.659375 0.4390625 0.7609375 0.4390625 0.7609375 0.18125
1 0.3468550953125 0.42574310000000004 0.2828125 0.3791666671875 0.27128781874999996 0.4073381109375 0.3353304140625 0.45391454375 0.3468550953125 0.42574310000000004
1 0.3445077171875 0.2913394828125 0.2962760828125 0.2165617578125 0.19231899531250002 0.3357658859375 0.24055062968750002 0.4105436125 0.3445077171875 0.2913394828125
1 0.08125 0 0.08125 0.11041666718750001 0.19375 0.11041666718750001 0.19375 0 0.08125 0
1 0.5804209171875 0 0.566451834375 0.0507026 0.7444982796875 0.13790902031250002 0.7682471328125 0.051709479687500004 0.6626736109375 0 0.5804209171875 0