1 0.65 0.46458333281249997 0.515625 0.46458333281249997 0.515625 0.66875 0.65 0.66875 0.65 0.46458333281249997
1 0.6453125 0.69375 0.54375 0.69375 0.54375 0.90625 0.6453125 0.90625 0.6453125 0.69375
1 0.7671875 0.3416666671875 0.6296875 0.3416666671875 0.6296875 0.43125 0.7671875 0.43125 0.7671875 0.3416666671875
1 0.5203125 0.30625 0.4 0.30625 0.4 0.4875 0.5203125 0.4875 0.5203125 0.30625
1 0.3859375 0.0333333328125 0.2484375 0.0333333328125 0.2484375 0.1541666671875 0.3859375 0.1541666671875 0.3859375 0.0333333328125
1 0.528125 0.54375 0.378125 0.54375 0.378125 0.7 0.528125 0.7 0.528125 0.54375
1 0.5875 0.22291666718749997 0.4765625 0.22291666718749997 0.4765625 0.35625 0.5875 0.35625 0.5875 0.22291666718749997
1 0.2921875 0.3479166671875 0.1953125 0.3479166671875 0.1953125 0.56875 0.2921875 0.56875 0.2921875 0.3479166671875
1 0.765625 0.23541666718749998 0.5984375 0.23541666718749998 0.5984375 0.325 0.765625 0.325 0.765625 0.23541666718749998
1 0.7375 0.675 0.684375 0.675 0.684375 0.84375 0.7375 0.84375 0.7375 0.675
1 0.8625 0.375 0.7723323171875001 0.3492378046875 0.7476829265625 0.5026117890624999 0.837850609375 0.5283739828125 0.8625 0.375
1 0.6314164203125 0.42594921093749993 0.6101054 0.35775394375 0.46665125781250005 0.43745068906249995 0.48796227812500004 0.50564595625 0.6314164203125 0.42594921093749993
1 0.225 0.46458333281249997 0.13515625 0.3447916671875 0.04296875 0.46770833281249996 0.1328125 0.5875 0.225 0.46458333281249997
1 0.49710017500000003 0.17001318125 0.3928877421875 0.08845562343749999 0.330162565625 0.23094244375 0.434375 0.3125 0.49710017500000003 0.17001318125
1 0.4012247109375 0.3118641625 0.32146134375 0.2937066484375 0.300528359375 0.4571832859375 0.3802917265625 0.4753408 0.4012247109375 0.3118641625
1 0.4234375 0.51875 0.41328125 0.478125 0.2571875 0.5475 0.26734375 0.588125 0.4234375 0.51875
1 0.8209100796875 0.6423745578125 0.6810637296875 0.5261737265625 0.64892350625 0.59493885625 0.78876985625 0.7111396875 0.8209100796875 0.6423745578125