1 0.1796875 0.9541666671875 0.334375 0.9541666671875 0.334375 0.7041666671875 0.1796875 0.7041666671875 0.1796875 0.9541666671875
1 0.0953125 0.6895833328125 0.2265625 0.6895833328125 0.2265625 0.525 0.0953125 0.525 0.0953125 0.6895833328125
1 0.33125 0.48333333281249996 0.4390625 0.48333333281249996 0.4390625 0.31875 0.33125 0.31875 0.33125 0.48333333281249996
1 0.096875 0.3708333328125 0.2453125 0.3708333328125 0.2453125 0.23958333281250002 0.096875 0.23958333281250002 0.096875 0.3708333328125
1 0.2484375 0.3229166671875 0.4 0.3229166671875 0.4 0.1916666671875 0.2484375 0.1916666671875 0.2484375 0.3229166671875
1 0.0484375 0.5541666671875001 0.1796875 0.5541666671875001 0.1796875 0.3875 0.0484375 0.3875 0.0484375 0.5541666671875001
1 0.284375 0.6916666671875 0.3875 0.6916666671875 0.3875 0.5770833328125 0.284375 0.5770833328125 0.284375 0.6916666671875
1 0.475 0.6958333328124999 0.6296875 0.6958333328124999 0.6296875 0.6145833328125 0.475 0.6145833328125 0.475 0.6958333328124999
1 0.48125 0.7541666671875 0.6125 0.7541666671875 0.6125 0.6666666671875 0.48125 0.6666666671875 0.48125 0.7541666671875
1 0.2744609796875 0.5899978953125 0.3219887203125 0.4572219875 0.23383137812500002 0.4011218625 0.1863036390625 0.5338977703125 0.2744609796875 0.5899978953125
1 0.7177290937499999 0.4951689765625 0.722400346875 0.3456889078125 0.6063258234375 0.3392403234375 0.6016545703125 0.48872039375 0.7177290937499999 0.4951689765625
1 0.5607873031249999 0.6402005046875 0.624947203125 0.47544421875 0.5804999265624999 0.44467302656249996 0.5163400265625 0.6094293125 0.5607873031249999 0.6402005046875
1 0.65703125 0.7239583328125 0.75390625 0.5947916671875 0.715625 0.54375 0.61875 0.6729166671875 0.65703125 0.7239583328125
1 0.14001524375000002 0.79059959375 0.256288109375 0.7733739828124999 0.24948551874999997 0.6917428859375 0.133212653125 0.7089684953125001 0.14001524375000002 0.79059959375
1 0.4131893375 0.6484681375 0.5128768375 0.5638848046875 0.45284926406250003 0.4381127453125 0.3531617640625 0.5226960796875 0.4131893375 0.6484681375
1 0.4375 0.22916666718749998 0.6078125 0.22916666718749998 0.6078125 0.1375 0.4375 0.1375 0.4375 0.22916666718749998
1 0.5125086703124999 0.49826045468749997 0.6212209734374999 0.3625628265625 0.5819281515625 0.3066003203125 0.47321584687499996 0.44229795000000005 0.5125086703124999 0.49826045468749997