1 0.5859375 0.4916666671875 0.4953125 0.4916666671875 0.4953125 0.6416666671875 0.5859375 0.6416666671875 0.5859375 0.4916666671875
1 0.603125 0.3895833328125 0.525 0.3895833328125 0.525 0.5395833328124999 0.603125 0.5395833328124999 0.603125 0.3895833328125
1 0.4796875 0.5229166671875001 0.3703125 0.5229166671875001 0.3703125 0.65 0.4796875 0.65 0.4796875 0.5229166671875001
1 0.753125 0.4479166671875 0.6921875 0.4479166671875 0.6921875 0.6291666671875 0.753125 0.6291666671875 0.753125 0.4479166671875
1 0.6453125 0.34375 0.603125 0.34375 0.603125 0.5083333328124999 0.6453125 0.5083333328124999 0.6453125 0.34375
1 0.4265625 0.3604166671875 0.271875 0.3604166671875 0.271875 0.45416666718750004 0.4265625 0.45416666718750004 0.4265625 0.3604166671875
1 0.4375 0.4270833328125 0.1859375 0.4270833328125 0.1859375 0.5770833328125 0.4375 0.5770833328125 0.4375 0.4270833328125
1 0.6046875 0.66875 0.525 0.66875 0.525 0.8083333328125001 0.6046875 0.8083333328125001 0.6046875 0.66875
1 0.4148330484375 0.633989725 0.2934803078125 0.6169577625 0.2805436640625 0.78082191875 0.40189640468750004 0.79785388125 0.4148330484375 0.633989725
1 0.5903245187499999 0.2854967953125 0.49975961562500004 0.25256410156250003 0.48414663437499994 0.32889423125 0.5747115390624999 0.3618269234375 0.5903245187499999 0.2854967953125
1 0.48045851562499997 0.3254184859375 0.46726255468750005 0.1934588796875 0.3953125 0.20625 0.40850846093750004 0.33820960625 0.48045851562499997 0.3254184859375
1 0.530683975 0.4283577375 0.48197871406250004 0.3049710765625 0.3887947390625 0.37036333906249996 0.4375 0.49375 0.530683975 0.4283577375
1 0.7068072390625 0.43511352968750006 0.687894525 0.3039853765625 0.6272757671875 0.31952864999999997 0.6461884812500001 0.45065679999999997 0.7068072390625 0.43511352968750006
1 0.633674496875 0.1781795296875 0.5296497484375 0.15763143125 0.519104446875 0.25253915 0.6231291953125 0.2730872484375 0.633674496875 0.1781795296875
1 0.6892003671875 0.61011029375 0.63589154375 0.5674632359375 0.5894301468750001 0.6707107828125001 0.6427389703124999 0.71335784375 0.6892003671875 0.61011029375
1 0.7443626015625 0.7955051546874999 0.7261668609374999 0.6196129921875 0.6882566359375 0.6265849859375 0.7064523781250001 0.80247715 0.7443626015625 0.7955051546874999
1 0.6948175 0.8340466671875 0.678105 0.7576466671875 0.553245 0.8062033328125 0.5699575 0.8826033328125 0.6948175 0.8340466671875
1 0.804415946875 0.6730090234375 0.787329590625 0.5102818109375 0.7472709890625 0.5177594140624999 0.7643573453125 0.6804866296875 0.804415946875 0.6730090234375