1 0.6890625 0.24583333281250003 0.478125 0.24583333281250003 0.478125 0.5229166671875001 0.6890625 0.5229166671875001 0.6890625 0.24583333281250003
1 0.43125 0.5375 0.30625 0.5375 0.30625 0.625 0.43125 0.625 0.43125 0.5375
1 0.4765625 0.6166666671875001 0.3484375 0.6166666671875001 0.3484375 0.7520833328125 0.4765625 0.7520833328125 0.4765625 0.6166666671875001
1 0.5078125 0.39375 0.3921875 0.39375 0.3921875 0.525 0.5078125 0.525 0.5078125 0.39375
1 0.2953125 0.3895833328125 0.2390625 0.3895833328125 0.2390625 0.5333333328125 0.2953125 0.5333333328125 0.2953125 0.3895833328125
1 0.506248375 0.3874328640625 0.5022657875000001 0.2228192125 0.386307821875 0.2278066515625 0.3902904109375 0.3924203046875 0.506248375 0.3874328640625
1 0.24495584531249998 0.3922912390625 0.1937651453125 0.3526299765625 0.125 0.5104166671875 0.17619069999999998 0.5500779296875 0.24495584531249998 0.3922912390625
1 0.6795092281249999 0.48537472031249995 0.6448615765625 0.41937919375000005 0.5154572140625 0.5401566 0.550104865625 0.606152125 0.6795092281249999 0.48537472031249995
1 0.6843990390625 0.72766025625 0.6034206734375 0.6310544874999999 0.5485793265625001 0.7127788453125 0.6295576921875 0.8093846140625001 0.6843990390625 0.72766025625
1 0.594375 0.5745833328125001 0.4884375 0.5275000000000001 0.45359375 0.666875 0.55953125 0.7139583328125 0.594375 0.5745833328125001
1 0.5774310781249999 0.79960216875 0.543775684375 0.717591325 0.4563574484375 0.78136815 0.4900128421875 0.8633789953125 0.5774310781249999 0.79960216875
1 0.528515625 1 0.6113567078125001 0.9116361796874999 0.5561737812499999 0.8196646328125 0.466806403125 0.9149898375 0.5178125015624999 1 0.528515625 1
1 0.2982942140625 0.66835880625 0.28548035 0.5402201609375 0.22151337343750002 0.5515920671875 0.2343272375 0.6797307125 0.2982942140625 0.66835880625
1 0.23163686249999998 0.6758309734375 0.1299039484375 0.5464961046875 0.1001593484375 0.5880901796875 0.2018922625 0.7174250484375 0.23163686249999998 0.6758309734375
1 0.2414798265625 0.8347620140625001 0.1490346890625 0.708420325 0.11414298281249999 0.7538079078125001 0.2065881203125 0.8801495984375001 0.2414798265625 0.8347620140625001
1 0.4375 0.91875 0.3875 0.7854166671875 0.323125 0.8283333328125 0.37312500000000004 0.9616666671875 0.4375 0.91875
1 0.444057546875 0.82377441875 0.34272541875 0.7034041359375001 0.32511576249999996 0.7297587234375 0.4264478890625 0.8501290078125001 0.444057546875 0.82377441875
1 0.319071690625 0.8235906859375 0.1874080875 0.7182598046875001 0.16920955937499998 0.75870098125 0.30087316249999996 0.8640318625000001 0.319071690625 0.8235906859375