1 0.4125 0.4791666671875 0.2890625 0.4791666671875 0.2890625 0.6104166671875 0.4125 0.6104166671875 0.4125 0.4791666671875
1 0.6296875 0.50625 0.5296875 0.50625 0.5296875 0.68125 0.6296875 0.68125 0.6296875 0.50625
1 0.584375 0.74375 0.45625 0.74375 0.45625 0.8645833328125001 0.584375 0.8645833328125001 0.584375 0.74375
1 0.3921875 0.30625 0.29375 0.30625 0.29375 0.4604166671875 0.3921875 0.4604166671875 0.3921875 0.30625
1 0.521875 0.16875 0.44375 0.16875 0.44375 0.39375 0.521875 0.39375 0.521875 0.16875
1 0.4609375 0.0416666671875 0.3453125 0.0416666671875 0.3453125 0.4 0.4609375 0.4 0.4609375 0.0416666671875
1 0.26875 0.4791666671875 0.16875 0.4791666671875 0.16875 0.6125 0.26875 0.6125 0.26875 0.4791666671875
1 0.68125 0.3765625 0.559375 0.3765625 0.559375 0.5015625 0.68125 0.5015625 0.68125 0.3765625
1 0.7359375 0.596875 0.621875 0.596875 0.621875 0.771875 0.7359375 0.771875 0.7359375 0.596875
1 0.325 0.1828125 0.2046875 0.1828125 0.2046875 0.3484375 0.325 0.3484375 0.325 0.1828125
1 0.36540244843749997 0.6717080859375 0.2622125375 0.5943156515625 0.2281620921875 0.6750278187500001 0.331352003125 0.7524202515625 0.36540244843749997 0.6717080859375
1 0.30666835 0.7543794359375 0.1700266171875 0.7325167578125 0.1639103171875 0.8004756499999999 0.30055204999999996 0.8223383265624999 0.30666835 0.7543794359375
1 0.45 0.8140625 0.296875 0.8140625 0.296875 0.8671875 0.45 0.8671875 0.45 0.8140625
1 0.39375 0.8859375 0.259375 0.8859375 0.259375 0.9546875 0.39375 0.9546875 0.39375 0.8859375
1 0.184375 0.521875 0.1171875 0.521875 0.1171875 0.709375 0.184375 0.709375 0.184375 0.521875
1 0.5453125 0.6953125 0.4 0.6953125 0.4 0.73125 0.5453125 0.73125 0.5453125 0.6953125
1 0.503125 0.5515625 0.3765625 0.5515625 0.3765625 0.6484375 0.503125 0.6484375 0.503125 0.5515625
1 0.570795746875 0.4920747421875 0.518476159375 0.3351159796875 0.4125 0.39791666718749996 0.46481958749999996 0.5548754296875 0.570795746875 0.4920747421875