1 0.2234375 0.40208333281249997 0.4875 0.40208333281249997 0.4875 0.175 0.2234375 0.175 0.2234375 0.40208333281249997
1 0.1515625 0.9270833328125001 0.284375 0.9270833328125001 0.284375 0.80625 0.1515625 0.80625 0.1515625 0.9270833328125001
1 0.103125 0.7770833328125 0.2 0.7770833328125 0.2 0.60625 0.103125 0.60625 0.103125 0.7770833328125
1 0.503125 0.48333333281249996 0.621875 0.48333333281249996 0.621875 0.3416666671875 0.503125 0.3416666671875 0.503125 0.48333333281249996
1 0.1953125 0.5708333328124999 0.2625 0.5708333328124999 0.2625 0.4125 0.1953125 0.4125 0.1953125 0.5708333328124999
1 0.0127283203125 0.46021947343749997 0.18133891562499999 0.44497783750000003 0.1777876578125 0.3751364265625 0.0091770625 0.3903780625 0.0127283203125 0.46021947343749997
1 0.22901283593750002 0.7354332984374999 0.323954553125 0.7251693265625 0.3147224234375 0.57335208125 0.21978070624999999 0.58361605 0.22901283593750002 0.7354332984374999
1 0.3537910640625 0.9115354140624999 0.3880874296875 0.8548718546874999 0.2762820359375 0.7345666359374999 0.24198567031249998 0.7912301953124999 0.3537910640625 0.9115354140624999
1 0.4583059203125 1 0.527322190625 0.9125793921875 0.4457498359375 0.798091875 0.374790571875 0.8879736078124999 0.454609375 1 0.4583059203125 1
1 0.36999401875000004 0.6726860234375 0.41519011875 0.47799512968749996 0.3500064671875 0.45109393906250006 0.30481036562499997 0.6457848328125 0.36999401875000004 0.6726860234375
1 0.5317526499999999 0.6758240765625 0.572933946875 0.5320163734375 0.455482725 0.4722230234375 0.41430142812500004 0.6160307265625 0.5317526499999999 0.6758240765625
1 0.5075244328124999 0.8516403953125 0.5491803281250001 0.765061475 0.46018560781250006 0.6889402062500001 0.4185297125 0.775519125 0.5075244328124999 0.8516403953125
1 0.5941080203125 0.7160221578125 0.679703034375 0.6043237 0.640267340625 0.5505997109375 0.5546723265625 0.66229816875 0.5941080203125 0.7160221578125
1 0.849051946875 0.5437453984375 0.9041092984375 0.506523525 0.839027240625 0.33538181875 0.7839698890625 0.3726036890625 0.849051946875 0.5437453984375
1 0.578545259375 0.3550574703125 0.676206896875 0.2393103453125 0.5933620687500001 0.11504310468750001 0.49570043124999996 0.23079022968750001 0.578545259375 0.3550574703125
1 0.7615624999999999 0.6816666671875 0.8096875000000001 0.5533333328125 0.7478125 0.5120833328125001 0.6996875 0.6404166671875 0.7615624999999999 0.6816666671875
1 0.5796875 0.8416666671874999 0.6911585359375 0.7227642265625 0.67317073125 0.6927845515625 0.5616996953125 0.8116869921875001 0.5796875 0.8416666671874999
1 0.70830479375 0.8677226015624999 0.8390574640624999 0.7474902625000001 0.8162935640625 0.70348005625 0.68554089375 0.8237123953125 0.70830479375 0.8677226015624999