1 0.5015625 0.1703125 0.3703125 0.1703125 0.3703125 0.275 0.5015625 0.275 0.5015625 0.1703125
1 0.1984375 0 0.1984375 0.1375 0.3140625 0.1375 0.3140625 0 0.1984375 0
1 0.673506434375 0.2496323515625 0.6086741734375 0.1055606625 0.5365234375 0.16328125 0.6013556984374999 0.3073529421875 0.673506434375 0.2496323515625
1 0.365625 0.0921875 0.259375 0.0921875 0.259375 0.2625 0.365625 0.2625 0.365625 0.0921875
1 0.2996147265625 0.2669948625 0.19597602812499998 0.21517551406250002 0.1634203765625 0.3309289375 0.26705907500000003 0.3827482875 0.2996147265625 0.2669948625
1 0.5515625 0.5484375 0.4265625 0.5484375 0.4265625 0.721875 0.5515625 0.721875 0.5515625 0.5484375
1 0.5734375 0.2609375 0.4359375 0.2609375 0.4359375 0.36875 0.5734375 0.36875 0.5734375 0.2609375
1 0.6796875 0.303125 0.5953125 0.303125 0.5953125 0.4640625 0.6796875 0.4640625 0.6796875 0.303125
1 0.7890625 0.2375 0.6890625 0.2375 0.6890625 0.4609375 0.7890625 0.4609375 0.7890625 0.2375
1 0.5129194421875 0.11761014375 0.37800653125 0.0472208 0.3649871921875 0.0915829921875 0.499900103125 0.1619723359375 0.5129194421875 0.11761014375
1 0.7998653015625 0.12701149375 0.646443965625 0.04518678125 0.623787715625 0.1207076140625 0.7772090515625 0.2025323265625 0.7998653015625 0.12701149375
1 0.50625 0.4078125 0.3984375 0.4078125 0.3984375 0.5515625 0.50625 0.5515625 0.50625 0.4078125
1 0.66875 0.0015625 0.5015625 0.0015625 0.5015625 0.025 0.66875 0.025 0.66875 0.0015625
1 0.484375 0.0015625 0.36875 0.0015625 0.36875 0.0515625 0.484375 0.0515625 0.484375 0.0015625
1 0.396875 0.2625 0.284375 0.2625 0.284375 0.41875 0.396875 0.41875 0.396875 0.2625
1 0.407514734375 0.44091355625000006 0.30182342812499996 0.4088858875 0.243390840625 0.75169040625 0.349082146875 0.783718075 0.407514734375 0.44091355625000006
1 0.37993207500000004 0.4710012265625 0.3434818140625 0.40458074999999993 0.21503414375 0.52989555 0.2514844046875 0.5963160265624999 0.37993207500000004 0.4710012265625