1 0.35 0.23333333281250002 0.2390625 0.23333333281250002 0.2390625 0.4125 0.35 0.4125 0.35 0.23333333281250002
1 0.6953125 0.3604166671875 0.56875 0.3604166671875 0.56875 0.49583333281249997 0.6953125 0.49583333281249997 0.6953125 0.3604166671875
1 0.4453125 0.31875 0.3484375 0.31875 0.3484375 0.4895833328125 0.4453125 0.4895833328125 0.4453125 0.31875
1 0.5140625 0.1291666671875 0.38125 0.1291666671875 0.38125 0.2479166671875 0.5140625 0.2479166671875 0.5140625 0.1291666671875
1 0.6046875 0.3229166671875 0.4703125 0.3229166671875 0.4703125 0.4375 0.6046875 0.4375 0.6046875 0.3229166671875
1 0.7 0.5125 0.596875 0.5125 0.596875 0.6729166671875 0.7 0.6729166671875 0.7 0.5125
1 0.6578125 0.58125 0.5390625 0.58125 0.5390625 0.9458333328125 0.6578125 0.9458333328125 0.6578125 0.58125
1 0.828125 0.3479166671875 0.7171875 0.3479166671875 0.7171875 0.4770833328125 0.828125 0.4770833328125 0.828125 0.3479166671875
1 0.4234375 0.5 0.3015625 0.5 0.3015625 0.628125 0.4234375 0.628125 0.4234375 0.5
1 0.7125 0.0140625 0.5703125 0.0140625 0.5703125 0.0828125 0.7125 0.0828125 0.7125 0.0140625
1 0.7984375 0.621875 0.671875 0.621875 0.671875 0.790625 0.7984375 0.790625 0.7984375 0.621875
1 0.75671875 0.2815625 0.6459374999999999 0.2077083328125 0.6135937499999999 0.2939583328125 0.724375 0.3678125 0.75671875 0.2815625
1 0.5421875 0.5953125 0.4734375 0.5953125 0.4734375 0.821875 0.5421875 0.821875 0.5421875 0.5953125
1 0.5734375 0.2546875 0.4265625 0.2546875 0.4265625 0.2984375 0.5734375 0.2984375 0.5734375 0.2546875
1 0.8171875 0.14375 0.671875 0.14375 0.671875 0.2078125 0.8171875 0.2078125 0.8171875 0.14375
1 0.88125 0.23125 0.8078125 0.23125 0.8078125 0.4265625 0.88125 0.4265625 0.88125 0.23125
1 0.6772005203125 0.1170203125 0.6661119984375 0.06226218125000001 0.5116132390625 0.1178817328125 0.5227017609375 0.1726398671875 0.6772005203125 0.1170203125
1 0.576761753125 0.5817538578125 0.517020984375 0.4306852484375 0.40949907812499997 0.50627640625 0.46923984687500003 0.6573450171874999 0.576761753125 0.5817538578125