1 0.4015625 0.2625 0.296875 0.2625 0.296875 0.43125 0.4015625 0.43125 0.4015625 0.2625
1 0.55 0.3375 0.425 0.3375 0.425 0.44166666718750003 0.55 0.44166666718750003 0.55 0.3375
1 0.2875 0.5354166671875 0.1765625 0.5354166671875 0.1765625 0.7166666671875 0.2875 0.7166666671875 0.2875 0.5354166671875
1 0.5109375 0.7729166671875001 0.3703125 0.7729166671875001 0.3703125 0.9708333328125001 0.5109375 0.9708333328125001 0.5109375 0.7729166671875001
1 0.5734375 0.61875 0.4515625 0.61875 0.4515625 0.7541666671875 0.5734375 0.7541666671875 0.5734375 0.61875
1 0.5703125 0.2541666671875 0.4640625 0.2541666671875 0.4640625 0.3229166671875 0.5703125 0.3229166671875 0.5703125 0.2541666671875
1 0.4774776125 0.2460541171875 0.4731352140625 0.08683283750000001 0.42325798593749997 0.0892511265625 0.427600384375 0.24847240625000003 0.4774776125 0.2460541171875
1 0.6701930734375 0.38512473593749996 0.63502304375 0.3290814359375 0.5283757203125 0.44806212343749996 0.5635457500000001 0.5041054234375 0.6701930734375 0.38512473593749996
1 0.5130525921875 0.6045477640625 0.5001905484375 0.4502032515625 0.4080983234375 0.46384654375 0.42096036562499994 0.6181910562499999 0.5130525921875 0.6045477640625
1 0.4355673078125 0.6739679484375001 0.3138701921875 0.61669871875 0.27091826874999997 0.7789615375000001 0.392615384375 0.8362307687499999 0.4355673078125 0.6739679484375001
1 0.3009186078125 0.43341309843750003 0.23998661875 0.3547092765625 0.1523598859375 0.47531381250000004 0.21329187656249998 0.55401763125 0.3009186078125 0.43341309843750003
1 0.21758887656249998 0.2344227828125 0.192001146875 0.12069954218750001 0.0606938078125 0.1732224765625 0.0862815359375 0.28694571875 0.21758887656249998 0.2344227828125
1 0.3261031390625 0.2940942421875 0.2588311421875 0.1870377328125 0.16737325625 0.2892069015625 0.2346452515625 0.3962634125 0.3261031390625 0.2940942421875
1 0.39624580468750004 0.1818372484375 0.35322986562500003 0.099902125 0.2667156046875 0.18064876875 0.30973154375 0.2625838921875 0.39624580468750004 0.1818372484375
1 0.42063911718749997 0.0731620890625 0.41324249843749994 0.0069447515625 0.270693090625 0.0352524359375 0.278089709375 0.10146977500000001 0.42063911718749997 0.0731620890625
1 0.6734375 0.48541666718750004 0.553125 0.48541666718750004 0.553125 0.9375 0.6734375 0.9375 0.6734375 0.48541666718750004
1 0.3970605484375 0.4127391828125 0.35924489375 0.37705672031250004 0.26548208125 0.5537112953125 0.30329773437499996 0.5893937609375001 0.3970605484375 0.4127391828125
1 0.41790304687499996 0.4829608109375 0.3947617609375 0.45570551875 0.29406620625 0.6076988078125 0.3172074921875 0.6349541000000001 0.41790304687499996 0.4829608109375