1 0.534375 0.5375 0.7140625 0.5375 0.7140625 0.23958333281250002 0.534375 0.23958333281250002 0.534375 0.5375
1 0.3703125 0.66875 0.496875 0.66875 0.496875 0.5854166671875001 0.3703125 0.5854166671875001 0.3703125 0.66875
1 0.425 0.9479166671874999 0.525 0.9479166671874999 0.525 0.8395833328125001 0.425 0.8395833328125001 0.425 0.9479166671874999
1 0.4265625 0.7583333328124999 0.5484375 0.7583333328124999 0.5484375 0.65625 0.4265625 0.65625 0.4265625 0.7583333328124999
1 0.44375 0.55625 0.5546875 0.55625 0.5546875 0.4270833328125 0.44375 0.4270833328125 0.44375 0.55625
1 0.28125 0.6208333328125 0.3546875 0.6208333328125 0.3546875 0.4791666671875 0.28125 0.4791666671875 0.28125 0.6208333328125
1 0.571875 0.9328125 0.68125 0.9328125 0.68125 0.8015625 0.571875 0.8015625 0.571875 0.9328125
1 0.1590625 0.733125 0.28765625 0.8188541671875 0.30953125 0.7605208328125 0.1809375 0.6747916671875 0.1590625 0.733125
1 0.6181087859375001 0.6884139140625 0.7045732609375001 0.7524616749999999 0.7446123234375001 0.656367925 0.6581478484375001 0.5923201640625 0.6181087859375001 0.6884139140625
1 0.41006751250000006 0.7829228640625 0.523489246875 0.8558368375000001 0.5362273609375 0.8206104453125 0.422805628125 0.7476964749999999 0.41006751250000006 0.7829228640625
1 0.5421875 0.8265625 0.640625 0.8265625 0.640625 0.6953125 0.5421875 0.6953125 0.5421875 0.8265625
1 0.27625 0.6659375 0.33475 0.7699374999999999 0.3928125 0.711875 0.3343125 0.607875 0.27625 0.6659375
1 0.1734375 0.6484375 0.271875 0.6484375 0.271875 0.46875 0.1734375 0.46875 0.1734375 0.6484375
1 0.1936643828125 0.8952696921875001 0.32161815 0.9592465750000001 0.33837756875 0.8996575328124999 0.2104238015625 0.8356806499999999 0.1936643828125 0.8952696921875001
1 0.4203125 0.4265625 0.540625 0.4265625 0.540625 0.265625 0.4203125 0.265625 0.4203125 0.4265625
1 0.2602824625 0.8485103109375001 0.40042258906250006 0.9151343046875 0.41362233125000003 0.8657743453125001 0.27348220625 0.7991503515625 0.2602824625 0.8485103109375001
1 0.55953125 0.5045833328125 0.5865625 0.5766666671875 0.72875 0.48187499999999994 0.7017187500000001 0.4097916671875 0.55953125 0.5045833328125
1 0.5262087265625001 0.6775157234375 0.6274351421875 0.7028223265625 0.646538915625 0.5669732703125 0.5453125 0.5416666671875 0.5262087265625001 0.6775157234375