1 0.5875 0.6104166671875 0.7109375 0.6104166671875 0.7109375 0.4791666671875 0.5875 0.4791666671875 0.5875 0.6104166671875
1 0.3703125 0.68125 0.4703125 0.68125 0.4703125 0.50625 0.3703125 0.50625 0.3703125 0.68125
1 0.415625 0.8645833328125001 0.54375 0.8645833328125001 0.54375 0.74375 0.415625 0.74375 0.415625 0.8645833328125001
1 0.6078125 0.4604166671875 0.70625 0.4604166671875 0.70625 0.30625 0.6078125 0.30625 0.6078125 0.4604166671875
1 0.478125 0.39375 0.55625 0.39375 0.55625 0.16875 0.478125 0.16875 0.478125 0.39375
1 0.5390625 0.4 0.6546875 0.4 0.6546875 0.0416666671875 0.5390625 0.0416666671875 0.5390625 0.4
1 0.73125 0.6125 0.83125 0.6125 0.83125 0.4791666671875 0.73125 0.4791666671875 0.73125 0.6125
1 0.31875 0.5015625 0.440625 0.5015625 0.440625 0.3765625 0.31875 0.3765625 0.31875 0.5015625
1 0.2640625 0.771875 0.378125 0.771875 0.378125 0.596875 0.2640625 0.596875 0.2640625 0.771875
1 0.675 0.3484375 0.7953125 0.3484375 0.7953125 0.1828125 0.675 0.1828125 0.675 0.3484375
1 0.668647996875 0.7524202515625 0.7718379078125001 0.6750278187500001 0.7377874624999999 0.5943156515625 0.6345975515625 0.6717080859375 0.668647996875 0.7524202515625
1 0.6994479499999999 0.8223383265624999 0.8360896828125 0.8004756499999999 0.8299733828125 0.7325167578125 0.69333165 0.7543794359375 0.6994479499999999 0.8223383265624999
1 0.55 0.8671875 0.703125 0.8671875 0.703125 0.8140625 0.55 0.8140625 0.55 0.8671875
1 0.60625 0.9546875 0.740625 0.9546875 0.740625 0.8859375 0.60625 0.8859375 0.60625 0.9546875
1 0.815625 0.709375 0.8828125 0.709375 0.8828125 0.521875 0.815625 0.521875 0.815625 0.709375
1 0.4546875 0.73125 0.6 0.73125 0.6 0.6953125 0.4546875 0.6953125 0.4546875 0.73125
1 0.496875 0.6484375 0.6234375 0.6484375 0.6234375 0.5515625 0.496875 0.5515625 0.496875 0.6484375
1 0.5351804125 0.5548754296875 0.5875 0.39791666718749996 0.481523840625 0.3351159796875 0.429204253125 0.4920747421875 0.5351804125 0.5548754296875