1 0.36666666718749996 0.559375 0.36666666718749996 0.68125 0.49583333281249997 0.68125 0.49583333281249997 0.559375 0.36666666718749996 0.559375
1 0.33541666718749996 0.346875 0.33541666718749996 0.4390625 0.49583333281249997 0.4390625 0.49583333281249997 0.346875 0.33541666718749996 0.346875
1 0.1625 0.3765625 0.1625 0.503125 0.2708333328125 0.503125 0.2708333328125 0.3765625 0.1625 0.3765625
1 0.3333333328125 0.4640625 0.3333333328125 0.59375 0.4458333328125 0.59375 0.4458333328125 0.4640625 0.3333333328125 0.4640625
1 0.5104166671875 0.5890625 0.5104166671875 0.690625 0.6645833328124999 0.690625 0.6645833328124999 0.5890625 0.5104166671875 0.5890625
1 0.5770833328125 0.5375 0.5770833328125 0.6578125 0.9354166671874999 0.6578125 0.9354166671874999 0.5375 0.5770833328125 0.5375
1 0.35 0.703125 0.35 0.8109375 0.47291666718750003 0.8109375 0.47291666718750003 0.703125 0.35 0.703125
1 0.265625 0.24375 0.265625 0.3484375 0.4265625 0.3484375 0.4265625 0.24375 0.265625 0.24375
1 0.5078125 0.3015625 0.5078125 0.421875 0.63125 0.421875 0.63125 0.3015625 0.5078125 0.3015625
1 0.2125 0.63984375 0.29951923125 0.737740384375 0.3758413453125 0.6995793265625 0.28882211406249997 0.6016826921875 0.2125 0.63984375
1 0.6109375 0.6640625 0.6109375 0.7921875 0.7765625 0.7921875 0.7765625 0.6640625 0.6109375 0.6640625
1 0.053125 0.5546875 0.053125 0.6890625 0.1140625 0.6890625 0.1140625 0.5546875 0.053125 0.5546875
1 0.1625 0.6546875 0.1625 0.7921875 0.2234375 0.7921875 0.2234375 0.6546875 0.1625 0.6546875
1 0.240625 0.7875 0.240625 0.8640625 0.4203125 0.8640625 0.4203125 0.7875 0.240625 0.7875
1 0.09161891093749999 0.6472127703125 0.14184650468749999 0.657956878125 0.1979270453125 0.5104858250000001 0.1476994515625 0.49974171875 0.09161891093749999 0.6472127703125
1 0.24502188125000002 0.5571013406249999 0.2868811546875 0.5630812359374999 0.32276736875 0.42177926718750003 0.2809080953125 0.4157993703125 0.24502188125000002 0.5571013406249999
1 0.5953125 0.471875 0.5953125 0.5375 0.8140625 0.5375 0.8140625 0.471875 0.5953125 0.471875
1 0.4388954390625 0.5087411562499999 0.5791666671875 0.5671875 0.6542452828124999 0.46583136718749996 0.51397405625 0.40738502343749994 0.4388954390625 0.5087411562499999