1 0.5645833328125 0.8703125 0.5645833328125 0.59375 0.4125 0.59375 0.4125 0.8703125 0.5645833328125 0.8703125
1 0.825 0.4984375 0.825 0.384375 0.6666666671875 0.384375 0.6666666671875 0.4984375 0.825 0.4984375
1 0.8291666671875 0.553125 0.8291666671875 0.4359375 0.7041666671875 0.4359375 0.7041666671875 0.553125 0.8291666671875 0.553125
1 0.4661649375 0.6689868078125001 0.3918288640625 0.610221128125 0.2627004046875 0.7021009953124999 0.3370364765625 0.7608666734375 0.4661649375 0.6689868078125001
1 0.9279770671875 0.3096380546875 0.8632947296875001 0.302992609375 0.8386163046874999 0.4381069828125 0.90329864375 0.44475242968749995 0.9279770671875 0.3096380546875
1 0.690625 0.41484375 0.565625 0.32109375 0.4604166671875 0.4 0.5854166671875001 0.49375 0.690625 0.41484375
1 0.26225490156250003 0.32729779375 0.1981004890625 0.24710477968750003 0.0458333328125 0.315625 0.1099877453125 0.3958180140625 0.26225490156250003 0.32729779375
1 0.2251298828125 0.4214892453125 0.13246726874999998 0.394397209375 0.061966437500000006 0.5300346796875 0.1546290515625 0.5571267140625 0.2251298828125 0.4214892453125
1 0.42642376249999997 0.22050695937499998 0.35055495 0.1460971609375 0.2097389 0.22685930625 0.2856077140625 0.3012691046875 0.42642376249999997 0.22050695937499998
1 0.51420018125 0.254744240625 0.44022029218750003 0.23946578437500002 0.39562914843749997 0.3609179765625 0.46960903906249996 0.3761964328125 0.51420018125 0.254744240625
1 0.36559885468750003 0.5259247031250001 0.2168372953125 0.4873039140625 0.1524878921875 0.626727625 0.30124945 0.6653484140625 0.36559885468750003 0.5259247031250001
1 0.39691025625 0.3713990390625 0.2658333328125 0.36593749999999997 0.25643589843750003 0.49280288437499997 0.3875128203125 0.4982644234375 0.39691025625 0.3713990390625
1 0.7508965921875 0.4180128609375 0.7388723328125 0.2759763171875 0.67649153125 0.27894683124999997 0.6885157875 0.42098337499999994 0.7508965921875 0.4180128609375
1 0.8366322500000001 0.24659490312500001 0.7553346515625 0.1527899828125 0.6465912421875 0.20580239531250002 0.7278888390625 0.299607315625 0.8366322500000001 0.24659490312500001
1 0.7094911078125 0.2172942671875 0.6465441734375 0.189133796875 0.5539221515625 0.3055923671875 0.6168690875 0.3337528375 0.7094911078125 0.2172942671875
1 0.5963782046875 0.14076923125000002 0.58576923125 0.077115384375 0.39525641093749997 0.0949759609375 0.4058653859375 0.1586298078125 0.5963782046875 0.14076923125000002
1 0.5860670734375 0.54064024375 0.5290548765625 0.4479954265625 0.4039430890625 0.491303353125 0.4609552859375 0.5839481703125 0.5860670734375 0.54064024375