1 0.2125 0.65 0.2125 0.759375 0.5104166671875 0.759375 0.5104166671875 0.65 0.2125 0.65
1 0.2208333328125 0.296875 0.2208333328125 0.3703125 0.40416666718750005 0.3703125 0.40416666718750005 0.296875 0.2208333328125 0.296875
1 0.3729166671875 0.4125 0.3729166671875 0.478125 0.5395833328124999 0.478125 0.5395833328124999 0.4125 0.3729166671875 0.4125
1 0.5458333328125 0.0453125 0.5458333328125 0.153125 0.725 0.153125 0.725 0.0453125 0.5458333328125 0.0453125
1 0.18125 0.5703125 0.18125 0.65625 0.33541666718749996 0.65625 0.33541666718749996 0.5703125 0.18125 0.5703125
1 0.14791666718750002 0.4203125 0.14791666718750002 0.534375 0.2979166671875 0.534375 0.2979166671875 0.4203125 0.14791666718750002 0.4203125
1 0.5166666671875 0.35 0.5166666671875 0.459375 0.6833333328125 0.459375 0.6833333328125 0.35 0.5166666671875 0.35
1 0.2833333328125 0.2 0.2833333328125 0.3125 0.47083333281249995 0.3125 0.47083333281249995 0.2 0.2833333328125 0.2
1 0.5770833328125 0.6015625 0.5770833328125 0.7328125 0.7625 0.7328125 0.7625 0.6015625 0.5770833328125 0.6015625
1 0.2979166671875 0.375 0.2979166671875 0.425 0.48333333281249996 0.425 0.48333333281249996 0.375 0.2979166671875 0.375
1 0.47083333281249995 0.09375 0.47083333281249995 0.21875 0.5416666671875 0.21875 0.5416666671875 0.09375 0.47083333281249995 0.09375
1 0.35839180625 0.6055827328125 0.377329825 0.6573837859375 0.5579693921875 0.6202361328125 0.5390313734375 0.5684350796875 0.35839180625 0.6055827328125
1 0.6692073171875 0.295274390625 0.6932418703125001 0.45750762187499994 0.7817327234375 0.45013338437500006 0.7576981703125 0.287900153125 0.6692073171875 0.295274390625
1 0.5359973203124999 0.2445755171875 0.676936575 0.30703723125 0.7492693984375001 0.2152301875 0.60833014375 0.152768471875 0.5359973203124999 0.2445755171875
1 0.3863970578125 0.3423713234375 0.559436275 0.3748161765625 0.5954656859375 0.266727940625 0.42242647031249997 0.23428308750000001 0.3863970578125 0.3423713234375
1 0.14332044531250002 0.258650128125 0.26938359218749997 0.29501449687500003 0.3266752578125 0.183295746875 0.2006121125 0.14693137812499998 0.14332044531250002 0.258650128125
1 0.29679487031249996 0.16201923125 0.3516025640625 0.22367788437499997 0.4857371796875 0.1566105765625 0.4309294875 0.0949519234375 0.29679487031249996 0.16201923125
1 0.4987745109375 0.5818014703125 0.66789215625 0.6135110296875 0.7066176484375 0.49733455937500004 0.5375 0.465625 0.4987745109375 0.5818014703125