1 0.684375 0.68125 0.4125 0.68125 0.4125 0.8333333328125001 0.684375 0.8333333328125001 0.684375 0.68125
1 0.853125 0.6479166671875001 0.75 0.6479166671875001 0.75 0.7979166671875 0.853125 0.7979166671875 0.853125 0.6479166671875001
1 0.8921875 0.3416666671875 0.753125 0.3416666671875 0.753125 0.46875 0.8921875 0.46875 0.8921875 0.3416666671875
1 0.8828125 0.5041666671875 0.7953125 0.5041666671875 0.7953125 0.6875 0.8828125 0.6875 0.8828125 0.5041666671875
1 0.7390625 0.7083333328125 0.6171875 0.7083333328125 0.6171875 0.8354166671875 0.7390625 0.8354166671875 0.7390625 0.7083333328125
1 0.9390625 0.4270833328125 0.90625 0.4270833328125 0.90625 0.6291666671875 0.9390625 0.6291666671875 0.9390625 0.4270833328125
1 0.665625 0.8140625 0.54375 0.8140625 0.54375 0.9625 0.665625 0.9625 0.665625 0.8140625
1 0.9984375 0.346875 0.95 0.346875 0.95 0.5375 0.9984375 0.5375 0.9984375 0.346875
1 0.743751328125 0.47663686250000004 0.7403257796875 0.28480612656250004 0.6348610125 0.2881542140625 0.6382865609375 0.47998494999999997 0.743751328125 0.47663686250000004
1 0.9671875 0.1578125 0.8171875 0.1578125 0.8171875 0.328125 0.9671875 0.328125 0.9671875 0.1578125
1 0.940625 0.4296875 0.9078125 0.4296875 0.9078125 0.6296875 0.940625 0.6296875 0.940625 0.4296875
1 0.9984375 0.7328125 0.9609375 0.7328125 0.9609375 0.90625 0.9984375 0.90625 0.9984375 0.7328125
1 0.66875 0.5671875 0.496875 0.5671875 0.496875 0.6578125 0.66875 0.6578125 0.66875 0.5671875
1 0.9725360578125001 0.7236778859374999 0.9173677890624999 0.6746394234374999 0.8475360578125001 0.8143028859375001 0.9027043265625 0.8633413453125 0.9725360578125001 0.7236778859374999
1 0.8005014640624999 0.5795434875 0.7372826609375001 0.4494933796875 0.619593696875 0.5511998921875 0.6828125 0.68125 0.8005014640624999 0.5795434875
1 0.8598150171875 0.8429254640625 0.8294734375000001 0.8141398640625 0.7656710343750001 0.9336975203125 0.7960126140625 0.9624831203124999 0.8598150171875 0.8429254640625
1 0.8154017843749999 1 0.943107996875 0.94582160625 0.9302620781250001 0.8919910874999999 0.7975345921875 0.9482997187500001 0.809872159375 1 0.8154017843749999 1