1 0.4916666671875 0.4140625 0.4916666671875 0.5046875 0.6416666671875 0.5046875 0.6416666671875 0.4140625 0.4916666671875 0.4140625
1 0.3895833328125 0.396875 0.3895833328125 0.475 0.5395833328124999 0.475 0.5395833328124999 0.396875 0.3895833328125 0.396875
1 0.5229166671875001 0.5203125 0.5229166671875001 0.6296875 0.65 0.6296875 0.65 0.5203125 0.5229166671875001 0.5203125
1 0.4479166671875 0.246875 0.4479166671875 0.3078125 0.6291666671875 0.3078125 0.6291666671875 0.246875 0.4479166671875 0.246875
1 0.34375 0.3546875 0.34375 0.396875 0.5083333328124999 0.396875 0.5083333328124999 0.3546875 0.34375 0.3546875
1 0.3604166671875 0.5734375 0.3604166671875 0.728125 0.45416666718750004 0.728125 0.45416666718750004 0.5734375 0.3604166671875 0.5734375
1 0.4270833328125 0.5625 0.4270833328125 0.8140625 0.5770833328125 0.8140625 0.5770833328125 0.5625 0.4270833328125 0.5625
1 0.66875 0.3953125 0.66875 0.475 0.8083333328125001 0.475 0.8083333328125001 0.3953125 0.66875 0.3953125
1 0.633989725 0.5851669515625 0.6169577625 0.7065196921875 0.78082191875 0.7194563359374999 0.79785388125 0.5981035953125 0.633989725 0.5851669515625
1 0.2854967953125 0.40967548125000003 0.25256410156250003 0.500240384375 0.32889423125 0.5158533656250001 0.3618269234375 0.4252884609375 0.2854967953125 0.40967548125000003
1 0.3254184859375 0.519541484375 0.1934588796875 0.5327374453125 0.20625 0.6046875 0.33820960625 0.5914915390625 0.3254184859375 0.519541484375
1 0.4283577375 0.469316025 0.3049710765625 0.5180212859375 0.37036333906249996 0.6112052609374999 0.49375 0.5625 0.4283577375 0.469316025
1 0.43511352968750006 0.2931927609375 0.3039853765625 0.31210547499999997 0.31952864999999997 0.3727242328125 0.45065679999999997 0.35381151875 0.43511352968750006 0.2931927609375
1 0.1781795296875 0.366325503125 0.15763143125 0.4703502515625 0.25253915 0.480895553125 0.2730872484375 0.3768708046875 0.1781795296875 0.366325503125
1 0.61011029375 0.3107996328125 0.5674632359375 0.36410845625 0.6707107828125001 0.410569853125 0.71335784375 0.3572610296875 0.61011029375 0.3107996328125
1 0.7955051546874999 0.2556373984375 0.6196129921875 0.2738331390625 0.6265849859375 0.3117433640625 0.80247715 0.293547621875 0.7955051546874999 0.2556373984375
1 0.8340466671875 0.3051825 0.7576466671875 0.321895 0.8062033328125 0.446755 0.8826033328125 0.4300425 0.8340466671875 0.3051825
1 0.6730090234375 0.195584053125 0.5102818109375 0.21267040937499998 0.5177594140624999 0.2527290109375 0.6804866296875 0.23564265468749998 0.6730090234375 0.195584053125