1 0.65625 0.6953125 0.65625 0.5921875 0.5104166671875 0.5921875 0.5104166671875 0.6953125 0.65625 0.6953125
1 0.8333333328125001 0.74375 0.8333333328125001 0.6078125 0.73125 0.6078125 0.73125 0.74375 0.8333333328125001 0.74375
1 0.3083333328125 0.640625 0.3083333328125 0.5015625 0.16875 0.5015625 0.16875 0.640625 0.3083333328125 0.640625
1 0.8645833328125001 0.496875 0.8645833328125001 0.40625 0.7166666671875 0.40625 0.7166666671875 0.496875 0.8645833328125001 0.496875
1 0.43958333281249995 0.778125 0.43958333281249995 0.671875 0.2791666671875 0.671875 0.2791666671875 0.778125 0.43958333281249995 0.778125
1 0.7791666671875 0.740625 0.7791666671875 0.6140625 0.6375 0.6140625 0.6375 0.740625 0.7791666671875 0.740625
1 0.9333333328125001 0.590625 0.9333333328125001 0.49375 0.825 0.49375 0.825 0.590625 0.9333333328125001 0.590625
1 0.74375 0.3125 0.74375 0.203125 0.5583333328125 0.203125 0.5583333328125 0.3125 0.74375 0.3125
1 0.5541666671875001 0.39375 0.5541666671875001 0.215625 0.46875 0.215625 0.46875 0.39375 0.5541666671875001 0.39375
1 0.7791666671875 0.3640625 0.7791666671875 0.3015625 0.6458333328125 0.3015625 0.6458333328125 0.3640625 0.7791666671875 0.3640625
1 0.5060428421875 0.5953841234375 0.57616801875 0.5854339296875 0.5395759875 0.4403726640625 0.46945081093749996 0.45032285781250003 0.5060428421875 0.5953841234375
1 0.5568898124999999 0.17882233281249998 0.6955685828125 0.1538601546875 0.656820475 0.0327723140625 0.5181417046875 0.057734493750000004 0.5568898124999999 0.17882233281249998
1 0.79375 0.3078125 0.8824712640625 0.2811961203125 0.8260057484375001 0.1753232765625 0.7372844828125 0.2019396546875 0.79375 0.3078125
1 0.9189395687499999 0.443132615625 0.9897549109374999 0.3533924859375 0.87498200625 0.3024473703125 0.8041666671875 0.3921875 0.9189395687499999 0.443132615625
1 0.6307723249999999 0.5698349375 0.7970006328125 0.5493665265625001 0.7911795015624999 0.5227745390625 0.6249511937500001 0.54324295 0.6307723249999999 0.5698349375
1 0.26252064218750004 0.477715815625 0.41441257499999995 0.242021434375 0.27246819375000003 0.1905665953125 0.1205762578125 0.4262609765625 0.26252064218750004 0.477715815625
1 0.34582457031249997 0.47218770781249997 0.4871665375 0.35926776562499996 0.4347349828125 0.322351671875 0.29339301406249996 0.43527161249999996 0.34582457031249997 0.47218770781249997
1 0.3758844328125 0.6543189859375 0.5037735859375 0.6010318390625 0.41552672968750004 0.481898584375 0.28763757968750003 0.53518573125 0.3758844328125 0.6543189859375