1 0.334375 0.0458333328125 0.1796875 0.0458333328125 0.1796875 0.2958333328125 0.334375 0.2958333328125 0.334375 0.0458333328125
1 0.2265625 0.3104166671875 0.0953125 0.3104166671875 0.0953125 0.475 0.2265625 0.475 0.2265625 0.3104166671875
1 0.4390625 0.5166666671875 0.33125 0.5166666671875 0.33125 0.68125 0.4390625 0.68125 0.4390625 0.5166666671875
1 0.2453125 0.6291666671875 0.096875 0.6291666671875 0.096875 0.7604166671875 0.2453125 0.7604166671875 0.2453125 0.6291666671875
1 0.4 0.6770833328125 0.2484375 0.6770833328125 0.2484375 0.8083333328125001 0.4 0.8083333328125001 0.4 0.6770833328125
1 0.1796875 0.4458333328125 0.0484375 0.4458333328125 0.0484375 0.6125 0.1796875 0.6125 0.1796875 0.4458333328125
1 0.3875 0.3083333328125 0.284375 0.3083333328125 0.284375 0.42291666718750004 0.3875 0.42291666718750004 0.3875 0.3083333328125
1 0.6296875 0.30416666718749996 0.475 0.30416666718749996 0.475 0.3854166671875 0.6296875 0.3854166671875 0.6296875 0.30416666718749996
1 0.6125 0.24583333281250003 0.48125 0.24583333281250003 0.48125 0.3333333328125 0.6125 0.3333333328125 0.6125 0.24583333281250003
1 0.3219887203125 0.5427780125 0.2744609796875 0.4100021046875 0.1863036390625 0.46610222968750004 0.23383137812500002 0.5988781375000001 0.3219887203125 0.5427780125
1 0.722400346875 0.6543110921874999 0.7177290937499999 0.5048310234375 0.6016545703125 0.51127960625 0.6063258234375 0.6607596765625 0.722400346875 0.6543110921874999
1 0.624947203125 0.52455578125 0.5607873031249999 0.3597994953125 0.5163400265625 0.3905706875 0.5804999265624999 0.5553269734375 0.624947203125 0.52455578125
1 0.75390625 0.40520833281249996 0.65703125 0.2760416671875 0.61875 0.3270833328125 0.715625 0.45625 0.75390625 0.40520833281249996
1 0.256288109375 0.2266260171875 0.14001524375000002 0.20940040624999998 0.133212653125 0.2910315046875 0.24948551874999997 0.3082571140625 0.256288109375 0.2266260171875
1 0.5128768375 0.4361151953125 0.4131893375 0.3515318625 0.3531617640625 0.4773039203125 0.45284926406250003 0.5618872546875 0.5128768375 0.4361151953125
1 0.6078125 0.7708333328125 0.4375 0.7708333328125 0.4375 0.8625 0.6078125 0.8625 0.6078125 0.7708333328125
1 0.6212209734374999 0.6374371734375 0.5125086703124999 0.5017395453125 0.47321584687499996 0.55770205 0.5819281515625 0.6933996796875 0.6212209734374999 0.6374371734375