1 0.521875 0.48125 0.3125 0.48125 0.3125 0.7541666671875 0.521875 0.7541666671875 0.521875 0.48125
1 0.6921875 0.3791666671875 0.56875 0.3791666671875 0.56875 0.46875 0.6921875 0.46875 0.6921875 0.3791666671875
1 0.66875 0.0666666671875 0.575 0.0666666671875 0.575 0.2 0.66875 0.2 0.66875 0.0666666671875
1 0.65 0.25625 0.525 0.25625 0.525 0.3916666671875 0.65 0.3916666671875 0.65 0.25625
1 0.6078125 0.48125 0.4921875 0.48125 0.4921875 0.6083333328125 0.6078125 0.6083333328125 0.6078125 0.48125
1 0.815625 0.15625 0.6859375 0.15625 0.6859375 0.2833333328125 0.815625 0.2833333328125 0.815625 0.15625
1 0.758440690625 0.6108186640625 0.7395071890625 0.4731204640625 0.6984144046874999 0.48316536875000005 0.7173479078125 0.6208635671875 0.758440690625 0.6108186640625
1 0.7578125 0.47291666718750003 0.703125 0.47291666718750003 0.703125 0.6145833328125 0.7578125 0.6145833328125 0.7578125 0.47291666718750003
1 0.54375 0.1609375 0.4375 0.1609375 0.4375 0.2890625 0.54375 0.2890625 0.54375 0.1609375
1 0.871875 0.4921875 0.771875 0.4921875 0.771875 0.6515625 0.871875 0.6515625 0.871875 0.4921875
1 0.68075 0.27137500000000003 0.5709375 0.1615625 0.5551875 0.1895625 0.665 0.299375 0.68075 0.27137500000000003
1 0.5265625 0.0296875 0.4046875 0.0296875 0.4046875 0.1625 0.5265625 0.1625 0.5265625 0.0296875
1 0.88975 0.242875 0.781625 0.13474999999999998 0.754625 0.18275 0.8627499999999999 0.290875 0.88975 0.242875
1 0.895293009375 0.4195068875 0.7933829265625 0.2921192828125 0.7626851609374999 0.3357783265625 0.86459524375 0.46316593125 0.895293009375 0.4195068875
1 0.454219678125 0.29357095625 0.3748849015625 0.1963679875 0.3200136140625 0.2759851484375 0.399348390625 0.37318811875 0.454219678125 0.29357095625
1 0.4552332375 0.2944321734375 0.3738273125 0.1926747671875 0.3166709984375 0.27396374843750004 0.3980769234375 0.3757211546875 0.4552332375 0.2944321734375
1 0.6140625 0.6140625 0.4984375 0.6140625 0.4984375 0.7765625 0.6140625 0.7765625 0.6140625 0.6140625
1 0.4765625 0.4328125 0.3296875 0.4328125 0.3296875 0.5515625 0.4765625 0.5515625 0.4765625 0.4328125
1 0.7734375 0.334375 0.7015625 0.334375 0.7015625 0.4625 0.7734375 0.4625 0.7734375 0.334375
1 0.815625 0.159375 0.6875 0.159375 0.6875 0.2828125 0.815625 0.2828125 0.815625 0.159375
1 0.5469241671875 0.33827992500000004 0.44219256093750003 0.29067465000000003 0.4077358578125 0.4254386484375 0.5124674625 0.4730439234375 0.5469241671875 0.33827992500000004