1 0.24375 0.3234375 0.24375 0.5390625 0.5125 0.5390625 0.5125 0.3234375 0.24375 0.3234375
1 0.5104166671875 0.5890625 0.5104166671875 0.709375 0.6104166671875 0.709375 0.6104166671875 0.5890625 0.5104166671875 0.5890625
1 0.7895833328124999 0.6109375 0.7895833328124999 0.7015625 0.9354166671874999 0.7015625 0.9354166671874999 0.6109375 0.7895833328124999 0.6109375
1 0.5958333328125 0.5515625 0.5958333328125 0.6734375 0.7416666671875001 0.6734375 0.7416666671875001 0.5515625 0.5958333328125 0.5515625
1 0.3770833328125 0.5078125 0.3770833328125 0.6234375 0.5104166671875 0.6234375 0.5104166671875 0.5078125 0.3770833328125 0.5078125
1 0.6875 0.7171875 0.6875 0.840625 0.8291666671875 0.840625 0.8291666671875 0.7171875 0.6875 0.7171875
1 0.6958333328124999 0.590625 0.6958333328124999 0.7 0.8375 0.7 0.8375 0.590625 0.6958333328124999 0.590625
1 0.3583333328125 0.71875 0.3583333328125 0.765625 0.5 0.765625 0.5 0.71875 0.3583333328125 0.71875
1 0.6410926515625001 0.7867934562500001 0.5012999734375 0.8750835703125001 0.537172475 0.907032515625 0.6769651546875 0.818742403125 0.6410926515625001 0.7867934562500001
1 0.7458333328125 0.34375 0.640625 0.42265625 0.71875 0.48125 0.8239583328125001 0.40234375 0.7458333328125 0.34375
1 0.5368297828124999 0.33774150625 0.45441768125 0.347832784375 0.48877873593750004 0.5056788796875 0.5711908375 0.4955876015625 0.5368297828124999 0.33774150625
1 0.5711755015625 0.42485706875 0.51875 0.53125 0.6627191625 0.5711544953125001 0.7151446640625 0.4647615640625 0.5711755015625 0.42485706875
1 0.8047232187500001 0.4527138625 0.7162631515625 0.485260490625 0.7759475124999999 0.5765086984375001 0.8644075796875 0.5439620703125 0.8047232187500001 0.4527138625
1 1 0.4890625 0.92605874375 0.42251536874999995 0.8262636609375 0.4848872953125 0.9215505453124999 0.5706454921875 1 0.521614584375 1 0.4890625
1 0.21478595781249998 0.5021468328124999 0.20909531874999998 0.617382278125 0.3716809359375 0.62189854375 0.377371575 0.5066631 0.21478595781249998 0.5021468328124999
1 0.6349099109375 0.7180320953125 0.5065315312500001 0.7340793921875 0.5200450453125 0.794890203125 0.6484234234375 0.7788429046875 0.6349099109375 0.7180320953125
1 0.3564999 0.7587308828125 0.3149165328125 0.8059120109375 0.46483948125 0.8802382171875 0.5064228484375 0.8330570890625 0.3564999 0.7587308828125
1 0.8005290265625 0.78567766875 0.6640472859375001 0.8702370078125 0.70367509375 0.9062148875 0.8401568359375 0.8216555484375 0.8005290265625 0.78567766875