1 0.7433984921875 0.36623304375 0.688957953125 0.23353422968749998 0.6229357609374999 0.2816871671875 0.6773762999999999 0.41438598125 0.7433984921875 0.36623304375
1 0.8318898375 0.13719862656249998 0.7113965140625 0.0468286359375 0.6869853484374999 0.10469213749999999 0.807478671875 0.1950621296875 0.8318898375 0.13719862656249998
1 0.4453125 0.021875 0.325 0.021875 0.325 0.1609375 0.4453125 0.1609375 0.4453125 0.021875
1 0.475 0.1453125 0.36875 0.1453125 0.36875 0.2828125 0.475 0.2828125 0.475 0.1453125
1 0.8421875 0.3921875 0.7421875 0.3921875 0.7421875 0.56875 0.8421875 0.56875 0.8421875 0.3921875
1 0.392065759375 0.2935682296875 0.3043001453125 0.20945951406250002 0.254431946875 0.3019686359375 0.3421975609375 0.38607735 0.392065759375 0.2935682296875
1 0.5984375 0.028125 0.4953125 0.028125 0.4953125 0.15 0.5984375 0.15 0.5984375 0.028125
1 0.646875 0.3453125 0.521875 0.3453125 0.521875 0.41875 0.646875 0.41875 0.646875 0.3453125
1 0.860323746875 0.30994216093750004 0.73705976875 0.203335475 0.7104675453125 0.25799726875 0.8337315234375 0.36460395156250003 0.860323746875 0.30994216093750004
1 0.616320475 0.21536535625000003 0.49601261093750004 0.12513445781250002 0.48124072656249994 0.1601492953125 0.601548590625 0.25038019375 0.616320475 0.21536535625000003
1 0.5921875 0.23125 0.46875 0.23125 0.46875 0.3453125 0.5921875 0.3453125 0.5921875 0.23125
1 0.5921875 0.5859375 0.4671875 0.5859375 0.4671875 0.7484375 0.5921875 0.7484375 0.5921875 0.5859375
1 0.7578125 0.09375 0.615625 0.09375 0.615625 0.19375 0.7578125 0.19375 0.7578125 0.09375
1 0.56875 0.453125 0.45625 0.453125 0.45625 0.5796875 0.56875 0.5796875 0.56875 0.453125
1 0.73125 0.40625 0.6640625 0.40625 0.6640625 0.5484375 0.73125 0.5484375 0.73125 0.40625
1 0.4828125 0.3046875 0.36875 0.3046875 0.36875 0.4453125 0.4828125 0.4453125 0.4828125 0.3046875
1 0.4765625 0.440625 0.2859375 0.440625 0.2859375 0.7625 0.4765625 0.7625 0.4765625 0.440625
1 0.4390625 0.415625 0.290625 0.415625 0.290625 0.56875 0.4390625 0.56875 0.4390625 0.415625