1 0.665625 0.9541666671875 0.8203125 0.9541666671875 0.8203125 0.7041666671875 0.665625 0.7041666671875 0.665625 0.9541666671875
1 0.7734375 0.6895833328125 0.9046875 0.6895833328125 0.9046875 0.525 0.7734375 0.525 0.7734375 0.6895833328125
1 0.5609375 0.48333333281249996 0.66875 0.48333333281249996 0.66875 0.31875 0.5609375 0.31875 0.5609375 0.48333333281249996
1 0.7546875 0.3708333328125 0.903125 0.3708333328125 0.903125 0.23958333281250002 0.7546875 0.23958333281250002 0.7546875 0.3708333328125
1 0.6 0.3229166671875 0.7515625 0.3229166671875 0.7515625 0.1916666671875 0.6 0.1916666671875 0.6 0.3229166671875
1 0.8203125 0.5541666671875001 0.9515625 0.5541666671875001 0.9515625 0.3875 0.8203125 0.3875 0.8203125 0.5541666671875001
1 0.6125 0.6916666671875 0.715625 0.6916666671875 0.715625 0.5770833328125 0.6125 0.5770833328125 0.6125 0.6916666671875
1 0.3703125 0.6958333328124999 0.525 0.6958333328124999 0.525 0.6145833328125 0.3703125 0.6145833328125 0.3703125 0.6958333328124999
1 0.3875 0.7541666671875 0.51875 0.7541666671875 0.51875 0.6666666671875 0.3875 0.6666666671875 0.3875 0.7541666671875
1 0.6780112796875 0.4572219875 0.7255390203125 0.5899978953125 0.8136963609375 0.5338977703125 0.766168621875 0.4011218625 0.6780112796875 0.4572219875
1 0.277599653125 0.3456889078125 0.28227090625 0.4951689765625 0.39834542968750003 0.48872039375 0.3936741765625 0.3392403234375 0.277599653125 0.3456889078125
1 0.37505279687500004 0.47544421875 0.43921269687500003 0.6402005046875 0.48365997343749995 0.6094293125 0.4195000734375 0.44467302656249996 0.37505279687500004 0.47544421875
1 0.24609375 0.5947916671875 0.34296875 0.7239583328125 0.38125 0.6729166671875 0.284375 0.54375 0.24609375 0.5947916671875
1 0.743711890625 0.7733739828124999 0.85998475625 0.79059959375 0.866787346875 0.7089684953125001 0.75051448125 0.6917428859375 0.743711890625 0.7733739828124999
1 0.4871231625 0.5638848046875 0.5868106625 0.6484681375 0.6468382359375 0.5226960796875 0.5471507359375 0.4381127453125 0.4871231625 0.5638848046875
1 0.3921875 0.22916666718749998 0.5625 0.22916666718749998 0.5625 0.1375 0.3921875 0.1375 0.3921875 0.22916666718749998
1 0.3787790265625 0.3625628265625 0.48749132968750003 0.49826045468749997 0.526784153125 0.44229795000000005 0.4180718484375 0.3066003203125 0.3787790265625 0.3625628265625