1 0.31104204687500003 0.23353422968749998 0.2566015078125 0.36623304375 0.32262369999999996 0.41438598125 0.3770642390625 0.2816871671875 0.31104204687500003 0.23353422968749998
1 0.2886034859375 0.0468286359375 0.1681101625 0.13719862656249998 0.192521328125 0.1950621296875 0.31301465156249997 0.10469213749999999 0.2886034859375 0.0468286359375
1 0.675 0.021875 0.5546875 0.021875 0.5546875 0.1609375 0.675 0.1609375 0.675 0.021875
1 0.63125 0.1453125 0.525 0.1453125 0.525 0.2828125 0.63125 0.2828125 0.63125 0.1453125
1 0.2578125 0.3921875 0.1578125 0.3921875 0.1578125 0.56875 0.2578125 0.56875 0.2578125 0.3921875
1 0.6956998546875 0.20945951406250002 0.607934240625 0.2935682296875 0.6578024390625 0.38607735 0.745568053125 0.3019686359375 0.6956998546875 0.20945951406250002
1 0.5046875 0.028125 0.4015625 0.028125 0.4015625 0.15 0.5046875 0.15 0.5046875 0.028125
1 0.478125 0.3453125 0.353125 0.3453125 0.353125 0.41875 0.478125 0.41875 0.478125 0.3453125
1 0.26294023125 0.203335475 0.139676253125 0.30994216093750004 0.1662684765625 0.36460395156250003 0.2895324546875 0.25799726875 0.26294023125 0.203335475
1 0.5039873890625 0.12513445781250002 0.383679525 0.21536535625000003 0.398451409375 0.25038019375 0.5187592734375001 0.1601492953125 0.5039873890625 0.12513445781250002
1 0.53125 0.23125 0.4078125 0.23125 0.4078125 0.3453125 0.53125 0.3453125 0.53125 0.23125
1 0.5328125 0.5859375 0.4078125 0.5859375 0.4078125 0.7484375 0.5328125 0.7484375 0.5328125 0.5859375
1 0.384375 0.09375 0.2421875 0.09375 0.2421875 0.19375 0.384375 0.19375 0.384375 0.09375
1 0.54375 0.453125 0.43125 0.453125 0.43125 0.5796875 0.54375 0.5796875 0.54375 0.453125
1 0.3359375 0.40625 0.26875 0.40625 0.26875 0.5484375 0.3359375 0.5484375 0.3359375 0.40625
1 0.63125 0.3046875 0.5171875 0.3046875 0.5171875 0.4453125 0.63125 0.4453125 0.63125 0.3046875
1 0.7140625 0.440625 0.5234375 0.440625 0.5234375 0.7625 0.7140625 0.7625 0.7140625 0.440625
1 0.709375 0.415625 0.5609375 0.415625 0.5609375 0.56875 0.709375 0.56875 0.709375 0.415625