1 0.4625 0.296875 0.4625 0.49375 0.7583333328124999 0.49375 0.7583333328124999 0.296875 0.4625 0.296875
1 0.3458333328125 0.5375 0.3458333328125 0.6671875 0.42291666718750004 0.6671875 0.42291666718750004 0.5375 0.3458333328125 0.5375
1 0.025 0.5234375 0.025 0.6265625 0.1520833328125 0.6265625 0.1520833328125 0.5234375 0.025 0.5234375
1 0.2270833328125 0.4875 0.2270833328125 0.615625 0.35 0.615625 0.35 0.4875 0.2270833328125 0.4875
1 0.45208333281249996 0.4671875 0.45208333281249996 0.584375 0.5854166671875001 0.584375 0.5854166671875001 0.4671875 0.45208333281249996 0.4671875
1 0.4145833328125 0.68125 0.4145833328125 0.7484375 0.5625 0.7484375 0.5625 0.68125 0.4145833328125 0.68125
1 0.4078125 0.7609375 0.4078125 0.865625 0.584375 0.865625 0.584375 0.7609375 0.4078125 0.7609375
1 0.0171875 0.353125 0.0171875 0.4734375 0.15625 0.4734375 0.15625 0.353125 0.0171875 0.353125
1 0.20806249999999998 0.7674375 0.32599999999999996 0.885375 0.378 0.8561249999999999 0.2600625 0.7381875 0.20806249999999998 0.7674375
1 0.048625 0.748625 0.1604375 0.8604375 0.2144375 0.8300625 0.10262500000000001 0.71825 0.048625 0.748625
1 0.2703125 0.675 0.2703125 0.753125 0.4015625 0.753125 0.4015625 0.675 0.2703125 0.675
1 0.12833333281249998 0.520625 0.2102083328125 0.6434375 0.24312499999999998 0.63109375 0.16125 0.50828125 0.12833333281249998 0.520625
1 0.2057092875 0.3272537640625 0.29037021875 0.41473672656250005 0.3796688640625 0.36612657656250003 0.29500793281250004 0.2786436140625 0.2057092875 0.3272537640625
1 0.14375 0.3921875 0.14375 0.4984375 0.2796875 0.4984375 0.2796875 0.3921875 0.14375 0.3921875
1 0.5890625 0.4796875 0.5890625 0.6015625 0.753125 0.6015625 0.753125 0.4796875 0.5890625 0.4796875
1 0.4234375 0.3046875 0.4234375 0.446875 0.5625 0.446875 0.5625 0.3046875 0.4234375 0.3046875
1 0.27845835 0.40312765625 0.31480556718749997 0.5098976046875 0.4563748421875 0.48278859374999994 0.420027625 0.37601864687500003 0.27845835 0.40312765625