1 0.534375 0.5041666671875 0.4140625 0.5041666671875 0.4140625 0.66875 0.534375 0.66875 0.534375 0.5041666671875
1 0.46875 0.43958333281249995 0.34375 0.43958333281249995 0.34375 0.5333333328125 0.46875 0.5333333328125 0.46875 0.43958333281249995
1 0.6546875 0.40416666718750005 0.5421875 0.40416666718750005 0.5421875 0.49791666718750005 0.6546875 0.49791666718750005 0.6546875 0.40416666718750005
1 0.5046875 0.8145833328125001 0.3625 0.8145833328125001 0.3625 0.9958333328125001 0.5046875 0.9958333328125001 0.5046875 0.8145833328125001
1 0.3640625 0.7541666671875 0.2484375 0.7541666671875 0.2484375 0.9104166671874999 0.3640625 0.9104166671874999 0.3640625 0.7541666671875
1 0.528125 0.69375 0.3640625 0.69375 0.3640625 0.7854166671875 0.528125 0.7854166671875 0.528125 0.69375
1 0.2505856078125 0.730128025 0.1746966453125 0.6886161125 0.12292399375 0.8568772265625 0.1988129578125 0.8983891390625001 0.2505856078125 0.730128025
1 0.3036565296875 0.4732354640625 0.26905418281250004 0.42118407031249994 0.1613451875 0.5484765203124999 0.195947534375 0.6005279140625001 0.3036565296875 0.4732354640625
1 0.3995267359375 0.6801510562499999 0.3771420671875 0.54371116875 0.25868913125000004 0.5782599421875 0.28107380000000004 0.7146998296875 0.3995267359375 0.6801510562499999
1 0.575017234375 0.37309264531249997 0.5401873187499999 0.32552007656250004 0.4593799890625 0.4306978703125 0.49420990624999994 0.4782704390625 0.575017234375 0.37309264531249997
1 0.5119230765625 0.3665705125 0.46396634687500005 0.284358975 0.385865384375 0.3653525640625 0.43382211562500006 0.44756410156250004 0.5119230765625 0.3665705125
1 0.5737120671875 0.2613704234375 0.48596640156250004 0.17849951875 0.43999638750000003 0.2650313109375 0.5277420515625 0.34790221718750003 0.5737120671875 0.2613704234375
1 0.44296875 0.23020833281250003 0.42890625 0.1739583328125 0.31453125000000004 0.22479166718750002 0.32859375 0.2810416671875 0.44296875 0.23020833281250003
1 0.344734115625 0.31034760625 0.323497928125 0.28486418125 0.24238605 0.40502992656250003 0.2636222375 0.43051335156250004 0.344734115625 0.31034760625
1 0.3855383125 0.29200610781249997 0.3472129203125 0.27035334375 0.29760944375 0.4264389515625 0.3359348359375 0.44809171406250003 0.3855383125 0.29200610781249997
1 0.6207513171875 0.7629492640625 0.538208375 0.7416478609375 0.514211384375 0.9069604640625 0.596754325 0.9282618687499999 0.6207513171875 0.7629492640625