1 0.0020833328125000002 0.2765625 0.0020833328125000002 0.6421875 0.11875 0.6421875 0.11875 0.2765625 0.0020833328125000002 0.2765625
1 0.8020833328125001 0.509375 0.8020833328125001 0.65 0.8833333328125 0.65 0.8833333328125 0.509375 0.8020833328125001 0.509375
1 0.21875 0.4796875 0.21875 0.609375 0.3645833328125 0.609375 0.3645833328125 0.4796875 0.21875 0.4796875
1 0.7333333328125 0.3125 0.7333333328125 0.396875 0.8708333328125001 0.396875 0.8708333328125001 0.3125 0.7333333328125 0.3125
1 0.35625 0.625 0.35625 0.725 0.51875 0.725 0.51875 0.625 0.35625 0.625
1 0.7041666671875 0.5234375 0.7041666671875 0.65 0.83125 0.65 0.83125 0.5234375 0.7041666671875 0.5234375
1 0.8541666671874999 0.3890625 0.8541666671874999 0.4796875 0.9645833328125001 0.4796875 0.9645833328125001 0.3890625 0.8541666671874999 0.3890625
1 0.5208333328125 0.134375 0.5208333328125 0.2234375 0.7208333328125 0.2234375 0.7208333328125 0.134375 0.5208333328125 0.134375
1 0.63125 0.2078125 0.63125 0.284375 0.7666666671875 0.284375 0.7666666671875 0.2078125 0.63125 0.2078125
1 0.46666666718750005 0 0.46666666718750005 0.0953125 0.6229166671875 0.0953125 0.6229166671875 0 0.46666666718750005 0
1 0.4215831234375 0.2721473046875 0.30823192499999996 0.404668190625 0.3702769015625 0.43452001874999996 0.48362809999999995 0.3019991328125 0.4215831234375 0.2721473046875
1 0.7857488734375 0.0716511828125 0.7005574328125 0.1054771953125 0.775 0.2109375 0.8601914421875 0.17711148593749998 0.7857488734375 0.0716511828125
1 0.8521424874999999 0.1935386546875 0.8 0.29375 0.9249720359375001 0.33032718125 0.977114525 0.2301158359375 0.8521424874999999 0.1935386546875
1 0.8179205015625 0.42499403437499994 0.65781495625 0.466926440625 0.6699706187500001 0.4930334890625 0.8300761671875 0.45110108281250005 0.8179205015625 0.42499403437499994
1 0.5511153765625 0.37805054843749997 0.4846848453125 0.3975757375 0.5568271453125 0.5356411765625 0.6232576765625 0.5161159859375 0.5511153765625 0.37805054843749997
1 0.4456502890625 0.434732659375 0.3303901734375 0.49596459531250003 0.4367220625 0.6085513 0.5519821765625 0.5473193640625 0.4456502890625 0.434732659375
1 0.6636085921875 0.5085969890625 0.5501889046875 0.583350875 0.6092908015625 0.6337912890624999 0.7227104921875 0.5590374031249999 0.6636085921875 0.5085969890625
1 0.47874999999999995 0.15562499999999999 0.4279166671875 0.1746875 0.5341666671875 0.33406250000000004 0.585 0.315 0.47874999999999995 0.15562499999999999