1 0.7708333328125 0.525 0.7708333328125 0.3734375 0.6375 0.3734375 0.6375 0.525 0.7708333328125 0.525
1 0.8666666671875 0.4359375 0.8666666671875 0.29375 0.7458333328125 0.29375 0.7458333328125 0.4359375 0.8666666671875 0.4359375
1 0.6 0.46875 0.6 0.35625 0.4375 0.35625 0.4375 0.46875 0.6 0.46875
1 0.5854166671875001 0.3046875 0.5854166671875001 0.1953125 0.3770833328125 0.1953125 0.3770833328125 0.3046875 0.5854166671875001 0.3046875
1 0.5604166671875 0.359375 0.5604166671875 0.2265625 0.2 0.2265625 0.2 0.359375 0.5604166671875 0.359375
1 1 0.271875 0.9166666671874999 0.271875 0.9166666671874999 0.4375 1 0.4375 1 0.271875
1 0.73125 0.6515625 0.73125 0.5484375 0.5479166671875 0.5484375 0.5479166671875 0.6515625 0.73125 0.6515625
1 0.9062942203125001 0.29025280000000003 0.9701208734375 0.204086821875 0.8039799515625001 0.1348614390625 0.7401533015624999 0.22102741718750002 0.9062942203125001 0.29025280000000003
1 1 0.2757887625 0.95995115625 0.2656802796875 0.8874523328125001 0.4272490859375 0.9383755671875 0.44010230625 1 0.30276785781250004 1 0.2757887625
1 0.8016137296875 0.63238985625 0.9521260249999999 0.538319671875 0.8732325812499999 0.4673155734375 0.7227202875 0.5613857578125 0.8016137296875 0.63238985625
1 0.7447354765624999 0.22300959531250003 0.7876815359375 0.1022238078125 0.6566195546875 0.0760114109375 0.6136734953125 0.19679719843750001 0.7447354765624999 0.22300959531250003
1 0.4453125 0.5296875 0.4453125 0.4 0.2671875 0.4 0.2671875 0.5296875 0.4453125 0.5296875
1 0.81875 0.7609375 0.81875 0.659375 0.5609375 0.659375 0.5609375 0.7609375 0.81875 0.7609375
1 0.5742569 0.3468550953125 0.6208333328125 0.2828125 0.5926618890625 0.27128781874999996 0.5460854562499999 0.3353304140625 0.5742569 0.3468550953125
1 0.7086605171875 0.3445077171875 0.7834382421874999 0.2962760828125 0.6642341140625 0.19231899531250002 0.5894563875000001 0.24055062968750002 0.7086605171875 0.3445077171875
1 1 0.08125 0.8895833328125 0.08125 0.8895833328125 0.19375 1 0.19375 1 0.08125
1 1 0.5804209171875 0.9492974000000001 0.566451834375 0.8620909796875 0.7444982796875 0.9482905203125 0.7682471328125 1 0.6626736109375 1 0.5804209171875