1 0.5171875 0.47291666718750003 0.3078125 0.47291666718750003 0.3078125 0.75625 0.5171875 0.75625 0.5171875 0.47291666718750003
1 0.690625 0.3645833328125 0.5640625 0.3645833328125 0.5640625 0.45208333281249996 0.690625 0.45208333281249996 0.690625 0.3645833328125
1 0.6640625 0.0375 0.565625 0.0375 0.565625 0.175 0.6640625 0.175 0.6640625 0.0375
1 0.6453125 0.2375 0.51875 0.2375 0.51875 0.375 0.6453125 0.375 0.6453125 0.2375
1 0.60625 0.46875 0.4875 0.46875 0.4875 0.6020833328124999 0.60625 0.6020833328124999 0.60625 0.46875
1 0.7609375 0.45416666718750004 0.703125 0.45416666718750004 0.703125 0.6020833328124999 0.7609375 0.6020833328124999 0.7609375 0.45416666718750004
1 0.4449930609375 0.2811508640625 0.36002048750000004 0.18719745000000002 0.30713892343750004 0.27222271249999996 0.3921114953125 0.366176125 0.4449930609375 0.2811508640625
1 0.442548078125 0 0.37601027343750004 0.08238013749999999 0.4390625 0.1729166671875 0.5234460609375 0.06844178125 0.47578125 0 0.442548078125 0
1 0.875 0.47291666718750003 0.8235311671875 0.43499226249999995 0.7557824937500001 0.59844938125 0.8072513265625 0.6363737828125 0.875 0.47291666718750003
1 0.8997602468749999 0.3930259875 0.7966257437500001 0.26488918125 0.766516190625 0.3079727671875 0.8696506953125 0.43610957499999997 0.8997602468749999 0.3930259875
1 0.614331896875 0.7605603453125 0.604375 0.6012500000000001 0.49032327656249997 0.6139224140625 0.500280171875 0.7732327578125 0.614331896875 0.7605603453125
1 0.5371663515625 0.2092140734375 0.50179209375 0.1258880421875 0.413107475 0.1928198296875 0.44848173437499994 0.2761458609375 0.5371663515625 0.2092140734375
1 0.5409552484375 0.3225346515625 0.4353422921875 0.27459685624999997 0.39907454375 0.4166455375 0.5046875 0.46458333281249997 0.5409552484375 0.3225346515625
1 0.7836759437499999 0.4216613546875 0.738671459375 0.2984911875 0.6795148109375 0.3369177296875 0.7245192953124999 0.46008789375000003 0.7836759437499999 0.4216613546875
1 0.4764481703125 0.4534552859375 0.43803353593749994 0.38943089375 0.3141768296875 0.5215447140625 0.35259146406249997 0.58556910625 0.4764481703125 0.4534552859375
1 0.8291898890624999 0.21857749375000002 0.69333200625 0.11977176249999999 0.6759554140625 0.1622478765625 0.811813296875 0.2610536078125 0.8291898890624999 0.21857749375000002
1 0.8876767531249999 0.2216157625 0.78781815625 0.1005750375 0.7555783375 0.14786010624999998 0.855436934375 0.2689008296875 0.8876767531249999 0.2216157625
1 0.6699832859375 0.25599000625 0.56537935625 0.1385399796875 0.5481184156250001 0.1658698 0.6527223453125 0.2833198265625 0.6699832859375 0.25599000625