1 0.4875 0.5979166671875 0.2234375 0.5979166671875 0.2234375 0.825 0.4875 0.825 0.4875 0.5979166671875
1 0.284375 0.07291666718749999 0.1515625 0.07291666718749999 0.1515625 0.19375 0.284375 0.19375 0.284375 0.07291666718749999
1 0.2 0.22291666718749997 0.103125 0.22291666718749997 0.103125 0.39375 0.2 0.39375 0.2 0.22291666718749997
1 0.621875 0.5166666671875 0.503125 0.5166666671875 0.503125 0.6583333328125 0.621875 0.6583333328125 0.621875 0.5166666671875
1 0.2625 0.4291666671875 0.1953125 0.4291666671875 0.1953125 0.5875 0.2625 0.5875 0.2625 0.4291666671875
1 0.18133891562499999 0.5550221625 0.0127283203125 0.5397805265625 0.0091770625 0.6096219375 0.1777876578125 0.6248635734375 0.18133891562499999 0.5550221625
1 0.323954553125 0.2748306734375 0.22901283593750002 0.2645667015625 0.21978070624999999 0.41638395 0.3147224234375 0.42664791874999997 0.323954553125 0.2748306734375
1 0.3880874296875 0.1451281453125 0.3537910640625 0.08846458593749999 0.24198567031249998 0.2087698046875 0.2762820359375 0.2654333640625 0.3880874296875 0.1451281453125
1 0.454609375 0 0.374790571875 0.11202639218749999 0.4457498359375 0.20190812500000002 0.527322190625 0.0874206078125 0.4583059203125 0 0.454609375 0
1 0.41519011875 0.5220048703125 0.36999401875000004 0.3273139765625 0.30481036562499997 0.3542151671875 0.3500064671875 0.5489060609374999 0.41519011875 0.5220048703125
1 0.572933946875 0.46798362656250003 0.5317526499999999 0.3241759234375 0.41430142812500004 0.3839692734375 0.455482725 0.5277769765625 0.572933946875 0.46798362656250003
1 0.5491803281250001 0.234938525 0.5075244328124999 0.1483596046875 0.4185297125 0.22448087499999997 0.46018560781250006 0.31105979375000004 0.5491803281250001 0.234938525
1 0.679703034375 0.3956763 0.5941080203125 0.2839778421875 0.5546723265625 0.33770183125000003 0.640267340625 0.44940028906249996 0.679703034375 0.3956763
1 0.9041092984375 0.493476475 0.849051946875 0.45625460156250003 0.7839698890625 0.6273963109375 0.839027240625 0.66461818125 0.9041092984375 0.493476475
1 0.676206896875 0.7606896546875 0.578545259375 0.6449425296875 0.49570043124999996 0.7692097703125 0.5933620687500001 0.8849568953125001 0.676206896875 0.7606896546875
1 0.8096875000000001 0.44666666718750003 0.7615624999999999 0.3183333328125 0.6996875 0.3595833328125 0.7478125 0.4879166671875 0.8096875000000001 0.44666666718750003
1 0.6911585359375 0.2772357734375 0.5796875 0.1583333328125 0.5616996953125 0.1883130078125 0.67317073125 0.3072154484375 0.6911585359375 0.2772357734375
1 0.8390574640624999 0.2525097375 0.70830479375 0.1322773984375 0.68554089375 0.1762876046875 0.8162935640625 0.29651994375 0.8390574640624999 0.2525097375