1 0.5645833328125 0.8703125 0.5645833328125 0.59375 0.4125 0.59375 0.4125 0.8703125 0.5645833328125 0.8703125
1 0.8270833328125 0.2796875 0.8270833328125 0.15625 0.7416666671875001 0.15625 0.7416666671875001 0.2796875 0.8270833328125 0.2796875
1 0.42291666718750004 0.2828125 0.42291666718750004 0.1671875 0.2625 0.1671875 0.2625 0.2828125 0.42291666718750004 0.2828125
1 0.22291666718749997 0.553125 0.22291666718749997 0.396875 0.058333332812500006 0.396875 0.058333332812500006 0.553125 0.22291666718749997 0.553125
1 0.3416666671875 0.521875 0.3416666671875 0.35625 0.21875 0.35625 0.21875 0.521875 0.3416666671875 0.521875
1 0.5604166671875 0.5796875 0.5604166671875 0.459375 0.42291666718750004 0.459375 0.42291666718750004 0.5796875 0.5604166671875 0.5796875
1 0.825 0.4984375 0.825 0.384375 0.6666666671875 0.384375 0.6666666671875 0.4984375 0.825 0.4984375
1 0.8291666671875 0.553125 0.8291666671875 0.4359375 0.7041666671875 0.4359375 0.7041666671875 0.553125 0.8291666671875 0.553125
1 0.3449291203125 0.662616753125 0.3306140703125 0.52841315625 0.1536632234375 0.53903020625 0.1679782734375 0.673233803125 0.3449291203125 0.662616753125
1 0.4661649375 0.6689868078125001 0.3918288640625 0.610221128125 0.2627004046875 0.7021009953124999 0.3370364765625 0.7608666734375 0.4661649375 0.6689868078125001
1 0.6834073234375 0.5179869906250001 0.6023964171875 0.5135682140625 0.5868779453124999 0.6736024328125 0.6678888515625 0.678021209375 0.6834073234375 0.5179869906250001
1 0.9279770671875 0.3096380546875 0.8632947296875001 0.302992609375 0.8386163046874999 0.4381069828125 0.90329864375 0.44475242968749995 0.9279770671875 0.3096380546875
1 0.5162196 0.3110917375 0.40881616718749997 0.2615209234375 0.32584048593750004 0.3626475328125 0.43324392031250003 0.41221834687500003 0.5162196 0.3110917375
1 0.690625 0.41484375 0.565625 0.32109375 0.4604166671875 0.4 0.5854166671875001 0.49375 0.690625 0.41484375
1 0.7198040234375 0.218940721875 0.6567154578125 0.19167363125 0.5657793296875 0.310024328125 0.6288678921875 0.33729142031250003 0.7198040234375 0.218940721875
1 0.8202944265625 0.35232649843749997 0.7356401171875 0.2715201109375 0.6181453734375 0.340758084375 0.7027996859375001 0.421564471875 0.8202944265625 0.35232649843749997
1 0.26225490156250003 0.32729779375 0.1981004890625 0.24710477968750003 0.0458333328125 0.315625 0.1099877453125 0.3958180140625 0.26225490156250003 0.32729779375