1 0.6265625 0.22916666718749998 0.475 0.22916666718749998 0.475 0.3625 0.6265625 0.3625 0.6265625 0.22916666718749998
1 0.70625 0.13333333281249998 0.5640625 0.13333333281249998 0.5640625 0.2541666671875 0.70625 0.2541666671875 0.70625 0.13333333281249998
1 0.64375 0.4 0.53125 0.4 0.53125 0.5625 0.64375 0.5625 0.64375 0.4
1 0.8046875 0.4145833328125 0.6953125 0.4145833328125 0.6953125 0.6229166671875 0.8046875 0.6229166671875 0.8046875 0.4145833328125
1 0.7734375 0.43958333281249995 0.640625 0.43958333281249995 0.640625 0.8 0.7734375 0.8 0.7734375 0.43958333281249995
1 0.5625 0 0.5625 0.08333333281250001 0.728125 0.08333333281250001 0.728125 0 0.5625 0
1 0.4515625 0.26875 0.3484375 0.26875 0.3484375 0.45208333281249996 0.4515625 0.45208333281249996 0.4515625 0.26875
1 0.795913178125 0.029879126562500004 0.7097472 0.0937057796875 0.7789725828125 0.25984669843749997 0.8651385609375 0.1960200484375 0.795913178125 0.029879126562500004
1 0.6972321421875 0 0.55989769375 0.0616244328125 0.5727509140625 0.1125476671875 0.7343197203125 0.04004884375 0.7242112374999999 0 0.6972321421875 0
1 0.46168032812500004 0.047873975 0.36761014375 0.1983862703125 0.4386142421875 0.2772797125 0.5326844265624999 0.12676741875 0.46168032812500004 0.047873975
1 0.8977761921875 0.2123184640625 0.7769904046875 0.2552645234375 0.8032028015625 0.3863265046875 0.9239885890625 0.3433804453125 0.8977761921875 0.2123184640625
1 0.6 0.5546875 0.4703125 0.5546875 0.4703125 0.7328125 0.6 0.7328125 0.6 0.5546875
1 0.340625 0.18125 0.2390625 0.18125 0.2390625 0.4390625 0.340625 0.4390625 0.340625 0.18125
1 0.7171875 0.3791666671875 0.6531449046875 0.42574310000000004 0.6646695859375 0.45391454375 0.7287121812499999 0.4073381109375 0.7171875 0.3791666671875
1 0.7037239171875 0.2165617578125 0.6554922828125 0.2913394828125 0.7594493703125 0.4105436125 0.8076810046875 0.3357658859375 0.7037239171875 0.2165617578125
1 0.80625 0 0.80625 0.11041666718750001 0.91875 0.11041666718750001 0.91875 0 0.80625 0
1 0.3373263890625 0 0.2317528671875 0.051709479687500004 0.25550172031249996 0.13790902031250002 0.433548165625 0.0507026 0.4195790828125 0 0.3373263890625 0