1 0.4671875 0.45625 0.2640625 0.45625 0.2640625 0.7895833328124999 0.4671875 0.7895833328124999 0.4671875 0.45625
1 0.671875 0.30416666718749996 0.515625 0.30416666718749996 0.515625 0.40625 0.671875 0.40625 0.671875 0.30416666718749996
1 0.6078125 0.1354166671875 0.4453125 0.1354166671875 0.4453125 0.3083333328125 0.6078125 0.3083333328125 0.6078125 0.1354166671875
1 0.5734375 0.4458333328125 0.4421875 0.4458333328125 0.4421875 0.6020833328124999 0.5734375 0.6020833328124999 0.5734375 0.4458333328125
1 0.4671875 0 0.4671875 0.1458333328125 0.634375 0.1458333328125 0.634375 0 0.4671875 0
1 0.7625 0.3895833328125 0.6890625 0.3895833328125 0.6890625 0.5729166671875 0.7625 0.5729166671875 0.7625 0.3895833328125
1 0.47587890625 0 0.4609375 0.0265625 0.61 0.175625 0.63475 0.131625 0.503125 0 0.47587890625 0
1 0.7948775765625 0.34088273125 0.7332313140625 0.15594394375 0.6471166234375 0.2069748703125 0.7087628859375 0.3919136609375 0.7948775765625 0.34088273125
1 0.915625 0.375 0.7796875 0.375 0.7796875 0.59375 0.915625 0.59375 0.915625 0.375
1 0.3612980765625 0.22740384531250002 0.2390625 0.11875 0.1787860578125 0.23930288593750002 0.30102163437499996 0.34795673125 0.3612980765625 0.22740384531250002
1 0.5953125 0.603125 0.4578125 0.603125 0.4578125 0.7828125 0.5953125 0.7828125 0.5953125 0.603125
1 0.9523309421875 0.2628329921875 0.808478484375 0.1029969265625 0.7649974390625001 0.1725665984375 0.9088498968750001 0.3324026640625 0.9523309421875 0.2628329921875
1 0.4546875 0.0125 0.3203125 0.0125 0.3203125 0.21875 0.4546875 0.21875 0.4546875 0.0125
1 0.6046875 0.14375 0.4484375 0.14375 0.4484375 0.3046875 0.6046875 0.3046875 0.6046875 0.14375
1 0.40625 0.4125 0.2578125 0.4125 0.2578125 0.58125 0.40625 0.58125 0.40625 0.4125
1 0.475680859375 0.2517540125 0.34255266875 0.2226549546875 0.31843431093749996 0.4188176078125 0.4515625 0.4479166671875 0.475680859375 0.2517540125
1 0.7109375 0 0.708202325 0.007769482812500001 0.8323485500000001 0.0854664390625 0.8438289250000001 0.0528555171875 0.759375 0 0.7109375 0