1 0.5458333328125 0.396875 0.5458333328125 0.5171875 0.7145833328125 0.5171875 0.7145833328125 0.396875 0.5458333328125 0.396875
1 0.425 0.3140625 0.425 0.4296875 0.50625 0.4296875 0.50625 0.3140625 0.425 0.3140625
1 0.21458333281250003 0.5015625 0.21458333281250003 0.5796875 0.3458333328125 0.5796875 0.3458333328125 0.5015625 0.21458333281250003 0.5015625
1 0.6625 0.5171875 0.6625 0.6546875 0.78125 0.6546875 0.78125 0.5171875 0.6625 0.5171875
1 0.3958333328125 0.475 0.3958333328125 0.5671875 0.50625 0.5671875 0.50625 0.475 0.3958333328125 0.475
1 0.3541666671875 0.328125 0.3541666671875 0.4625 0.425 0.4625 0.425 0.328125 0.3541666671875 0.328125
1 0.5 0.746875 0.5 0.8328125 0.6791666671875001 0.8328125 0.6791666671875001 0.746875 0.5 0.746875
1 0.40208333281249997 0.68125 0.40208333281249997 0.834375 0.49375 0.834375 0.49375 0.68125 0.40208333281249997 0.68125
1 0.70625 0.30625 0.70625 0.35625 0.85625 0.35625 0.85625 0.30625 0.70625 0.30625
1 0.0020403234375 0.9990350093749999 0.00173018125 0.9991420609375 0.0018409484375 0.9992435984375 0.0021510890625 0.9991365468750001 0.0020403234375 0.9990350093749999
1 0.8195277937500001 0.3498909046875 0.7354719671875001 0.490808028125 0.8105272640625 0.5159910562500001 0.89458309375 0.3750739328125 0.8195277937500001 0.3498909046875
1 0.6735868984375 0.24862944687500002 0.583137375 0.3760810484375 0.6434919578125 0.400174209375 0.7339414828125 0.2727226078125 0.6735868984375 0.24862944687500002
1 0.4509615375 0.23641826875 0.438108975 0.31353365312500003 0.5652884625000001 0.32545673124999996 0.5781410250000001 0.24834134687499998 0.4509615375 0.23641826875
1 0.5104290312499999 0.420502596875 0.45582962499999996 0.44353672031249997 0.5424023250000001 0.5589669875000001 0.59700173125 0.5359328640625 0.5104290312499999 0.420502596875
1 0.51703158125 0.5881319671874999 0.4684315296875 0.7120621015624999 0.6023155515624999 0.7415953421875 0.6509156046875 0.61766520625 0.51703158125 0.5881319671874999
1 0.2662617453125 0.3801024671875 0.22627658281250002 0.48720558281250004 0.32936139999999997 0.50885339375 0.3693465625 0.401750278125 0.2662617453125 0.3801024671875
1 0.754146175 0.6676690578125 0.6534426234375 0.6972233609375 0.7159631140625 0.817054303125 0.8166666671874999 0.7875 0.754146175 0.6676690578125