1 0.24375 0.4458333328125 0.1 0.4458333328125 0.1 0.5833333328125 0.24375 0.5833333328125 0.24375 0.4458333328125
1 0.2421875 0.61875 0.125 0.61875 0.125 0.7875 0.2421875 0.7875 0.2421875 0.61875
1 0.240625 0.1770833328125 0.0625 0.1770833328125 0.0625 0.23541666718749998 0.240625 0.23541666718749998 0.240625 0.1770833328125
1 0.1640625 0.6708333328125 0.0296875 0.6708333328125 0.0296875 0.9979166671874999 0.1640625 0.9979166671874999 0.1640625 0.6708333328125
1 0.3734375 0.4458333328125 0.265625 0.4458333328125 0.265625 0.58125 0.3734375 0.58125 0.3734375 0.4458333328125
1 0.308206709375 0.38473815 0.205619265625 0.3110856265625 0.1740610671875 0.3892297390625 0.276648509375 0.4628822625 0.308206709375 0.38473815
1 0.37799831093749997 0.2718468453125 0.23585304062499998 0.24025900781249998 0.22863175624999998 0.29802927968750004 0.3707770265625 0.32961711718750003 0.37799831093749997 0.2718468453125
1 0.28295338124999997 0.11668374374999999 0.1354508203125 0.0988046453125 0.130852971875 0.16623975468750002 0.2783555328125 0.18411885156250002 0.28295338124999997 0.11668374374999999
1 0 0.5000000015625 0.0006375765625 0.5071408609375 0.1447631359375 0.48426378750000004 0.13703797499999998 0.3977419875 0 0.41949404843749993 0 0.5000000015625
1 0.42536994375 0.5343681828125 0.39493605 0.35401918593750004 0.3416567515625 0.370002975 0.3720906453125 0.5503519734375 0.42536994375 0.5343681828125
1 0.351865809375 0.7489093140625 0.2201930140625 0.7354044125 0.20996323593750002 0.9127205875 0.3416360296875 0.9262254890625 0.351865809375 0.7489093140625
1 0 0.88125 0.0391487171875 0.8857498515625 0.052023549999999995 0.6866190859375 0.00378291875 0.6810741859375 0 0.7395833265625 0 0.88125