1 0.440625 0.5041666671875 0.31875 0.5041666671875 0.31875 0.6333333328124999 0.440625 0.6333333328124999 0.440625 0.5041666671875
1 0.653125 0.5041666671875 0.5609375 0.5041666671875 0.5609375 0.6645833328124999 0.653125 0.6645833328124999 0.653125 0.5041666671875
1 0.6234375 0.7291666671875 0.496875 0.7291666671875 0.496875 0.8375 0.6234375 0.8375 0.6234375 0.7291666671875
1 0.5359375 0.5541666671875001 0.40625 0.5541666671875001 0.40625 0.6666666671875 0.5359375 0.6666666671875 0.5359375 0.5541666671875001
1 0.4109375 0.33541666718749996 0.309375 0.33541666718749996 0.309375 0.4895833328125 0.4109375 0.4895833328125 0.4109375 0.33541666718749996
1 0.4625 0.0645833328125 0.3421875 0.0645833328125 0.3421875 0.42291666718750004 0.4625 0.42291666718750004 0.4625 0.0645833328125
1 0.296875 0.5270833328125 0.1890625 0.5270833328125 0.1890625 0.65 0.296875 0.65 0.296875 0.5270833328125
1 0.75625 0.5734375 0.6515625 0.5734375 0.6515625 0.734375 0.75625 0.734375 0.75625 0.5734375
1 0.6984375 0.36875 0.578125 0.36875 0.578125 0.4921875 0.6984375 0.4921875 0.6984375 0.36875
1 0.3983173078125 0.7111778859375 0.3004206734375 0.6241586546875 0.262259615625 0.70048076875 0.36015625 0.7875 0.3983173078125 0.7111778859375
1 0.3359375 0.2234375 0.2078125 0.2234375 0.2078125 0.3890625 0.3359375 0.3890625 0.3359375 0.2234375
1 0.4453125 0.8859375 0.3109375 0.8859375 0.3109375 0.946875 0.4453125 0.946875 0.4453125 0.8859375
1 0.3453125 0.7765625 0.2078125 0.7765625 0.2078125 0.8375 0.3453125 0.8375 0.3453125 0.7765625
1 0.2125 0.5796875 0.1359375 0.5796875 0.1359375 0.759375 0.2125 0.759375 0.2125 0.5796875
1 0.50025828125 0.8523005484375 0.48951417499999994 0.8020729546875 0.342043121875 0.8581534953125001 0.3527872296875 0.9083810890624999 0.50025828125 0.8523005484375
1 0.5842006296875 0.7190919046875 0.5782207328125 0.67723263125 0.4369187640625 0.7131188453124999 0.44289865937500006 0.75497811875 0.5842006296875 0.7190919046875
1 0.528125 0.1859375 0.4625 0.1859375 0.4625 0.4046875 0.528125 0.4046875 0.528125 0.1859375
1 0.5926149765625001 0.48602594374999997 0.5341686328125 0.3457547171875 0.4328125 0.42083333281249996 0.49125884375 0.5611045609375 0.5926149765625001 0.48602594374999997