1 0.2390625 0.7666666671875 0.35 0.7666666671875 0.35 0.5875 0.2390625 0.5875 0.2390625 0.7666666671875
1 0.56875 0.6395833328125 0.6953125 0.6395833328125 0.6953125 0.5041666671875 0.56875 0.5041666671875 0.56875 0.6395833328125
1 0.3484375 0.68125 0.4453125 0.68125 0.4453125 0.5104166671875 0.3484375 0.5104166671875 0.3484375 0.68125
1 0.38125 0.8708333328125001 0.5140625 0.8708333328125001 0.5140625 0.7520833328125 0.38125 0.7520833328125 0.38125 0.8708333328125001
1 0.4703125 0.6770833328125 0.6046875 0.6770833328125 0.6046875 0.5625 0.4703125 0.5625 0.4703125 0.6770833328125
1 0.596875 0.4875 0.7 0.4875 0.7 0.3270833328125 0.596875 0.3270833328125 0.596875 0.4875
1 0.5390625 0.41875 0.6578125 0.41875 0.6578125 0.054166667187499996 0.5390625 0.054166667187499996 0.5390625 0.41875
1 0.7171875 0.6520833328125 0.828125 0.6520833328125 0.828125 0.5229166671875001 0.7171875 0.5229166671875001 0.7171875 0.6520833328125
1 0.3015625 0.5 0.4234375 0.5 0.4234375 0.371875 0.3015625 0.371875 0.3015625 0.5
1 0.5703125 0.9859375 0.7125 0.9859375 0.7125 0.9171875 0.5703125 0.9171875 0.5703125 0.9859375
1 0.671875 0.378125 0.7984375 0.378125 0.7984375 0.209375 0.671875 0.209375 0.671875 0.378125
1 0.6459374999999999 0.7922916671875 0.75671875 0.7184375000000001 0.724375 0.6321875 0.6135937499999999 0.7060416671875 0.6459374999999999 0.7922916671875
1 0.4734375 0.4046875 0.5421875 0.4046875 0.5421875 0.178125 0.4734375 0.178125 0.4734375 0.4046875
1 0.4265625 0.7453125 0.5734375 0.7453125 0.5734375 0.7015625 0.4265625 0.7015625 0.4265625 0.7453125
1 0.671875 0.85625 0.8171875 0.85625 0.8171875 0.7921875 0.671875 0.7921875 0.671875 0.85625
1 0.8078125 0.76875 0.88125 0.76875 0.88125 0.5734375 0.8078125 0.5734375 0.8078125 0.76875
1 0.6661119984375 0.93773781875 0.6772005203125 0.8829796875 0.5227017609375 0.8273601328125 0.5116132390625 0.8821182671875001 0.6661119984375 0.93773781875
1 0.517020984375 0.5693147515625 0.576761753125 0.4182461421875 0.46923984687500003 0.3426549828125 0.40949907812499997 0.49372359374999997 0.517020984375 0.5693147515625