1 0.78125 0.6604166671875 0.9125 0.6604166671875 0.9125 0.48541666718750004 0.78125 0.48541666718750004 0.78125 0.6604166671875
1 0.4140625 0.7791666671875 0.5453125 0.7791666671875 0.5453125 0.6708333328125 0.4140625 0.6708333328125 0.4140625 0.7791666671875
1 0.459375 0.45 0.5578125 0.45 0.5578125 0.26875 0.459375 0.26875 0.459375 0.45
1 0.0878771546875 0.5185344828125 0.2914978453125 0.8239655171875 0.3668534484375 0.7346551734375 0.16323275937499998 0.4292241375 0.0878771546875 0.5185344828125
1 0.25 0.61875 0.3640625 0.61875 0.3640625 0.49375 0.25 0.49375 0.25 0.61875
1 0.49375 0.6479166671875001 0.5671875 0.6479166671875001 0.5671875 0.4458333328125 0.49375 0.4458333328125 0.49375 0.6479166671875001
1 0.4546875 0.6145833328125 0.5015625 0.6145833328125 0.5015625 0.4291666671875 0.4546875 0.4291666671875 0.4546875 0.6145833328125
1 0.3625 0.8791666671874999 0.4171875 0.8791666671874999 0.4171875 0.7166666671875 0.3625 0.7166666671875 0.3625 0.8791666671874999
1 0.5726705296875 0.3995692125 0.5842613531249999 0.5572043984375 0.6610356765625001 0.5471685390625 0.6494448546875 0.3895333515625 0.5726705296875 0.3995692125
1 0.6998383625 0.87133620625 0.72512155625 0.9343609828125 0.8537610390625 0.8426180953125 0.82847784375 0.7795933203125001 0.6998383625 0.87133620625
1 0.6549332859375 0.8034410109375001 0.7348139046875 0.8280196625 0.7565133421875 0.7026451312499999 0.6766327249999999 0.6780664796875 0.6549332859375 0.8034410109375001
1 0.5646961640625 0.8213844874999999 0.6611571781250001 0.9395709562500001 0.6928007421875 0.8936567671875 0.596339728125 0.7754702984375 0.5646961640625 0.8213844874999999
1 0.46156780468749997 0.8338621671875 0.4799938109375 0.8761191390624999 0.564317653125 0.81075181875 0.5458916484375 0.7684948453125 0.46156780468749997 0.8338621671875
1 0.6461763640625 0.6706442546875 0.7615938546875001 0.6737848671875 0.7638927203125 0.52359231875 0.6484752296875 0.52045170625 0.6461763640625 0.6706442546875
1 0.559387965625 0.5791324437500001 0.6009015140625 0.74749294375 0.656493703125 0.7231237640625 0.6149801546875 0.5547632640625 0.559387965625 0.5791324437500001
1 0.3172151546875 0.32763643125 0.3251313609375 0.4859605453125 0.4480226765625 0.4750368734375 0.44010647187499996 0.3167127578125 0.3172151546875 0.32763643125
1 0.1881035765625 0.41996813906249997 0.3168398765625 0.4293307796875 0.320228040625 0.3465090078125 0.1914917390625 0.33714636875 0.1881035765625 0.41996813906249997
1 0.3471780625 0.6134046421875 0.4372263 0.70248461875 0.4860192953125 0.6147986578125 0.3959710578125 0.5257186796875 0.3471780625 0.6134046421875