1 0.8296875 0.5015625 0.8296875 0.3703125 0.725 0.3703125 0.725 0.5015625 0.8296875 0.5015625
1 1 0.1984375 0.8625 0.1984375 0.8625 0.3140625 1 0.3140625 1 0.1984375
1 0.7503676484375 0.673506434375 0.8944393375 0.6086741734375 0.83671875 0.5365234375 0.6926470578125 0.6013556984374999 0.7503676484375 0.673506434375
1 0.9078125 0.365625 0.9078125 0.259375 0.7375 0.259375 0.7375 0.365625 0.9078125 0.365625
1 0.7330051375 0.2996147265625 0.7848244859375 0.19597602812499998 0.6690710625 0.1634203765625 0.6172517125 0.26705907500000003 0.7330051375 0.2996147265625
1 0.4515625 0.5515625 0.4515625 0.4265625 0.278125 0.4265625 0.278125 0.5515625 0.4515625 0.5515625
1 0.7390625 0.5734375 0.7390625 0.4359375 0.63125 0.4359375 0.63125 0.5734375 0.7390625 0.5734375
1 0.696875 0.6796875 0.696875 0.5953125 0.5359375 0.5953125 0.5359375 0.6796875 0.696875 0.6796875
1 0.7625 0.7890625 0.7625 0.6890625 0.5390625 0.6890625 0.5390625 0.7890625 0.7625 0.7890625
1 0.88238985625 0.5129194421875 0.9527791999999999 0.37800653125 0.9084170078125 0.3649871921875 0.8380276640625001 0.499900103125 0.88238985625 0.5129194421875
1 0.8729885062499999 0.7998653015625 0.95481321875 0.646443965625 0.8792923859374999 0.623787715625 0.7974676734374999 0.7772090515625 0.8729885062499999 0.7998653015625
1 0.5921875 0.50625 0.5921875 0.3984375 0.4484375 0.3984375 0.4484375 0.50625 0.5921875 0.50625
1 0.9984375 0.66875 0.9984375 0.5015625 0.975 0.5015625 0.975 0.66875 0.9984375 0.66875
1 0.9984375 0.484375 0.9984375 0.36875 0.9484375 0.36875 0.9484375 0.484375 0.9984375 0.484375
1 0.7375 0.396875 0.7375 0.284375 0.58125 0.284375 0.58125 0.396875 0.7375 0.396875
1 0.5590864437499999 0.407514734375 0.5911141125 0.30182342812499996 0.24830959375 0.243390840625 0.216281925 0.349082146875 0.5590864437499999 0.407514734375
1 0.5289987734375 0.37993207500000004 0.5954192500000001 0.3434818140625 0.47010445 0.21503414375 0.40368397343750007 0.2514844046875 0.5289987734375 0.37993207500000004