1 0.5395833328124999 0.7203125 0.5395833328124999 0.54375 0.23541666718749998 0.54375 0.23541666718749998 0.7203125 0.5395833328124999 0.7203125
1 0.6791666671875001 0.509375 0.6791666671875001 0.3828125 0.5916666671875 0.3828125 0.5916666671875 0.509375 0.6791666671875001 0.509375
1 0.8333333328125001 0.659375 0.8333333328125001 0.5578125 0.69375 0.5578125 0.69375 0.659375 0.8333333328125001 0.659375
1 0.95625 0.54375 0.95625 0.44375 0.8479166671874999 0.44375 0.8479166671874999 0.54375 0.95625 0.54375
1 0.7645833328125 0.5640625 0.7645833328125 0.440625 0.6645833328124999 0.440625 0.6645833328124999 0.5640625 0.7645833328125 0.5640625
1 0.5604166671875 0.565625 0.5604166671875 0.4546875 0.43125 0.4546875 0.43125 0.565625 0.5604166671875 0.565625
1 0.8560534578125001 0.5440153296875 0.810455975 0.424321934375 0.7766116359375 0.4315742921875 0.82220911875 0.5512676890625 0.8560534578125001 0.5440153296875
1 0.6333333328124999 0.3671875 0.6333333328124999 0.2921875 0.4916666671875 0.2921875 0.4916666671875 0.3671875 0.6333333328124999 0.3671875
1 0.9775609749999999 0.3354115859375 0.90445121875 0.21660823125 0.8448678859375001 0.23723323125 0.9179776421874999 0.3560365859375 0.9775609749999999 0.3354115859375
1 0.74272349375 0.7227683218750001 0.6900207890625001 0.6349304828125 0.5956860703125 0.6667684515625 0.6483887734375 0.7546062890624999 0.74272349375 0.7227683218750001
1 0.95856764375 0.645182609375 0.8989914421874999 0.5847302875 0.7772667078125 0.6522081296875 0.8368429109375001 0.7126604515625 0.95856764375 0.645182609375
1 0.6942458859375 0.24615148125 0.66576734375 0.18720090312499998 0.4885486296875 0.2353581625 0.51702716875 0.294308740625 0.6942458859375 0.24615148125
1 0.9267707890624999 0.4206286171875 0.8661527546875 0.279908178125 0.8181213390625001 0.2915465609375 0.8787393734375 0.43226699843749994 0.9267707890624999 0.4206286171875
1 0.7915666984375 0.34175563750000004 0.67568378125 0.293953934375 0.6320057578125 0.353514875 0.747888675 0.401316578125 0.7915666984375 0.34175563750000004
1 0.8331735234375 0.306182821875 0.7555553421875 0.1745693828125 0.6983226359375 0.19355523125000001 0.77594081875 0.32516867031249996 0.8331735234375 0.306182821875
1 0.5723708515625 0.601409078125 0.5093325796875 0.574886878125 0.40896776093750004 0.7090702765625 0.47200603281250003 0.735592478125 0.5723708515625 0.601409078125
1 0.4444914328125 0.44358386406249994 0.28880711875 0.41881590468749996 0.2561548046875 0.5342651578125001 0.41183911875 0.5590331171875 0.4444914328125 0.44358386406249994