1 0.1 0.5541666671875001 0.24375 0.5541666671875001 0.24375 0.4166666671875 0.1 0.4166666671875 0.1 0.5541666671875001
1 0.125 0.38125 0.2421875 0.38125 0.2421875 0.2125 0.125 0.2125 0.125 0.38125
1 0.0625 0.8229166671874999 0.240625 0.8229166671874999 0.240625 0.7645833328125 0.0625 0.7645833328125 0.0625 0.8229166671874999
1 0.0296875 0.3291666671875 0.1640625 0.3291666671875 0.1640625 0.0020833328125000002 0.0296875 0.0020833328125000002 0.0296875 0.3291666671875
1 0.265625 0.5541666671875001 0.3734375 0.5541666671875001 0.3734375 0.41875 0.265625 0.41875 0.265625 0.5541666671875001
1 0.205619265625 0.6889143734375 0.308206709375 0.61526185 0.276648509375 0.5371177375 0.1740610671875 0.6107702609375 0.205619265625 0.6889143734375
1 0.23585304062499998 0.7597409921875 0.37799831093749997 0.7281531546875 0.3707770265625 0.6703828828125 0.22863175624999998 0.7019707203125 0.23585304062499998 0.7597409921875
1 0.1354508203125 0.9011953546875 0.28295338124999997 0.88331625625 0.2783555328125 0.8158811484375 0.130852971875 0.8337602453124999 0.1354508203125 0.9011953546875
1 0 0.5805059515625001 0.13703797499999998 0.6022580125 0.1447631359375 0.5157362125 0.0006375765625 0.4928591390625 0 0.4999999984375 0 0.5805059515625001
1 0.39493605 0.6459808140625001 0.42536994375 0.4656318171875 0.3720906453125 0.4496480265625 0.3416567515625 0.629997025 0.39493605 0.6459808140625001
1 0.2201930140625 0.2645955875 0.351865809375 0.2510906859375 0.3416360296875 0.07377451093750001 0.20996323593750002 0.0872794125 0.2201930140625 0.2645955875
1 0 0.2604166734375 0.00378291875 0.3189258140625 0.052023549999999995 0.3133809140625 0.0391487171875 0.1142501484375 0 0.11875 0 0.2604166734375