1 0.7237753375 0.42183277031250005 0.6071563140625 0.32853755156250003 0.5433309515625 0.3734147609375 0.659949975 0.4667099796875 0.7237753375 0.42183277031250005
1 0.8593331375 0.44414562812499997 0.7406079796875 0.319855228125 0.7069964015625 0.3379151796875 0.8257215609375 0.46220557968750003 0.8593331375 0.44414562812499997
1 0.903125 0.875 0.903125 0.7484375 0.7734375 0.7484375 0.7734375 0.875 0.903125 0.875
1 0.53125 0.81875 0.53125 0.75 0.3734375 0.75 0.3734375 0.81875 0.53125 0.81875
1 0.9010416671874999 0.680859375 0.8471354171875 0.6404296875 0.7059895828125 0.7462890625 0.7598958328125 0.78671875 0.9010416671874999 0.680859375
1 0.9921875 0.640625 0.9921875 0.50625 0.8234375 0.50625 0.8234375 0.640625 0.9921875 0.640625
1 0.3046875 0.4875 0.3046875 0.3578125 0.128125 0.3578125 0.128125 0.4875 0.3046875 0.4875
1 0.53125 0.1984375 0.53125 0.0890625 0.3390625 0.0890625 0.3390625 0.1984375 0.53125 0.1984375
1 0.8375 0.590625 0.8375 0.4765625 0.678125 0.4765625 0.678125 0.590625 0.8375 0.590625
1 0.7375 0.9125 0.7375 0.8203125 0.5671875 0.8203125 0.5671875 0.9125 0.7375 0.9125
1 0.46875 0.50625 0.46875 0.3890625 0.328125 0.3890625 0.328125 0.50625 0.46875 0.50625
1 0.6702859609375 0.4854301515625 0.5206602 0.437991984375 0.4493161578125 0.5645701234375 0.59894191875 0.6120082906250001 0.6702859609375 0.4854301515625
1 0.6859375 0.2828125 0.6859375 0.2015625 0.5390625 0.2015625 0.5390625 0.2828125 0.6859375 0.2828125
1 0.403125 0.9859375 0.403125 0.83125 0.340625 0.83125 0.340625 0.9859375 0.403125 0.9859375
1 0.703125 0.79375 0.703125 0.7046875 0.5453125 0.7046875 0.5453125 0.79375 0.703125 0.79375
1 0.6453125 0.6921875 0.6453125 0.628125 0.4265625 0.628125 0.4265625 0.6921875 0.6453125 0.6921875
1 0.4469991359375 0.5614475390625 0.3129317796875 0.5027930703125 0.1287888609375 0.7395482515625 0.2628562171875 0.7982027203125 0.4469991359375 0.5614475390625
1 0.9032635921875001 0.3037821890625 0.7840933484375 0.1585434546875 0.73213519375 0.1825241421875 0.8513054359375 0.327762875 0.9032635921875001 0.3037821890625