1 0.33125 0.4140625 0.33125 0.534375 0.49583333281249997 0.534375 0.49583333281249997 0.4140625 0.33125 0.4140625
1 0.46666666718750005 0.34375 0.46666666718750005 0.46875 0.5604166671875 0.46875 0.5604166671875 0.34375 0.46666666718750005 0.34375
1 0.5020833328125 0.5421875 0.5020833328125 0.6546875 0.5958333328125 0.6546875 0.5958333328125 0.5421875 0.5020833328125 0.5421875
1 0.0041666671875 0.3625 0.0041666671875 0.5046875 0.1854166671875 0.5046875 0.1854166671875 0.3625 0.0041666671875 0.3625
1 0.0895833328125 0.2484375 0.0895833328125 0.3640625 0.24583333281250003 0.3640625 0.24583333281250003 0.2484375 0.0895833328125 0.2484375
1 0.21458333281250003 0.3640625 0.21458333281250003 0.528125 0.30625 0.528125 0.30625 0.3640625 0.21458333281250003 0.3640625
1 0.1431227734375 0.12292399375 0.1016108609375 0.1988129578125 0.269871975 0.2505856078125 0.3113838875 0.1746966453125 0.1431227734375 0.12292399375
1 0.4515234796875 0.1613451875 0.3994720859375 0.195947534375 0.5267645359375 0.3036565296875 0.5788159296875001 0.26905418281250004 0.4515234796875 0.1613451875
1 0.4217400578125 0.25868913125000004 0.2853001703125 0.28107380000000004 0.31984894375 0.3995267359375 0.45628883125 0.3771420671875 0.4217400578125 0.25868913125000004
1 0.5693021296875 0.4593799890625 0.5217295609375 0.49420990624999994 0.6269073546875 0.575017234375 0.6744799234375 0.5401873187499999 0.5693021296875 0.4593799890625
1 0.6346474359375 0.385865384375 0.5524358984375 0.43382211562500006 0.6334294875 0.5119230765625 0.715641025 0.46396634687500005 0.6346474359375 0.385865384375
1 0.7349686890625 0.43999638750000003 0.6520977828125 0.5277420515625 0.7386295765625001 0.5737120671875 0.82150048125 0.48596640156250004 0.7349686890625 0.43999638750000003
1 0.7752083328125 0.31453125000000004 0.7189583328125 0.32859375 0.7697916671875 0.44296875 0.8260416671874999 0.42890625 0.7752083328125 0.31453125000000004
1 0.5949700734375 0.24238605 0.5694866484375 0.2636222375 0.68965239375 0.344734115625 0.71513581875 0.323497928125 0.5949700734375 0.24238605
1 0.5735610484375 0.29760944375 0.5519082859375 0.3359348359375 0.7079938921875 0.3855383125 0.72964665625 0.3472129203125 0.5735610484375 0.29760944375
1 0.0930395359375 0.514211384375 0.07173813125 0.596754325 0.23705073593749998 0.6207513171875 0.2583521390625 0.538208375 0.0930395359375 0.514211384375