1 0.43125 0.703125 0.43125 0.5984375 0.2625 0.5984375 0.2625 0.703125 0.43125 0.703125
1 0.44166666718750003 0.575 0.44166666718750003 0.45 0.3375 0.45 0.3375 0.575 0.44166666718750003 0.575
1 0.7166666671875 0.8234375 0.7166666671875 0.7125 0.5354166671875 0.7125 0.5354166671875 0.8234375 0.7166666671875 0.8234375
1 0.9708333328125001 0.6296875 0.9708333328125001 0.4890625 0.7729166671875001 0.4890625 0.7729166671875001 0.6296875 0.9708333328125001 0.6296875
1 0.7541666671875 0.5484375 0.7541666671875 0.4265625 0.61875 0.4265625 0.61875 0.5484375 0.7541666671875 0.5484375
1 0.3229166671875 0.5359375 0.3229166671875 0.4296875 0.2541666671875 0.4296875 0.2541666671875 0.5359375 0.3229166671875 0.5359375
1 0.0892511265625 0.5767420140625 0.24847240625000003 0.572399615625 0.2460541171875 0.5225223875 0.08683283750000001 0.5268647859375 0.0892511265625 0.5767420140625
1 0.44806212343749996 0.4716242796875 0.5041054234375 0.43645425 0.38512473593749996 0.3298069265625 0.3290814359375 0.36497695625 0.44806212343749996 0.4716242796875
1 0.46384654375 0.5919016765625 0.6181910562499999 0.5790396343750001 0.6045477640625 0.4869474078125 0.4502032515625 0.49980945156249995 0.46384654375 0.5919016765625
1 0.7789615375000001 0.72908173125 0.8362307687499999 0.607384615625 0.6739679484375001 0.5644326921875 0.61669871875 0.6861298078125 0.7789615375000001 0.72908173125
1 0.47531381250000004 0.8476401140625001 0.55401763125 0.7867081234375 0.43341309843750003 0.6990813921875 0.3547092765625 0.7600133812500001 0.47531381250000004 0.8476401140625001
1 0.1732224765625 0.9393061921875001 0.28694571875 0.9137184640625 0.2344227828125 0.7824111234375 0.12069954218750001 0.8079988531250001 0.1732224765625 0.9393061921875001
1 0.2892069015625 0.83262674375 0.3962634125 0.7653547484375001 0.2940942421875 0.6738968609375 0.1870377328125 0.7411688578125 0.2892069015625 0.83262674375
1 0.18064876875 0.7332843953125 0.2625838921875 0.69026845625 0.1818372484375 0.6037541953125001 0.099902125 0.646770134375 0.18064876875 0.7332843953125
1 0.0352524359375 0.729306909375 0.10146977500000001 0.721910290625 0.0731620890625 0.5793608828125001 0.0069447515625 0.5867575015625001 0.0352524359375 0.729306909375
1 0.9375 0.446875 0.9375 0.3265625 0.48541666718750004 0.3265625 0.48541666718750004 0.446875 0.9375 0.446875
1 0.5537112953125 0.73451791875 0.5893937609375001 0.696702265625 0.4127391828125 0.6029394515625001 0.37705672031250004 0.64075510625 0.5537112953125 0.73451791875
1 0.6076988078125 0.70593379375 0.6349541000000001 0.6827925078125 0.4829608109375 0.582096953125 0.45570551875 0.6052382390625 0.6076988078125 0.70593379375