1 0.3984375 0.56875 0.5109375 0.56875 0.5109375 0.45208333281249996 0.3984375 0.45208333281249996 0.3984375 0.56875
1 0.3046875 0.8145833328125001 0.4109375 0.8145833328125001 0.4109375 0.7020833328125 0.3046875 0.7020833328125 0.3046875 0.8145833328125001
1 0.459375 0.8479166671874999 0.5359375 0.8479166671874999 0.5359375 0.7083333328125 0.459375 0.7083333328125 0.459375 0.8479166671874999
1 0.3796875 0.6979166671875 0.4921875 0.6979166671875 0.4921875 0.54375 0.3796875 0.54375 0.3796875 0.6979166671875
1 0.290625 0.475 0.4125 0.475 0.4125 0.34375 0.290625 0.34375 0.290625 0.475
1 0.08125 0.5 0.3421875 0.5 0.3421875 0.2708333328125 0.08125 0.2708333328125 0.08125 0.5
1 0.55 0.7270833328124999 0.653125 0.7270833328124999 0.653125 0.575 0.55 0.575 0.55 0.7270833328124999
1 0.4328125 0.7729166671875001 0.5234375 0.7729166671875001 0.5234375 0.6229166671875 0.4328125 0.6229166671875 0.4328125 0.7729166671875001
1 0.6171875 0.7041666671875 0.7046875 0.7041666671875 0.7046875 0.5604166671875 0.6171875 0.5604166671875 0.6171875 0.7041666671875
1 0.515585190625 0.4327362 0.55427256875 0.4281510296875 0.5453125 0.29375 0.506625121875 0.2983351703125 0.515585190625 0.4327362
1 0.50625 0.43333333281249997 0.553125 0.43333333281249997 0.553125 0.2916666671875 0.50625 0.2916666671875 0.50625 0.43333333281249997
1 0.650773190625 0.7166426078125 0.7083456140625 0.5677484109375001 0.6674622984374999 0.5396449171875 0.609889875 0.6885391140625 0.650773190625 0.7166426078125
1 0.2984375 0.940625 0.421875 0.940625 0.421875 0.8234375 0.2984375 0.8234375 0.2984375 0.940625
1 0.4515625 0.7796875 0.5262019234374999 0.6304086546875001 0.5029447109375 0.6097355765625 0.4283052890625 0.7590144234375 0.4515625 0.7796875
1 0.24767543125000002 0.8375568953125001 0.31187543125 0.7011318953125001 0.2378155171875 0.639173275 0.17361551718749998 0.775598275 0.24767543125000002 0.8375568953125001
1 0.5609375 0.371875 0.6640625 0.371875 0.6640625 0.240625 0.5609375 0.240625 0.5609375 0.371875
1 0.2625 0.3296875 0.390625 0.3296875 0.390625 0.1578125 0.2625 0.1578125 0.2625 0.3296875
1 0.6329326921875 0.5741987187500001 0.6984615390625 0.42129807656249996 0.6612740390625 0.39296474375 0.5957451921875 0.5458653859375 0.6329326921875 0.5741987187500001
1 0.13125 0.571875 0.303125 0.571875 0.303125 0.4890625 0.13125 0.4890625 0.13125 0.571875
1 0.53125 0.5609375 0.5921875 0.5609375 0.5921875 0.4328125 0.53125 0.4328125 0.53125 0.5609375
1 0.5515625 0.7234375 0.6515625 0.7234375 0.6515625 0.5765625 0.5515625 0.5765625 0.5515625 0.7234375
1 0.31066399843750003 0.7188377890625001 0.39881229687499997 0.6198642624999999 0.3296875 0.5104166671875 0.24153920156250003 0.60939019375 0.31066399843750003 0.7188377890625001