1 0.5109375 0.43125 0.3984375 0.43125 0.3984375 0.5479166671875 0.5109375 0.5479166671875 0.5109375 0.43125
1 0.4109375 0.1854166671875 0.3046875 0.1854166671875 0.3046875 0.2979166671875 0.4109375 0.2979166671875 0.4109375 0.1854166671875
1 0.5359375 0.1520833328125 0.459375 0.1520833328125 0.459375 0.2916666671875 0.5359375 0.2916666671875 0.5359375 0.1520833328125
1 0.4921875 0.3020833328125 0.3796875 0.3020833328125 0.3796875 0.45625 0.4921875 0.45625 0.4921875 0.3020833328125
1 0.4125 0.525 0.290625 0.525 0.290625 0.65625 0.4125 0.65625 0.4125 0.525
1 0.3421875 0.5 0.08125 0.5 0.08125 0.7291666671875 0.3421875 0.7291666671875 0.3421875 0.5
1 0.653125 0.27291666718749996 0.55 0.27291666718749996 0.55 0.425 0.653125 0.425 0.653125 0.27291666718749996
1 0.5234375 0.2270833328125 0.4328125 0.2270833328125 0.4328125 0.3770833328125 0.5234375 0.3770833328125 0.5234375 0.2270833328125
1 0.7046875 0.2958333328125 0.6171875 0.2958333328125 0.6171875 0.43958333281249995 0.7046875 0.43958333281249995 0.7046875 0.2958333328125
1 0.55427256875 0.5718489703125 0.515585190625 0.5672638 0.506625121875 0.7016648296875 0.5453125 0.70625 0.55427256875 0.5718489703125
1 0.553125 0.5666666671875 0.50625 0.5666666671875 0.50625 0.7083333328125 0.553125 0.7083333328125 0.553125 0.5666666671875
1 0.7083456140625 0.43225158906249994 0.650773190625 0.2833573921875 0.609889875 0.3114608859375 0.6674622984374999 0.4603550828125 0.7083456140625 0.43225158906249994
1 0.421875 0.059375 0.2984375 0.059375 0.2984375 0.1765625 0.421875 0.1765625 0.421875 0.059375
1 0.5262019234374999 0.36959134531250004 0.4515625 0.2203125 0.4283052890625 0.24098557656250003 0.5029447109375 0.3902644234375 0.5262019234374999 0.36959134531250004
1 0.31187543125 0.2988681046875 0.24767543125000002 0.1624431046875 0.17361551718749998 0.22440172500000002 0.2378155171875 0.360826725 0.31187543125 0.2988681046875
1 0.6640625 0.628125 0.5609375 0.628125 0.5609375 0.759375 0.6640625 0.759375 0.6640625 0.628125
1 0.390625 0.6703125 0.2625 0.6703125 0.2625 0.8421875 0.390625 0.8421875 0.390625 0.6703125
1 0.6984615390625 0.5787019234375 0.6329326921875 0.42580128124999994 0.5957451921875 0.45413461406250005 0.6612740390625 0.60703525625 0.6984615390625 0.5787019234375
1 0.303125 0.428125 0.13125 0.428125 0.13125 0.5109375 0.303125 0.5109375 0.303125 0.428125
1 0.5921875 0.4390625 0.53125 0.4390625 0.53125 0.5671875 0.5921875 0.5671875 0.5921875 0.4390625
1 0.6515625 0.2765625 0.5515625 0.2765625 0.5515625 0.4234375 0.6515625 0.4234375 0.6515625 0.2765625
1 0.39881229687499997 0.38013573749999996 0.31066399843750003 0.2811622109375 0.24153920156250003 0.39060980624999997 0.3296875 0.4895833328125 0.39881229687499997 0.38013573749999996