1 0.4515625 0.46666666718750005 0.2796875 0.46666666718750005 0.2796875 0.7645833328125 0.4515625 0.7645833328125 0.4515625 0.46666666718750005
1 0.8 0.3229166671875 0.7078125 0.3229166671875 0.7078125 0.5041666671875 0.8 0.5041666671875 0.8 0.3229166671875
1 0.609375 0.3291666671875 0.4859375 0.3291666671875 0.4859375 0.4145833328125 0.609375 0.4145833328125 0.609375 0.3291666671875
1 0.4375 0.1895833328125 0.3390625 0.1895833328125 0.3390625 0.3229166671875 0.4375 0.3229166671875 0.4375 0.1895833328125
1 0.546875 0.07083333281250001 0.45 0.07083333281250001 0.45 0.16875 0.546875 0.16875 0.546875 0.07083333281250001
1 0.5515625 0.2520833328125 0.4328125 0.2520833328125 0.4328125 0.34375 0.5515625 0.34375 0.5515625 0.2520833328125
1 0.8114707921875001 0.2445079140625 0.6828097109375 0.17448827656250002 0.6655279359375 0.23094207500000002 0.7941890171875 0.3009617109375 0.8114707921875001 0.2445079140625
1 0.540625 0.44375 0.43125 0.44375 0.43125 0.56875 0.540625 0.56875 0.540625 0.44375
1 0.7069083203125001 0.14319320468750002 0.56847625 0.0933869578125 0.55910015 0.1397159265625 0.6975322187499999 0.1895221734375 0.7069083203125001 0.14319320468750002
1 0.7 0.36666666718749996 0.625 0.36666666718749996 0.625 0.5041666671875 0.7 0.5041666671875 0.7 0.36666666718749996
1 0.4126400859375 0.4656752875 0.374331896875 0.42027298750000003 0.273125 0.5720833328125 0.3114331890625 0.61748563125 0.4126400859375 0.4656752875
1 0.3617086375 0.32600942499999996 0.2759434796875 0.27909514999999996 0.2475247953125 0.3714558703125 0.3332899546875 0.4183701453125 0.3617086375 0.32600942499999996
1 0.4540393015625 0.3283569875 0.3556836796875 0.31087154375 0.3421465609375 0.44624272343750004 0.44050218281250003 0.4637281671875 0.4540393015625 0.3283569875
1 0.415625 0.1458333328125 0.3723236390625 0.0752681515625 0.284344059375 0.171245875 0.3276454203125 0.24181105625 0.415625 0.1458333328125
1 0.5643687500000001 0.22047500000000003 0.45230367656250003 0.164136275 0.4436617640625 0.1946960796875 0.5557268375 0.2510348046875 0.5643687500000001 0.22047500000000003
1 0.6957050312499999 0.3242937 0.6451067078125 0.2200304875 0.5879649390624999 0.26932926875 0.6385632625000001 0.3735924796875 0.6957050312499999 0.3242937
1 0.7678809171875 0.10430226875 0.6502357625 0.0397127703125 0.631855584375 0.09922953749999999 0.7495007390625 0.16381903281250002 0.7678809171875 0.10430226875
1 0.580706896875 0.6993936796875 0.550594828125 0.5502672421875 0.4360603453125 0.5913821828125 0.4661724140625 0.7405086203125 0.580706896875 0.6993936796875