1 0.7109375 0.3895833328125 0.5875 0.3895833328125 0.5875 0.5208333328125 0.7109375 0.5208333328125 0.7109375 0.3895833328125
1 0.4703125 0.31875 0.3703125 0.31875 0.3703125 0.49375 0.4703125 0.49375 0.4703125 0.31875
1 0.54375 0.1354166671875 0.415625 0.1354166671875 0.415625 0.25625 0.54375 0.25625 0.54375 0.1354166671875
1 0.70625 0.5395833328124999 0.6078125 0.5395833328124999 0.6078125 0.69375 0.70625 0.69375 0.70625 0.5395833328124999
1 0.55625 0.60625 0.478125 0.60625 0.478125 0.83125 0.55625 0.83125 0.55625 0.60625
1 0.6546875 0.6 0.5390625 0.6 0.5390625 0.9583333328125001 0.6546875 0.9583333328125001 0.6546875 0.6
1 0.83125 0.3875 0.73125 0.3875 0.73125 0.5208333328125 0.83125 0.5208333328125 0.83125 0.3875
1 0.440625 0.4984375 0.31875 0.4984375 0.31875 0.6234375 0.440625 0.6234375 0.440625 0.4984375
1 0.378125 0.228125 0.2640625 0.228125 0.2640625 0.403125 0.378125 0.403125 0.378125 0.228125
1 0.7953125 0.6515625 0.675 0.6515625 0.675 0.8171875 0.7953125 0.8171875 0.7953125 0.6515625
1 0.7718379078125001 0.32497218125 0.668647996875 0.24757974843750002 0.6345975515625 0.32829191406249997 0.7377874624999999 0.4056843484375 0.7718379078125001 0.32497218125
1 0.8360896828125 0.19952435 0.6994479499999999 0.1776616734375 0.69333165 0.2456205640625 0.8299733828125 0.2674832421875 0.8360896828125 0.19952435
1 0.703125 0.1328125 0.55 0.1328125 0.55 0.1859375 0.703125 0.1859375 0.703125 0.1328125
1 0.740625 0.0453125 0.60625 0.0453125 0.60625 0.1140625 0.740625 0.1140625 0.740625 0.0453125
1 0.8828125 0.290625 0.815625 0.290625 0.815625 0.478125 0.8828125 0.478125 0.8828125 0.290625
1 0.6 0.26875 0.4546875 0.26875 0.4546875 0.3046875 0.6 0.3046875 0.6 0.26875
1 0.6234375 0.3515625 0.496875 0.3515625 0.496875 0.4484375 0.6234375 0.4484375 0.6234375 0.3515625
1 0.5875 0.6020833328124999 0.5351804125 0.4451245703125 0.429204253125 0.5079252578125 0.481523840625 0.6648840203125 0.5875 0.6020833328124999