1 0.5875 0.68125 0.315625 0.68125 0.315625 0.8333333328125001 0.5875 0.8333333328125001 0.5875 0.68125
1 0.25 0.6479166671875001 0.146875 0.6479166671875001 0.146875 0.7979166671875 0.25 0.7979166671875 0.25 0.6479166671875001
1 0.246875 0.3416666671875 0.1078125 0.3416666671875 0.1078125 0.46875 0.246875 0.46875 0.246875 0.3416666671875
1 0.2046875 0.5041666671875 0.1171875 0.5041666671875 0.1171875 0.6875 0.2046875 0.6875 0.2046875 0.5041666671875
1 0.3828125 0.7083333328125 0.2609375 0.7083333328125 0.2609375 0.8354166671875 0.3828125 0.8354166671875 0.3828125 0.7083333328125
1 0.09375 0.4270833328125 0.0609375 0.4270833328125 0.0609375 0.6291666671875 0.09375 0.6291666671875 0.09375 0.4270833328125
1 0.45625 0.8140625 0.334375 0.8140625 0.334375 0.9625 0.45625 0.9625 0.45625 0.8140625
1 0.05 0.346875 0.0015625 0.346875 0.0015625 0.5375 0.05 0.5375 0.05 0.346875
1 0.2596742203125 0.28480612656250004 0.256248671875 0.47663686250000004 0.3617134390625 0.47998494999999997 0.3651389875 0.2881542140625 0.2596742203125 0.28480612656250004
1 0.1828125 0.1578125 0.0328125 0.1578125 0.0328125 0.328125 0.1828125 0.328125 0.1828125 0.1578125
1 0.0921875 0.4296875 0.059375 0.4296875 0.059375 0.6296875 0.0921875 0.6296875 0.0921875 0.4296875
1 0.0390625 0.7328125 0.0015625 0.7328125 0.0015625 0.90625 0.0390625 0.90625 0.0390625 0.7328125
1 0.503125 0.5671875 0.33125 0.5671875 0.33125 0.6578125 0.503125 0.6578125 0.503125 0.5671875
1 0.08263221093749999 0.6746394234374999 0.0274639421875 0.7236778859374999 0.0972956734375 0.8633413453125 0.15246394218749998 0.8143028859375001 0.08263221093749999 0.6746394234374999
1 0.2627173390625 0.4494933796875 0.1994985359375 0.5795434875 0.3171875 0.68125 0.380406303125 0.5511998921875 0.2627173390625 0.4494933796875
1 0.1705265625 0.8141398640625 0.1401849828125 0.8429254640625 0.20398738593750002 0.9624831203124999 0.234328965625 0.9336975203125 0.1705265625 0.8141398640625
1 0.19012784062500002 1 0.20246540781250003 0.9482997187500001 0.069737921875 0.8919910874999999 0.056892003125 0.94582160625 0.184598215625 1 0.19012784062500002 1