1 0.7645833328125 0.7203125 0.7645833328125 0.54375 0.4604166671875 0.54375 0.4604166671875 0.7203125 0.7645833328125 0.7203125
1 0.40833333281249995 0.509375 0.40833333281249995 0.3828125 0.32083333281250004 0.3828125 0.32083333281250004 0.509375 0.40833333281249995 0.509375
1 0.30625 0.659375 0.30625 0.5578125 0.1666666671875 0.5578125 0.1666666671875 0.659375 0.30625 0.659375
1 0.1520833328125 0.54375 0.1520833328125 0.44375 0.04375 0.44375 0.04375 0.54375 0.1520833328125 0.54375
1 0.33541666718749996 0.5640625 0.33541666718749996 0.440625 0.23541666718749998 0.440625 0.23541666718749998 0.5640625 0.33541666718749996 0.5640625
1 0.56875 0.565625 0.56875 0.4546875 0.43958333281249995 0.4546875 0.43958333281249995 0.565625 0.56875 0.565625
1 0.17779088125 0.5512676890625 0.2233883640625 0.4315742921875 0.189544025 0.424321934375 0.1439465421875 0.5440153296875 0.17779088125 0.5512676890625
1 0.5083333328124999 0.3671875 0.5083333328124999 0.2921875 0.36666666718749996 0.2921875 0.36666666718749996 0.3671875 0.5083333328124999 0.3671875
1 0.0820223578125 0.3560365859375 0.1551321140625 0.23723323125 0.09554878125 0.21660823125 0.022439025 0.3354115859375 0.0820223578125 0.3560365859375
1 0.3516112265625 0.7546062890624999 0.4043139296875 0.6667684515625 0.3099792109375 0.6349304828125 0.25727650625 0.7227683218750001 0.3516112265625 0.7546062890624999
1 0.16315708906249998 0.7126604515625 0.2227332921875 0.6522081296875 0.1010085578125 0.5847302875 0.04143235625 0.645182609375 0.16315708906249998 0.7126604515625
1 0.48297283125 0.294308740625 0.5114513703125 0.2353581625 0.33423265625 0.18720090312499998 0.3057541140625 0.24615148125 0.48297283125 0.294308740625
1 0.1212606265625 0.43226699843749994 0.1818786609375 0.2915465609375 0.1338472453125 0.279908178125 0.0732292109375 0.4206286171875 0.1212606265625 0.43226699843749994
1 0.252111325 0.401316578125 0.3679942421875 0.353514875 0.32431621875 0.293953934375 0.2084333015625 0.34175563750000004 0.252111325 0.401316578125
1 0.22405918125 0.32516867031249996 0.3016773640625 0.19355523125000001 0.2444446578125 0.1745693828125 0.1668264765625 0.306182821875 0.22405918125 0.32516867031249996
1 0.5279939671875 0.735592478125 0.5910322390625 0.7090702765625 0.4906674203125 0.574886878125 0.4276291484375 0.601409078125 0.5279939671875 0.735592478125
1 0.58816088125 0.5590331171875 0.7438451953125 0.5342651578125001 0.71119288125 0.41881590468749996 0.5555085671875 0.44358386406249994 0.58816088125 0.5590331171875