1 0.7541666671875 0.6875 0.7541666671875 0.478125 0.48125 0.478125 0.48125 0.6875 0.7541666671875 0.6875
1 0.46875 0.43125 0.46875 0.3078125 0.3791666671875 0.3078125 0.3791666671875 0.43125 0.46875 0.43125
1 0.2 0.425 0.2 0.33125 0.0666666671875 0.33125 0.0666666671875 0.425 0.2 0.425
1 0.3916666671875 0.475 0.3916666671875 0.35 0.25625 0.35 0.25625 0.475 0.3916666671875 0.475
1 0.6083333328125 0.5078125 0.6083333328125 0.3921875 0.48125 0.3921875 0.48125 0.5078125 0.6083333328125 0.5078125
1 0.2833333328125 0.3140625 0.2833333328125 0.184375 0.15625 0.184375 0.15625 0.3140625 0.2833333328125 0.3140625
1 0.48316536875000005 0.3015855953125 0.6208635671875 0.2826520921875 0.6108186640625 0.241559309375 0.4731204640625 0.2604928109375 0.48316536875000005 0.3015855953125
1 0.6145833328125 0.296875 0.6145833328125 0.2421875 0.47291666718750003 0.2421875 0.47291666718750003 0.296875 0.6145833328125 0.296875
1 0.2890625 0.5625 0.2890625 0.45625 0.1609375 0.45625 0.1609375 0.5625 0.2890625 0.5625
1 0.6515625 0.228125 0.6515625 0.128125 0.4921875 0.128125 0.4921875 0.228125 0.6515625 0.228125
1 0.1895625 0.4448125 0.299375 0.335 0.27137500000000003 0.31925 0.1615625 0.4290625 0.1895625 0.4448125
1 0.1625 0.5953125 0.1625 0.4734375 0.0296875 0.4734375 0.0296875 0.5953125 0.1625 0.5953125
1 0.18275 0.24537499999999998 0.290875 0.13725 0.242875 0.11025 0.13474999999999998 0.21837499999999999 0.18275 0.24537499999999998
1 0.3357783265625 0.2373148390625 0.46316593125 0.13540475624999998 0.4195068875 0.104706990625 0.2921192828125 0.2066170734375 0.3357783265625 0.2373148390625
1 0.2759851484375 0.6799863859374999 0.37318811875 0.6006516093750001 0.29357095625 0.5457803218749999 0.1963679875 0.6251150984375 0.2759851484375 0.6799863859374999
1 0.27396374843750004 0.6833290015625 0.3757211546875 0.6019230765625 0.2944321734375 0.5447667625 0.1926747671875 0.6261726875 0.27396374843750004 0.6833290015625
1 0.7765625 0.5015625 0.7765625 0.3859375 0.6140625 0.3859375 0.6140625 0.5015625 0.7765625 0.5015625
1 0.5515625 0.6703125 0.5515625 0.5234375 0.4328125 0.5234375 0.4328125 0.6703125 0.5515625 0.6703125
1 0.4625 0.2984375 0.4625 0.2265625 0.334375 0.2265625 0.334375 0.2984375 0.4625 0.2984375
1 0.2828125 0.3125 0.2828125 0.184375 0.159375 0.184375 0.159375 0.3125 0.2828125 0.3125
1 0.4254386484375 0.5922641421875 0.4730439234375 0.48753253750000003 0.33827992500000004 0.45307583281249997 0.29067465000000003 0.5578074390625 0.4254386484375 0.5922641421875