1 0.4796875 0.6145833328125 0.2171875 0.6145833328125 0.2171875 0.7958333328125 0.4796875 0.7958333328125 0.4796875 0.6145833328125
1 0.3359375 0.1208333328125 0.2125 0.1208333328125 0.2125 0.2166666671875 0.3359375 0.2166666671875 0.3359375 0.1208333328125
1 0.2375 0.23541666718749998 0.15 0.23541666718749998 0.15 0.3854166671875 0.2375 0.3854166671875 0.2375 0.23541666718749998
1 0.6109375 0.5541666671875001 0.49375 0.5541666671875001 0.49375 0.6854166671875 0.6109375 0.6854166671875 0.6109375 0.5541666671875001
1 0.8418717609374999 0.338816925 0.7139248703125001 0.2393026765625 0.6974336140624999 0.2769969765625 0.8253805046875 0.3765112265625 0.8418717609374999 0.338816925
1 0.83125 0.24375 0.703125 0.24375 0.703125 0.3708333328125 0.83125 0.3708333328125 0.83125 0.24375
1 0.2703125 0.42291666718750004 0.2203125 0.42291666718750004 0.2203125 0.5666666671875 0.2703125 0.5666666671875 0.2703125 0.42291666718750004
1 0.40625 0.35625 0.340625 0.35625 0.340625 0.55 0.40625 0.55 0.40625 0.35625
1 0.65054330625 0.8013166249999999 0.5668186859375 0.67250951875 0.4758645296875 0.7776120984375 0.55958915 0.9064192046875 0.65054330625 0.8013166249999999
1 0.19614141093749998 0.5295776234375 0.0380689828125 0.49093769531250003 0.0287893046875 0.558426275 0.18686173125 0.5970662 0.19614141093749998 0.5295776234375
1 0.35377750625000004 0.3056611640625 0.27509092343749997 0.2715026484375 0.24284000625000002 0.40357783124999996 0.3215265890625 0.4377363484375 0.35377750625000004 0.3056611640625
1 0.5651861828125 0.30138975 0.53573795 0.22129055625 0.4483435375 0.2784110875 0.47779177031250003 0.35851028125 0.5651861828125 0.30138975
1 0.5676336937500001 0.5111806296875 0.5444793859375 0.3788703015625 0.4330956921875 0.41352300625 0.45625 0.5458333328125 0.5676336937500001 0.5111806296875
1 0.6778853812500001 0.4614257515625 0.60293188125 0.3483380140625 0.5631661859375 0.39519371875 0.6381196859375 0.50828145625 0.6778853812500001 0.4614257515625
1 0.795914446875 0.5265881140625 0.7593519468750001 0.40200478124999994 0.6998488734375 0.4330498625 0.7364113734375 0.5576331953125 0.795914446875 0.5265881140625
1 0.695306990625 0.36016936093749996 0.5994940625 0.2397890140625 0.581961925 0.2645963921875 0.6777748531250001 0.3849767375 0.695306990625 0.36016936093749996
1 0.553125 0.1666666671875 0.490625 0.08333333281250001 0.41796875 0.18020833281249998 0.48046875 0.2635416671875 0.553125 0.1666666671875
1 0.4256579140625 0.20376134218750003 0.401005546875 0.14798224843750002 0.2902481515625 0.2350059171875 0.3149005171875 0.2907850109375 0.4256579140625 0.20376134218750003
1 0.8846885890625 0.58484283125 0.8322963203124999 0.54268813125 0.7652865546875 0.6907478015625 0.817678825 0.7329025015624999 0.8846885890625 0.58484283125