1 0.31875 0.5875 0.31875 0.315625 0.1666666671875 0.315625 0.1666666671875 0.5875 0.31875 0.5875
1 0.35208333281250004 0.25 0.35208333281250004 0.146875 0.20208333281250002 0.146875 0.20208333281250002 0.25 0.35208333281250004 0.25
1 0.6583333328125 0.246875 0.6583333328125 0.1078125 0.53125 0.1078125 0.53125 0.246875 0.6583333328125 0.246875
1 0.49583333281249997 0.2046875 0.49583333281249997 0.1171875 0.3125 0.1171875 0.3125 0.2046875 0.49583333281249997 0.2046875
1 0.2916666671875 0.3828125 0.2916666671875 0.2609375 0.16458333281249998 0.2609375 0.16458333281249998 0.3828125 0.2916666671875 0.3828125
1 0.5729166671875 0.09375 0.5729166671875 0.0609375 0.3708333328125 0.0609375 0.3708333328125 0.09375 0.5729166671875 0.09375
1 0.1859375 0.45625 0.1859375 0.334375 0.0375 0.334375 0.0375 0.45625 0.1859375 0.45625
1 0.653125 0.05 0.653125 0.0015625 0.4625 0.0015625 0.4625 0.05 0.653125 0.05
1 0.7151938734375001 0.2596742203125 0.5233631375 0.256248671875 0.52001505 0.3617134390625 0.7118457859375 0.3651389875 0.7151938734375001 0.2596742203125
1 0.8421875 0.1828125 0.8421875 0.0328125 0.671875 0.0328125 0.671875 0.1828125 0.8421875 0.1828125
1 0.5703125 0.0921875 0.5703125 0.059375 0.3703125 0.059375 0.3703125 0.0921875 0.5703125 0.0921875
1 0.2671875 0.0390625 0.2671875 0.0015625 0.09375 0.0015625 0.09375 0.0390625 0.2671875 0.0390625
1 0.4328125 0.503125 0.4328125 0.33125 0.3421875 0.33125 0.3421875 0.503125 0.4328125 0.503125
1 0.3253605765625 0.08263221093749999 0.27632211406249996 0.0274639421875 0.1366586546875 0.0972956734375 0.1856971140625 0.15246394218749998 0.3253605765625 0.08263221093749999
1 0.5505066203125 0.2627173390625 0.42045651250000005 0.1994985359375 0.31875 0.3171875 0.4488001078125 0.380406303125 0.5505066203125 0.2627173390625
1 0.1858601359375 0.1705265625 0.1570745359375 0.1401849828125 0.0375168796875 0.20398738593750002 0.0663024796875 0.234328965625 0.1858601359375 0.1705265625
1 0 0.19012784062500002 0.05170028125 0.20246540781250003 0.1080089125 0.069737921875 0.05417839375 0.056892003125 0 0.184598215625 0 0.19012784062500002