1 0.42183277031250005 0.2762246625 0.32853755156250003 0.3928436859375 0.3734147609375 0.4566690484375 0.4667099796875 0.340050025 0.42183277031250005 0.2762246625
1 0.44414562812499997 0.1406668625 0.319855228125 0.2593920203125 0.3379151796875 0.2930035984375 0.46220557968750003 0.1742784390625 0.44414562812499997 0.1406668625
1 0.875 0.096875 0.7484375 0.096875 0.7484375 0.2265625 0.875 0.2265625 0.875 0.096875
1 0.81875 0.46875 0.75 0.46875 0.75 0.6265625 0.81875 0.6265625 0.81875 0.46875
1 0.680859375 0.09895833281250001 0.6404296875 0.15286458281249998 0.7462890625 0.2940104171875 0.78671875 0.2401041671875 0.680859375 0.09895833281250001
1 0.640625 0.0078125 0.50625 0.0078125 0.50625 0.1765625 0.640625 0.1765625 0.640625 0.0078125
1 0.4875 0.6953125 0.3578125 0.6953125 0.3578125 0.871875 0.4875 0.871875 0.4875 0.6953125
1 0.1984375 0.46875 0.0890625 0.46875 0.0890625 0.6609375 0.1984375 0.6609375 0.1984375 0.46875
1 0.590625 0.1625 0.4765625 0.1625 0.4765625 0.321875 0.590625 0.321875 0.590625 0.1625
1 0.9125 0.2625 0.8203125 0.2625 0.8203125 0.4328125 0.9125 0.4328125 0.9125 0.2625
1 0.50625 0.53125 0.3890625 0.53125 0.3890625 0.671875 0.50625 0.671875 0.50625 0.53125
1 0.4854301515625 0.3297140390625 0.437991984375 0.4793398 0.5645701234375 0.5506838421875 0.6120082906250001 0.40105808125 0.4854301515625 0.3297140390625
1 0.2828125 0.3140625 0.2015625 0.3140625 0.2015625 0.4609375 0.2828125 0.4609375 0.2828125 0.3140625
1 0.9859375 0.596875 0.83125 0.596875 0.83125 0.659375 0.9859375 0.659375 0.9859375 0.596875
1 0.79375 0.296875 0.7046875 0.296875 0.7046875 0.4546875 0.79375 0.4546875 0.79375 0.296875
1 0.6921875 0.3546875 0.628125 0.3546875 0.628125 0.5734375 0.6921875 0.5734375 0.6921875 0.3546875
1 0.5614475390625 0.5530008640624999 0.5027930703125 0.6870682203125 0.7395482515625 0.8712111390624999 0.7982027203125 0.7371437828125 0.5614475390625 0.5530008640624999
1 0.3037821890625 0.09673640781250001 0.1585434546875 0.21590665156250002 0.1825241421875 0.26786480625000003 0.327762875 0.14869456406249998 0.3037821890625 0.09673640781250001