1 0.24583333281250003 0.3125 0.24583333281250003 0.521875 0.51875 0.521875 0.51875 0.3125 0.24583333281250003 0.3125
1 0.53125 0.56875 0.53125 0.6921875 0.6208333328125 0.6921875 0.6208333328125 0.56875 0.53125 0.56875
1 0.8 0.575 0.8 0.66875 0.9333333328125001 0.66875 0.9333333328125001 0.575 0.8 0.575
1 0.6083333328125 0.525 0.6083333328125 0.65 0.74375 0.65 0.74375 0.525 0.6083333328125 0.525
1 0.3916666671875 0.4921875 0.3916666671875 0.6078125 0.51875 0.6078125 0.51875 0.4921875 0.3916666671875 0.4921875
1 0.7166666671875 0.6859375 0.7166666671875 0.815625 0.84375 0.815625 0.84375 0.6859375 0.7166666671875 0.6859375
1 0.51683463125 0.6984144046874999 0.3791364328125 0.7173479078125 0.3891813359375 0.758440690625 0.5268795359375 0.7395071890625 0.51683463125 0.6984144046874999
1 0.3854166671875 0.703125 0.3854166671875 0.7578125 0.5270833328125 0.7578125 0.5270833328125 0.703125 0.3854166671875 0.703125
1 0.7109375 0.4375 0.7109375 0.54375 0.8390625 0.54375 0.8390625 0.4375 0.7109375 0.4375
1 0.3484375 0.771875 0.3484375 0.871875 0.5078125 0.871875 0.5078125 0.771875 0.3484375 0.771875
1 0.8104374999999999 0.5551875 0.7006249999999999 0.665 0.728625 0.68075 0.8384375000000001 0.5709375 0.8104374999999999 0.5551875
1 0.8375 0.4046875 0.8375 0.5265625 0.9703125 0.5265625 0.9703125 0.4046875 0.8375 0.4046875
1 0.8172499999999999 0.754625 0.709125 0.8627499999999999 0.757125 0.88975 0.86525 0.781625 0.8172499999999999 0.754625
1 0.6642216734375 0.7626851609374999 0.53683406875 0.86459524375 0.5804931125 0.895293009375 0.7078807171875 0.7933829265625 0.6642216734375 0.7626851609374999
1 0.7240148515625 0.3200136140625 0.62681188125 0.399348390625 0.70642904375 0.454219678125 0.8036320124999999 0.3748849015625 0.7240148515625 0.3200136140625
1 0.7260362515625001 0.3166709984375 0.6242788453125 0.3980769234375 0.7055678265625 0.4552332375 0.8073252328124999 0.3738273125 0.7260362515625001 0.3166709984375
1 0.2234375 0.4984375 0.2234375 0.6140625 0.3859375 0.6140625 0.3859375 0.4984375 0.2234375 0.4984375
1 0.4484375 0.3296875 0.4484375 0.4765625 0.5671875 0.4765625 0.5671875 0.3296875 0.4484375 0.3296875
1 0.5375 0.7015625 0.5375 0.7734375 0.665625 0.7734375 0.665625 0.7015625 0.5375 0.7015625
1 0.7171875 0.6875 0.7171875 0.815625 0.840625 0.815625 0.840625 0.6875 0.7171875 0.6875
1 0.5745613515625 0.4077358578125 0.5269560765625 0.5124674625 0.6617200750000001 0.5469241671875 0.7093253500000001 0.44219256093750003 0.5745613515625 0.4077358578125