1 0.5828125 0.53125 0.3421875 0.53125 0.3421875 0.775 0.5828125 0.775 0.5828125 0.53125
1 0.759375 0.4479166671875 0.640625 0.4479166671875 0.640625 0.5708333328124999 0.759375 0.5708333328124999 0.759375 0.4479166671875
1 0.7953125 0.10625 0.709375 0.10625 0.709375 0.2708333328125 0.7953125 0.2708333328125 0.7953125 0.10625
1 0.7421875 0.3020833328125 0.6203125 0.3020833328125 0.6203125 0.47083333281249995 0.7421875 0.47083333281249995 0.7421875 0.3020833328125
1 0.659375 0.54375 0.5390625 0.54375 0.5390625 0.6791666671875001 0.659375 0.6791666671875001 0.659375 0.54375
1 0.8015625 0.5895833328125 0.75 0.5895833328125 0.75 0.7416666671875001 0.8015625 0.7416666671875001 0.8015625 0.5895833328125
1 0.7826923078125 0.3638221140625 0.701502403125 0.2014423078125 0.67608173125 0.22403846249999998 0.757271634375 0.38641826875 0.7826923078125 0.3638221140625
1 1 0.388671875 0.9187477578125 0.2464804515625 0.877932209375 0.2879438671875 0.9637284796875001 0.4380873390625 1 0.40124008125 1 0.388671875
1 0.6546875 0.175 0.5453125 0.175 0.5453125 0.30625 0.6546875 0.30625 0.6546875 0.175
1 0.9234375 0.65 0.8078125 0.65 0.8078125 0.7953125 0.9234375 0.7953125 0.9234375 0.65
1 0.968589784375 0.5875301390625001 0.8952966375000001 0.42262055781249996 0.8522525375000001 0.45663071093749996 0.9255456859375 0.6215402921875001 0.968589784375 0.5875301390625001
1 0.66875 0.0125 0.5359375 0.0125 0.5359375 0.1625 0.66875 0.1625 0.66875 0.0125
1 0.559875 0.3041875 0.48562500000000003 0.1721875 0.41150000000000003 0.2463125 0.48575 0.3783125 0.559875 0.3041875
1 0.6359375 0.6828125 0.515625 0.6828125 0.515625 0.85 0.6359375 0.85 0.6359375 0.6828125
1 0.8484375 0.4375 0.78125 0.4375 0.78125 0.5859375 0.8484375 0.5859375 0.8484375 0.4375
1 0.515625 0.4640625 0.3828125 0.4640625 0.3828125 0.553125 0.515625 0.553125 0.515625 0.4640625
1 0.6365599546875 0.3865443359375 0.5356077609375001 0.30877375625000003 0.47561030625 0.4472294203125 0.5765625 0.525 0.6365599546875 0.3865443359375
1 0.93984375 0.38229166718749996 0.8296875 0.23541666718749998 0.803125 0.2708333328125 0.91328125 0.41770833281249997 0.93984375 0.38229166718749996