1 0.5109375 0.46875 0.3046875 0.46875 0.3046875 0.75625 0.5109375 0.75625 0.5109375 0.46875
1 0.6859375 0.35625 0.5578125 0.35625 0.5578125 0.44166666718750003 0.6859375 0.44166666718750003 0.6859375 0.35625
1 0.6546875 0.025 0.5546875 0.025 0.5546875 0.1625 0.6546875 0.1625 0.6546875 0.025
1 0.6390625 0.22916666718749998 0.509375 0.22916666718749998 0.509375 0.3645833328125 0.6390625 0.3645833328125 0.6390625 0.22916666718749998
1 0.6 0.4625 0.4828125 0.4625 0.4828125 0.5958333328125 0.6 0.5958333328125 0.6 0.4625
1 0.4640625 0.4166666671875 0.3140625 0.4166666671875 0.3140625 0.55625 0.4640625 0.55625 0.4640625 0.4166666671875
1 0.759375 0.44166666718750003 0.6984375 0.44166666718750003 0.6984375 0.5895833328125 0.759375 0.5895833328125 0.759375 0.44166666718750003
1 0.8765625 0.446875 0.7734375 0.446875 0.7734375 0.61875 0.8765625 0.61875 0.8765625 0.446875
1 0.8889374999999999 0.1889375 0.7765625 0.0765625 0.7461875 0.1305625 0.8585625 0.24293749999999997 0.8889374999999999 0.1889375
1 0.9034039859374999 0.37043104531250004 0.790419103125 0.24332305468749998 0.7593019109375 0.2924959 0.8722867937500001 0.41960389375 0.9034039859374999 0.37043104531250004
1 0.6688662546875 0.2307657859375 0.55201471875 0.1285206921875 0.536157209375 0.16073912031249998 0.6530087453125 0.2629842140625 0.6688662546875 0.2307657859375
1 0.43769163593749993 0.2816609015625 0.3511257484375 0.18427427968750001 0.29416179374999996 0.27429139375 0.38072768125 0.3716780171875 0.43769163593749993 0.2816609015625
1 0.503125 0.0015625 0.3796875 0.0015625 0.3796875 0.14375 0.503125 0.14375 0.503125 0.0015625
1 0.6109375 0.5984375 0.490625 0.5984375 0.490625 0.765625 0.6109375 0.765625 0.6109375 0.5984375
1 0.525 0.1375 0.415625 0.1375 0.415625 0.2734375 0.525 0.2734375 0.525 0.1375
1 0.7834729375 0.40823131406249996 0.7388692015625 0.27442010156249996 0.6718911078125 0.314110825 0.7164948453125 0.44792203593749996 0.7834729375 0.40823131406249996
1 0.4625 0.421875 0.3171875 0.421875 0.3171875 0.5546875 0.4625 0.5546875 0.4625 0.421875
1 0.8140625 0.1125 0.6765625 0.1125 0.6765625 0.2296875 0.8140625 0.2296875 0.8140625 0.1125
1 0.5310376375 0.3158701671875 0.4218870859375 0.2757228359375 0.3913484109375 0.4233264265625 0.5004989640625 0.46347375625 0.5310376375 0.3158701671875