1 0.6375 0.8625 0.2890625 0.8625 0.2890625 0.9979166671874999 0.6375 0.9979166671874999 0.6375 0.8625
1 0.7296875 0.15 0.59375 0.15 0.59375 0.24583333281250003 0.7296875 0.24583333281250003 0.7296875 0.15
1 0.640625 0.6708333328125 0.5046875 0.6708333328125 0.5046875 0.8125 0.640625 0.8125 0.640625 0.6708333328125
1 0.4828125 0.1270833328125 0.39375 0.1270833328125 0.39375 0.2708333328125 0.4828125 0.2708333328125 0.4828125 0.1270833328125
1 0.7734375 0.5375 0.66875 0.5375 0.66875 0.6979166671875 0.7734375 0.6979166671875 0.7734375 0.5375
1 0.7265625 0.20208333281250002 0.603125 0.20208333281250002 0.603125 0.3416666671875 0.7265625 0.3416666671875 0.7265625 0.20208333281250002
1 0.575 0.05208333281250001 0.48125 0.05208333281250001 0.48125 0.1604166671875 0.575 0.1604166671875 0.575 0.05208333281250001
1 0.3 0.2520833328125 0.196875 0.2520833328125 0.196875 0.43958333281249995 0.3 0.43958333281249995 0.3 0.2520833328125
1 0.3875 0.4375 0.2078125 0.4375 0.2078125 0.5270833328125 0.3875 0.5270833328125 0.3875 0.4375
1 0.3546875 0.21458333281250003 0.290625 0.21458333281250003 0.290625 0.3479166671875 0.3546875 0.3479166671875 0.3546875 0.21458333281250003
1 0.16490738124999998 0.4632400078125 0.15966487499999998 0.31644985000000003 0.033834134375000005 0.3244391015625 0.039076640625 0.4712292609375 0.16490738124999998 0.4632400078125
1 0.295807409375 0.2018476625 0.2715921953125 0.11144419375 0.16152432187500002 0.1638574671875 0.1857395359375 0.2542609359375 0.295807409375 0.2018476625
1 0.4273202875 0.07224041406250001 0.33544528749999997 0.0047404140625 0.28672074687500004 0.1226417734375 0.37859574687499997 0.1901417734375 0.4273202875 0.07224041406250001
1 0.69544671875 0.4364099796875 0.6296603843749999 0.3142353578125 0.574459734375 0.36707700625 0.64024606875 0.4892516265625 0.69544671875 0.4364099796875
1 0.5616586531250001 0.3527243578125 0.5368389421875001 0.1872596140625 0.50859375 0.19479166718750002 0.5334134609375 0.3602564109375 0.5616586531250001 0.3527243578125
1 0.4717606296875 0.64017536875 0.3551668453125 0.5049941687499999 0.319106565625 0.5602865984375 0.43570035 0.6954677984375001 0.4717606296875 0.64017536875
1 0.6507084796875 0.59792765 0.591698703125 0.47688195625 0.4790009890625 0.5745533109375 0.5380107640625 0.6955990046875 0.6507084796875 0.59792765
1 0.5914100609374999 0.4764126015625 0.5804344515625 0.40811991875000003 0.4336051828125 0.4500711375 0.44458079218749996 0.5183638203125 0.5914100609374999 0.4764126015625