1 0.43541666718750005 0.1296875 0.43541666718750005 0.40625 0.5875 0.40625 0.5875 0.1296875 0.43541666718750005 0.1296875
1 0.1729166671875 0.7203125 0.1729166671875 0.84375 0.25833333281250004 0.84375 0.25833333281250004 0.7203125 0.1729166671875 0.7203125
1 0.43958333281249995 0.4203125 0.43958333281249995 0.540625 0.5770833328125 0.540625 0.5770833328125 0.4203125 0.43958333281249995 0.4203125
1 0.175 0.5015625 0.175 0.615625 0.3333333328125 0.615625 0.3333333328125 0.5015625 0.175 0.5015625
1 0.1708333328125 0.446875 0.1708333328125 0.5640625 0.2958333328125 0.5640625 0.2958333328125 0.446875 0.1708333328125 0.446875
1 0.6550708796875 0.337383246875 0.6693859296875 0.47158684375000004 0.8463367765625 0.46096979375 0.8320217265625001 0.326766196875 0.6550708796875 0.337383246875
1 0.5338350625 0.3310131921875 0.6081711359375 0.38977887187500004 0.7372995953125 0.29789900468749997 0.6629635234375 0.23913332656250003 0.5338350625 0.3310131921875
1 0.3165926765625 0.48201300937499997 0.3976035828125 0.4864317859375 0.4131220546875 0.3263975671875 0.3321111484375 0.321978790625 0.3165926765625 0.48201300937499997
1 0.0720229328125 0.6903619453125 0.1367052703125 0.697007390625 0.16138369531250002 0.5618930171875001 0.09670135625000001 0.5552475703125 0.0720229328125 0.6903619453125
1 0.4837804 0.6889082625 0.5911838328125001 0.7384790765625 0.6741595140625 0.6373524671874999 0.5667560796875 0.587781653125 0.4837804 0.6889082625
1 0.309375 0.58515625 0.434375 0.67890625 0.5395833328124999 0.6 0.4145833328125 0.50625 0.309375 0.58515625
1 0.2801959765625 0.781059278125 0.34328454218750004 0.8083263687500001 0.4342206703125 0.689975671875 0.3711321078125 0.6627085796875 0.2801959765625 0.781059278125
1 0.1797055734375 0.6476735015624999 0.2643598828125 0.7284798890624999 0.3818546265625 0.659241915625 0.2972003140625 0.578435528125 0.1797055734375 0.6476735015624999
1 0.7377450984375 0.67270220625 0.8018995109375 0.7528952203125 0.9541666671875 0.684375 0.8900122546875 0.6041819859374999 0.7377450984375 0.67270220625
1 0.54843394375 0.801991615625 0.6528302859374999 0.8481669203125 0.7394542687500001 0.7380038109375 0.6350579265625 0.69182850625 0.54843394375 0.801991615625
1 0.6557154234375 0.6307458312499999 0.7293207625 0.6455767578125 0.7842657046875 0.4921887984375 0.7106603640625 0.47735787187499995 0.6557154234375 0.6307458312499999
1 0.7748701171875 0.5785107546875 0.8675327312500001 0.605602790625 0.9380335625 0.4699653203125 0.8453709484375 0.44287328593749997 0.7748701171875 0.5785107546875