1 0.1375 0.7109375 0.1375 0.3625 0.0020833328125000002 0.3625 0.0020833328125000002 0.7109375 0.1375 0.7109375
1 0.85 0.40625 0.85 0.2703125 0.7541666671875 0.2703125 0.7541666671875 0.40625 0.85 0.40625
1 0.3291666671875 0.4953125 0.3291666671875 0.359375 0.1875 0.359375 0.1875 0.4953125 0.3291666671875 0.4953125
1 0.8729166671874999 0.60625 0.8729166671874999 0.5171875 0.7291666671875 0.5171875 0.7291666671875 0.60625 0.8729166671874999 0.60625
1 0.4625 0.33125 0.4625 0.2265625 0.3020833328125 0.2265625 0.3020833328125 0.33125 0.4625 0.33125
1 0.7979166671875 0.396875 0.7979166671875 0.2734375 0.6583333328125 0.2734375 0.6583333328125 0.396875 0.7979166671875 0.396875
1 0.9479166671874999 0.51875 0.9479166671874999 0.425 0.8395833328125001 0.425 0.8395833328125001 0.51875 0.9479166671874999 0.51875
1 0.7479166671875 0.803125 0.7479166671875 0.7 0.5604166671875 0.7 0.5604166671875 0.803125 0.7479166671875 0.803125
1 0.5625 0.7921875 0.5625 0.6125 0.47291666718750003 0.6125 0.47291666718750003 0.7921875 0.5625 0.7921875
1 0.7854166671875 0.709375 0.7854166671875 0.6453125 0.6520833328125 0.6453125 0.6520833328125 0.709375 0.7854166671875 0.709375
1 0.6835501500000001 0.840335125 0.5367599921874999 0.8350926187500001 0.5287707390625 0.960923359375 0.6755608984375 0.966165865625 0.6835501500000001 0.840335125
1 0.88855580625 0.7284078046875 0.7981523375 0.7041925906250001 0.7457390640625 0.8142604640625001 0.8361425328125 0.8384756781249999 0.88855580625 0.7284078046875
1 0.9952595859375 0.6645547125 0.9277595859375 0.5726797125 0.8098582265625 0.6214042531249999 0.8773582265625001 0.713279253125 0.9952595859375 0.6645547125
1 0.6857646421875 0.370339615625 0.5635900203124999 0.30455328125 0.5107483734375 0.35975393125 0.63292299375 0.425540265625 0.6857646421875 0.370339615625
1 0.8127403859375001 0.46316105781249994 0.6472756421875 0.438341346875 0.6397435890625001 0.4665865390625 0.8052083328125 0.49140625 0.8127403859375001 0.46316105781249994
1 0.49500583125000003 0.6448331546875 0.35982463125 0.5282393703125 0.3045322015625 0.5642996499999999 0.43971340156250005 0.6808934343749999 0.49500583125000003 0.6448331546875
1 0.52311804375 0.40830129687500005 0.40207234999999997 0.3492915203125 0.3044009953125 0.4619892359375 0.42544668906250005 0.5209990109375 0.52311804375 0.40830129687500005
1 0.59188008125 0.4195655484375 0.5235873984375 0.4085899390625 0.48163617968750005 0.5554192078125 0.5499288625000001 0.5663948171875 0.59188008125 0.4195655484375