1 0.603125 0.5458333328125 0.4828125 0.5458333328125 0.4828125 0.7145833328125 0.603125 0.7145833328125 0.603125 0.5458333328125
1 0.6859375 0.425 0.5703125 0.425 0.5703125 0.50625 0.6859375 0.50625 0.6859375 0.425
1 0.4984375 0.21458333281250003 0.4203125 0.21458333281250003 0.4203125 0.3458333328125 0.4984375 0.3458333328125 0.4984375 0.21458333281250003
1 0.4828125 0.6625 0.3453125 0.6625 0.3453125 0.78125 0.4828125 0.78125 0.4828125 0.6625
1 0.525 0.3958333328125 0.4328125 0.3958333328125 0.4328125 0.50625 0.525 0.50625 0.525 0.3958333328125
1 0.671875 0.3541666671875 0.5375 0.3541666671875 0.5375 0.425 0.671875 0.425 0.671875 0.3541666671875
1 0.253125 0.5 0.1671875 0.5 0.1671875 0.6791666671875001 0.253125 0.6791666671875001 0.253125 0.5
1 0.31875 0.40208333281249997 0.165625 0.40208333281249997 0.165625 0.49375 0.31875 0.49375 0.31875 0.40208333281249997
1 0.69375 0.70625 0.64375 0.70625 0.64375 0.85625 0.69375 0.85625 0.69375 0.70625
1 0.000964990625 0.0020403234375 0.0008579390625 0.00173018125 0.0007564015625 0.0018409484375 0.0008634531250000001 0.0021510890625 0.000964990625 0.0020403234375
1 0.6501090953124999 0.8195277937500001 0.509191971875 0.7354719671875001 0.48400894375 0.8105272640625 0.6249260671875 0.89458309375 0.6501090953124999 0.8195277937500001
1 0.751370553125 0.6735868984375 0.6239189515625 0.583137375 0.599825790625 0.6434919578125 0.7272773921875 0.7339414828125 0.751370553125 0.6735868984375
1 0.7635817312500001 0.4509615375 0.686466346875 0.438108975 0.67454326875 0.5652884625000001 0.751658653125 0.5781410250000001 0.7635817312500001 0.4509615375
1 0.579497403125 0.5104290312499999 0.5564632796875 0.45582962499999996 0.4410330125 0.5424023250000001 0.46406713593750004 0.59700173125 0.579497403125 0.5104290312499999
1 0.41186803281250006 0.51703158125 0.2879378984375 0.4684315296875 0.2584046578125 0.6023155515624999 0.38233479375 0.6509156046875 0.41186803281250006 0.51703158125
1 0.6198975328125 0.2662617453125 0.5127944171875 0.22627658281250002 0.49114660624999995 0.32936139999999997 0.598249721875 0.3693465625 0.6198975328125 0.2662617453125
1 0.3323309421875 0.754146175 0.3027766390625 0.6534426234375 0.182945696875 0.7159631140625 0.2125 0.8166666671874999 0.3323309421875 0.754146175