1 0.40625 0.43541666718750005 0.1296875 0.43541666718750005 0.1296875 0.5875 0.40625 0.5875 0.40625 0.43541666718750005
1 0.615625 0.175 0.5015625 0.175 0.5015625 0.3333333328125 0.615625 0.3333333328125 0.615625 0.175
1 0.5640625 0.1708333328125 0.446875 0.1708333328125 0.446875 0.2958333328125 0.5640625 0.2958333328125 0.5640625 0.1708333328125
1 0.38977887187500004 0.6081711359375 0.3310131921875 0.5338350625 0.23913332656250003 0.6629635234375 0.29789900468749997 0.7372995953125 0.38977887187500004 0.6081711359375
1 0.697007390625 0.1367052703125 0.6903619453125 0.0720229328125 0.5552475703125 0.09670135625000001 0.5618930171875001 0.16138369531250002 0.697007390625 0.1367052703125
1 0.67890625 0.434375 0.58515625 0.309375 0.50625 0.4145833328125 0.6 0.5395833328124999 0.67890625 0.434375
1 0.7528952203125 0.8018995109375 0.67270220625 0.7377450984375 0.6041819859374999 0.8900122546875 0.684375 0.9541666671875 0.7528952203125 0.8018995109375
1 0.605602790625 0.8675327312500001 0.5785107546875 0.7748701171875 0.44287328593749997 0.8453709484375 0.4699653203125 0.9380335625 0.605602790625 0.8675327312500001
1 0.8539028390625001 0.64944505 0.779493040625 0.5735762375 0.6987308953125 0.7143922859375 0.77314069375 0.7902611 0.8539028390625001 0.64944505
1 0.760534215625 0.5597797078125 0.745255759375 0.48579981875 0.6238035671875 0.5303909609375 0.6390820234375 0.6043708515625 0.760534215625 0.5597797078125
1 0.5126960859375 0.7831627046875 0.474075296875 0.6344011453125 0.3346515859375 0.69875055 0.373272375 0.8475121078125 0.5126960859375 0.7831627046875
1 0.6340625 0.7341666671875 0.6286009609375001 0.60308974375 0.5017355765625 0.6124871796875 0.507197115625 0.7435641015625001 0.6340625 0.7341666671875
1 0.7240236828125 0.26112766718749997 0.5819871390625 0.2491034078125 0.5790166250000001 0.3114842125 0.7210531687499999 0.32350846875 0.7240236828125 0.26112766718749997
1 0.8472100171875001 0.2446653484375 0.753405096875 0.16336774999999998 0.700392684375 0.2721111609375 0.7941976046875 0.3534087578125 0.8472100171875001 0.2446653484375
1 0.810866203125 0.35345582656249996 0.7827057328125 0.2905088921875 0.6662471625 0.38313091250000003 0.6944076328125 0.4460778484375 0.810866203125 0.35345582656249996
1 0.922884615625 0.41423076875 0.85923076875 0.4036217953125 0.8413701921875001 0.5941346140625 0.9050240390625 0.6047435890624999 0.922884615625 0.41423076875
1 0.5520045734375 0.4709451234375 0.45935975625000003 0.4139329265625 0.4160518296875 0.5390447140625 0.508696646875 0.5960569109375 0.5520045734375 0.4709451234375