1 0.7109375 0.8625 0.3625 0.8625 0.3625 0.9979166671874999 0.7109375 0.9979166671874999 0.7109375 0.8625
1 0.40625 0.15 0.2703125 0.15 0.2703125 0.24583333281250003 0.40625 0.24583333281250003 0.40625 0.15
1 0.4953125 0.6708333328125 0.359375 0.6708333328125 0.359375 0.8125 0.4953125 0.8125 0.4953125 0.6708333328125
1 0.60625 0.1270833328125 0.5171875 0.1270833328125 0.5171875 0.2708333328125 0.60625 0.2708333328125 0.60625 0.1270833328125
1 0.33125 0.5375 0.2265625 0.5375 0.2265625 0.6979166671875 0.33125 0.6979166671875 0.33125 0.5375
1 0.396875 0.20208333281250002 0.2734375 0.20208333281250002 0.2734375 0.3416666671875 0.396875 0.3416666671875 0.396875 0.20208333281250002
1 0.51875 0.05208333281250001 0.425 0.05208333281250001 0.425 0.1604166671875 0.51875 0.1604166671875 0.51875 0.05208333281250001
1 0.803125 0.2520833328125 0.7 0.2520833328125 0.7 0.43958333281249995 0.803125 0.43958333281249995 0.803125 0.2520833328125
1 0.7921875 0.4375 0.6125 0.4375 0.6125 0.5270833328125 0.7921875 0.5270833328125 0.7921875 0.4375
1 0.709375 0.21458333281250003 0.6453125 0.21458333281250003 0.6453125 0.3479166671875 0.709375 0.3479166671875 0.709375 0.21458333281250003
1 0.840335125 0.31644985000000003 0.8350926187500001 0.4632400078125 0.960923359375 0.4712292609375 0.966165865625 0.3244391015625 0.840335125 0.31644985000000003
1 0.7284078046875 0.11144419375 0.7041925906250001 0.2018476625 0.8142604640625001 0.2542609359375 0.8384756781249999 0.1638574671875 0.7284078046875 0.11144419375
1 0.6645547125 0.0047404140625 0.5726797125 0.07224041406250001 0.6214042531249999 0.1901417734375 0.713279253125 0.1226417734375 0.6645547125 0.0047404140625
1 0.370339615625 0.3142353578125 0.30455328125 0.4364099796875 0.35975393125 0.4892516265625 0.425540265625 0.36707700625 0.370339615625 0.3142353578125
1 0.46316105781249994 0.1872596140625 0.438341346875 0.3527243578125 0.4665865390625 0.3602564109375 0.49140625 0.19479166718750002 0.46316105781249994 0.1872596140625
1 0.6448331546875 0.5049941687499999 0.5282393703125 0.64017536875 0.5642996499999999 0.6954677984375001 0.6808934343749999 0.5602865984375 0.6448331546875 0.5049941687499999
1 0.40830129687500005 0.47688195625 0.3492915203125 0.59792765 0.4619892359375 0.6955990046875 0.5209990109375 0.5745533109375 0.40830129687500005 0.47688195625
1 0.4195655484375 0.40811991875000003 0.4085899390625 0.4764126015625 0.5554192078125 0.5183638203125 0.5663948171875 0.4500711375 0.4195655484375 0.40811991875000003