1 0.45625 0.4604166671875 0.2796875 0.4604166671875 0.2796875 0.7645833328125 0.45625 0.7645833328125 0.45625 0.4604166671875
1 0.6171875 0.32083333281250004 0.490625 0.32083333281250004 0.490625 0.40833333281249995 0.6171875 0.40833333281249995 0.6171875 0.32083333281250004
1 0.4421875 0.1666666671875 0.340625 0.1666666671875 0.340625 0.30625 0.4421875 0.30625 0.4421875 0.1666666671875
1 0.55625 0.04375 0.45625 0.04375 0.45625 0.1520833328125 0.55625 0.1520833328125 0.55625 0.04375
1 0.559375 0.23541666718749998 0.4359375 0.23541666718749998 0.4359375 0.33541666718749996 0.559375 0.33541666718749996 0.559375 0.23541666718749998
1 0.5453125 0.43958333281249995 0.434375 0.43958333281249995 0.434375 0.56875 0.5453125 0.56875 0.5453125 0.43958333281249995
1 0.575678065625 0.189544025 0.4559846703125 0.1439465421875 0.4487323109375 0.17779088125 0.5684257078125 0.2233883640625 0.575678065625 0.189544025
1 0.7078125 0.36666666718749996 0.6328125 0.36666666718749996 0.6328125 0.5083333328124999 0.7078125 0.5083333328124999 0.7078125 0.36666666718749996
1 0.7833917687499999 0.09554878125 0.6645884140625 0.022439025 0.6439634140625 0.0820223578125 0.7627667687499999 0.1551321140625 0.7833917687499999 0.09554878125
1 0.36506951718749997 0.3099792109375 0.277231678125 0.25727650625 0.2453937109375 0.3516112265625 0.3332315484375 0.4043139296875 0.36506951718749997 0.3099792109375
1 0.41526971250000005 0.1010085578125 0.354817390625 0.04143235625 0.2873395484375 0.16315708906249998 0.3477918703125 0.2227332921875 0.41526971250000005 0.1010085578125
1 0.812799096875 0.33423265625 0.75384851875 0.3057541140625 0.705691259375 0.48297283125 0.7646418374999999 0.5114513703125 0.812799096875 0.33423265625
1 0.720091821875 0.1338472453125 0.5793713828125 0.0732292109375 0.5677330015625001 0.1212606265625 0.7084534390624999 0.1818786609375 0.720091821875 0.1338472453125
1 0.706046065625 0.32431621875 0.6582443625 0.2084333015625 0.598683421875 0.252111325 0.646485125 0.3679942421875 0.706046065625 0.32431621875
1 0.8254306171874999 0.2444446578125 0.693817178125 0.1668264765625 0.6748313296874999 0.22405918125 0.8064447687499999 0.3016773640625 0.8254306171874999 0.2444446578125
1 0.42511312187500006 0.4906674203125 0.398590921875 0.4276291484375 0.264407521875 0.5279939671875 0.2909297234375 0.5910322390625 0.42511312187500006 0.4906674203125
1 0.5811840953125 0.71119288125 0.5564161359375001 0.5555085671875 0.44096688281249996 0.58816088125 0.46573484218749994 0.7438451953125 0.5811840953125 0.71119288125