1 0.9979166671874999 0.7234375 0.9979166671874999 0.3578125 0.88125 0.3578125 0.88125 0.7234375 0.9979166671874999 0.7234375
1 0.1979166671875 0.490625 0.1979166671875 0.35 0.1166666671875 0.35 0.1166666671875 0.490625 0.1979166671875 0.490625
1 0.78125 0.5203125 0.78125 0.390625 0.6354166671875 0.390625 0.6354166671875 0.5203125 0.78125 0.5203125
1 0.2666666671875 0.6875 0.2666666671875 0.603125 0.1291666671875 0.603125 0.1291666671875 0.6875 0.2666666671875 0.6875
1 0.64375 0.375 0.64375 0.275 0.48125 0.275 0.48125 0.375 0.64375 0.375
1 0.2958333328125 0.4765625 0.2958333328125 0.35 0.16875 0.35 0.16875 0.4765625 0.2958333328125 0.4765625
1 0.1458333328125 0.6109375 0.1458333328125 0.5203125 0.0354166671875 0.5203125 0.0354166671875 0.6109375 0.1458333328125 0.6109375
1 0.4791666671875 0.865625 0.4791666671875 0.7765625 0.2791666671875 0.7765625 0.2791666671875 0.865625 0.4791666671875 0.865625
1 0.36875 0.7921875 0.36875 0.715625 0.23333333281250002 0.715625 0.23333333281250002 0.7921875 0.36875 0.7921875
1 0.5333333328125 1 0.5333333328125 0.9046875 0.3770833328125 0.9046875 0.3770833328125 1 0.5333333328125 1
1 0.5784168765625 0.7278526953125 0.6917680749999999 0.595331809375 0.6297230984375 0.56547998125 0.5163719 0.6980008671875 0.5784168765625 0.7278526953125
1 0.2142511265625 0.9283488171875 0.2994425671875 0.8945228046875 0.225 0.7890625 0.13980855781249998 0.8228885140625 0.2142511265625 0.9283488171875
1 0.1478575125 0.8064613453125 0.2 0.70625 0.0750279640625 0.66967281875 0.022885475 0.7698841640625 0.1478575125 0.8064613453125
1 0.1820794984375 0.5750059656250001 0.34218504375 0.533073559375 0.33002938125000003 0.5069665109375 0.1699238328125 0.5488989171875 0.1820794984375 0.5750059656250001
1 0.4488846234375 0.6219494515624999 0.5153151546875 0.6024242625 0.4431728546875 0.46435882343749996 0.37674232343749997 0.4838840140625 0.4488846234375 0.6219494515624999
1 0.5543497109375 0.565267340625 0.6696098265625 0.5040354046875 0.5632779375 0.3914487 0.44801782343749996 0.45268063593749996 0.5543497109375 0.565267340625
1 0.3363914078125 0.4914030109375 0.44981109531249996 0.416649125 0.3907091984375 0.36620871093749996 0.2772895078125 0.44096259687500006 0.3363914078125 0.4914030109375
1 0.52125 0.844375 0.5720833328125 0.8253125000000001 0.4658333328125 0.6659375 0.41500000000000004 0.6849999999999999 0.52125 0.844375