1 0.34375 0.5921875 0.34375 0.6953125 0.4895833328125 0.6953125 0.4895833328125 0.5921875 0.34375 0.5921875
1 0.1666666671875 0.6078125 0.1666666671875 0.74375 0.26875 0.74375 0.26875 0.6078125 0.1666666671875 0.6078125
1 0.6916666671875 0.5015625 0.6916666671875 0.640625 0.83125 0.640625 0.83125 0.5015625 0.6916666671875 0.5015625
1 0.1354166671875 0.40625 0.1354166671875 0.496875 0.2833333328125 0.496875 0.2833333328125 0.40625 0.1354166671875 0.40625
1 0.5604166671875 0.671875 0.5604166671875 0.778125 0.7208333328125 0.778125 0.7208333328125 0.671875 0.5604166671875 0.671875
1 0.2208333328125 0.6140625 0.2208333328125 0.740625 0.3625 0.740625 0.3625 0.6140625 0.2208333328125 0.6140625
1 0.0666666671875 0.49375 0.0666666671875 0.590625 0.175 0.590625 0.175 0.49375 0.0666666671875 0.49375
1 0.25625 0.203125 0.25625 0.3125 0.44166666718750003 0.3125 0.44166666718750003 0.203125 0.25625 0.203125
1 0.4458333328125 0.215625 0.4458333328125 0.39375 0.53125 0.39375 0.53125 0.215625 0.4458333328125 0.215625
1 0.2208333328125 0.3015625 0.2208333328125 0.3640625 0.3541666671875 0.3640625 0.3541666671875 0.3015625 0.2208333328125 0.3015625
1 0.42383198125000004 0.5854339296875 0.49395715781250005 0.5953841234375 0.5305491890625 0.45032285781250003 0.4604240125 0.4403726640625 0.42383198125000004 0.5854339296875
1 0.3044314171875 0.1538601546875 0.44311018750000003 0.17882233281249998 0.4818582953125 0.057734493750000004 0.343179525 0.0327723140625 0.3044314171875 0.1538601546875
1 0.11752873593749999 0.2811961203125 0.20625 0.3078125 0.2627155171875 0.2019396546875 0.17399425156249998 0.1753232765625 0.11752873593749999 0.2811961203125
1 0.0102450890625 0.3533924859375 0.08106043125 0.443132615625 0.19583333281249998 0.3921875 0.12501799375 0.3024473703125 0.0102450890625 0.3533924859375
1 0.20299936718749997 0.5493665265625001 0.369227675 0.5698349375 0.37504880625000003 0.54324295 0.2088204984375 0.5227745390625 0.20299936718749997 0.5493665265625001
1 0.585587425 0.242021434375 0.7374793578125 0.477715815625 0.8794237421875 0.4262609765625 0.72753180625 0.1905665953125 0.585587425 0.242021434375
1 0.5128334625 0.35926776562499996 0.6541754296875 0.47218770781249997 0.7066069859375 0.43527161249999996 0.5652650171875 0.322351671875 0.5128334625 0.35926776562499996
1 0.4962264140625 0.6010318390625 0.6241155671875 0.6543189859375 0.7123624203125 0.53518573125 0.5844732703125 0.481898584375 0.4962264140625 0.6010318390625