1 0.7895833328124999 0.7359375 0.7895833328124999 0.5328125 0.45625 0.5328125 0.45625 0.7359375 0.7895833328124999 0.7359375
1 0.40625 0.484375 0.40625 0.328125 0.30416666718749996 0.328125 0.30416666718749996 0.484375 0.40625 0.484375
1 0.3083333328125 0.5546875 0.3083333328125 0.3921875 0.1354166671875 0.3921875 0.1354166671875 0.5546875 0.3083333328125 0.5546875
1 0.6020833328124999 0.5578125 0.6020833328124999 0.4265625 0.4458333328125 0.4265625 0.4458333328125 0.5578125 0.6020833328124999 0.5578125
1 0 0.5328125 0.1458333328125 0.5328125 0.1458333328125 0.365625 0 0.365625 0 0.5328125
1 0.5729166671875 0.3109375 0.5729166671875 0.2375 0.3895833328125 0.2375 0.3895833328125 0.3109375 0.5729166671875 0.3109375
1 0 0.52412109375 0.0265625 0.5390625 0.175625 0.39 0.131625 0.36524999999999996 0 0.496875 0 0.52412109375
1 0.2069748703125 0.3528833765625 0.3919136609375 0.29123711406249997 0.34088273125 0.20512242343749998 0.15594394375 0.26676868593749997 0.2069748703125 0.3528833765625
1 0.59375 0.2203125 0.59375 0.084375 0.375 0.084375 0.375 0.2203125 0.59375 0.2203125
1 0.23930288593750002 0.8212139421875 0.34795673125 0.698978365625 0.22740384531250002 0.6387019234375 0.11875 0.7609375 0.23930288593750002 0.8212139421875
1 0.7828125 0.5421875 0.7828125 0.4046875 0.603125 0.4046875 0.603125 0.5421875 0.7828125 0.5421875
1 0.1725665984375 0.2350025609375 0.3324026640625 0.091150103125 0.2628329921875 0.0476690578125 0.1029969265625 0.191521515625 0.1725665984375 0.2350025609375
1 0.21875 0.6796875 0.21875 0.5453125 0.0125 0.5453125 0.0125 0.6796875 0.21875 0.6796875
1 0.3046875 0.5515625 0.3046875 0.3953125 0.14375 0.3953125 0.14375 0.5515625 0.3046875 0.5515625
1 0.58125 0.7421875 0.58125 0.59375 0.4125 0.59375 0.4125 0.7421875 0.58125 0.7421875
1 0.4188176078125 0.6815656890625 0.4479166671875 0.5484375 0.2517540125 0.5243191406250001 0.2226549546875 0.65744733125 0.4188176078125 0.6815656890625
1 0 0.2890625 0.007769482812500001 0.291797675 0.0854664390625 0.16765144999999998 0.0528555171875 0.156171075 0 0.240625 0 0.2890625