1 0.8083333328125001 0.334375 0.8083333328125001 0.2359375 0.5645833328125 0.2359375 0.5645833328125 0.334375 0.8083333328125001 0.334375
1 0.7645833328125 0.603125 0.7645833328125 0.459375 0.6395833328125 0.459375 0.6395833328125 0.603125 0.7645833328125 0.603125
1 0.9333333328125001 0.796875 0.9333333328125001 0.6859375 0.7416666671875001 0.6859375 0.7416666671875001 0.796875 0.9333333328125001 0.796875
1 0.8541666671874999 0.675 0.8541666671874999 0.5390625 0.7416666671875001 0.5390625 0.7416666671875001 0.675 0.8541666671874999 0.675
1 0.6041666671875 0.6296875 0.6041666671875 0.51875 0.4479166671875 0.51875 0.4479166671875 0.6296875 0.6041666671875 0.6296875
1 0.5916666671875 0.7890625 0.5916666671875 0.6734375 0.3916666671875 0.6734375 0.3916666671875 0.7890625 0.5916666671875 0.7890625
1 0.56875 0.7640625 0.56875 0.6203125 0.2125 0.6203125 0.2125 0.7640625 0.56875 0.7640625
1 0.9770833328125 0.6875 0.9770833328125 0.5359375 0.8979166671875 0.5359375 0.8979166671875 0.6875 0.9770833328125 0.6875
1 0.7270833328124999 0.4390625 0.7270833328124999 0.340625 0.5520833328125 0.340625 0.5520833328125 0.4390625 0.7270833328124999 0.4390625
1 0.4728365375 0.57782451875 0.43982371875000004 0.45402644218750005 0.2647435890625 0.4802884609375 0.2977564109375 0.6040865390625 0.4728365375 0.57782451875
1 0.7791666671875 0.8515625 0.7341533140625 0.745781121875 0.6171682421875 0.7737828671875 0.66218159375 0.879564246875 0.7791666671875 0.8515625
1 0.7526750984375 0.6460238328125001 0.5708333328124999 0.6375 0.5614623875 0.7499513624999999 0.7433041499999999 0.7584751953125 0.7526750984375 0.6460238328125001
1 0.92975 0.43899999999999995 0.78975 0.36025 0.7245 0.4255 0.8644999999999999 0.5042500000000001 0.92975 0.43899999999999995
1 1 0.381374996875 0.9275560109375001 0.2314159390625 0.8509302671875 0.25223815156249996 0.92885219375 0.4135365421875 1 0.3942028984375 1 0.381374996875
1 1 0.7546875 0.8770833328125001 0.7546875 0.8770833328125001 0.865625 1 0.865625 1 0.7546875