1 0.6015625 0.45208333281249996 0.4890625 0.45208333281249996 0.4890625 0.56875 0.6015625 0.56875 0.6015625 0.45208333281249996
1 0.6953125 0.7020833328125 0.5890625 0.7020833328125 0.5890625 0.8145833328125001 0.6953125 0.8145833328125001 0.6953125 0.7020833328125
1 0.540625 0.7083333328125 0.4640625 0.7083333328125 0.4640625 0.8479166671874999 0.540625 0.8479166671874999 0.540625 0.7083333328125
1 0.6203125 0.54375 0.5078125 0.54375 0.5078125 0.6979166671875 0.6203125 0.6979166671875 0.6203125 0.54375
1 0.709375 0.34375 0.5875 0.34375 0.5875 0.475 0.709375 0.475 0.709375 0.34375
1 0.91875 0.2708333328125 0.6578125 0.2708333328125 0.6578125 0.5 0.91875 0.5 0.91875 0.2708333328125
1 0.45 0.575 0.346875 0.575 0.346875 0.7270833328124999 0.45 0.7270833328124999 0.45 0.575
1 0.5671875 0.6229166671875 0.4765625 0.6229166671875 0.4765625 0.7729166671875001 0.5671875 0.7729166671875001 0.5671875 0.6229166671875
1 0.3828125 0.5604166671875 0.2953125 0.5604166671875 0.2953125 0.7041666671875 0.3828125 0.7041666671875 0.3828125 0.5604166671875
1 0.493374878125 0.2983351703125 0.4546875 0.29375 0.44572743125000003 0.4281510296875 0.48441480937500003 0.4327362 0.493374878125 0.2983351703125
1 0.49375 0.2916666671875 0.446875 0.2916666671875 0.446875 0.43333333281249997 0.49375 0.43333333281249997 0.49375 0.2916666671875
1 0.390110125 0.6885391140625 0.3325377015625 0.5396449171875 0.2916543859375 0.5677484109375001 0.349226809375 0.7166426078125 0.390110125 0.6885391140625
1 0.7015625 0.8234375 0.578125 0.8234375 0.578125 0.940625 0.7015625 0.940625 0.7015625 0.8234375
1 0.5716947109375 0.7590144234375 0.4970552890625 0.6097355765625 0.4737980765625 0.6304086546875001 0.5484375 0.7796875 0.5716947109375 0.7590144234375
1 0.8263844828125 0.775598275 0.7621844828125 0.639173275 0.6881245687499999 0.7011318953125001 0.75232456875 0.8375568953125001 0.8263844828125 0.775598275
1 0.4390625 0.240625 0.3359375 0.240625 0.3359375 0.371875 0.4390625 0.371875 0.4390625 0.240625
1 0.7375 0.1578125 0.609375 0.1578125 0.609375 0.3296875 0.7375 0.3296875 0.7375 0.1578125
1 0.4042548078125 0.5458653859375 0.3387259609375 0.39296474375 0.3015384609375 0.42129807656249996 0.3670673078125 0.5741987187500001 0.4042548078125 0.5458653859375
1 0.86875 0.4890625 0.696875 0.4890625 0.696875 0.571875 0.86875 0.571875 0.86875 0.4890625
1 0.46875 0.4328125 0.4078125 0.4328125 0.4078125 0.5609375 0.46875 0.5609375 0.46875 0.4328125
1 0.4484375 0.5765625 0.3484375 0.5765625 0.3484375 0.7234375 0.4484375 0.7234375 0.4484375 0.5765625
1 0.7584607984375 0.60939019375 0.6703125 0.5104166671875 0.601187703125 0.6198642624999999 0.6893360015625001 0.7188377890625001 0.7584607984375 0.60939019375