1 0.5140625 0.47083333281249995 0.3046875 0.47083333281249995 0.3046875 0.75625 0.5140625 0.75625 0.5140625 0.47083333281249995
1 0.6875 0.3625 0.5609375 0.3625 0.5609375 0.4479166671875 0.6875 0.4479166671875 0.6875 0.3625
1 0.6578125 0.0333333328125 0.559375 0.0333333328125 0.559375 0.1708333328125 0.6578125 0.1708333328125 0.6578125 0.0333333328125
1 0.640625 0.23541666718749998 0.5125 0.23541666718749998 0.5125 0.3708333328125 0.640625 0.3708333328125 0.640625 0.23541666718749998
1 0.603125 0.46666666718750005 0.484375 0.46666666718750005 0.484375 0.6 0.603125 0.6 0.603125 0.46666666718750005
1 0.7578125 0.45 0.7 0.45 0.7 0.5958333328125 0.7578125 0.5958333328125 0.7578125 0.45
1 0.66825 0.246375 0.55675 0.134875 0.541 0.162875 0.6525000000000001 0.274375 0.66825 0.246375
1 0.8734375 0.459375 0.771875 0.459375 0.771875 0.628125 0.8734375 0.628125 0.8734375 0.459375
1 0.9003770328125 0.38030697343750003 0.789702475 0.2557980953125 0.7585852828124999 0.3049709421875 0.869259840625 0.4294798203125 0.9003770328125 0.38030697343750003
1 0.44151930781250004 0.28566021406250003 0.3565144921875 0.18412668593749998 0.297464559375 0.2720149578125 0.382469375 0.3735484890625 0.44151930781250004 0.28566021406250003
1 0.7820985984375 0.41670258593750004 0.7394868 0.28413254375 0.6738146546875 0.3216594828125 0.7164264546875 0.45422952499999997 0.7820985984375 0.41670258593750004
1 0.509375 0.003125 0.384375 0.003125 0.384375 0.146875 0.509375 0.146875 0.509375 0.003125
1 0.528125 0.1421875 0.4203125 0.1421875 0.4203125 0.2765625 0.528125 0.2765625 0.528125 0.1421875
1 0.8875 0.203125 0.7759375000000001 0.0915625 0.7466875 0.14356249999999998 0.85825 0.255125 0.8875 0.203125
1 0.6109375 0.603125 0.4921875 0.603125 0.4921875 0.76875 0.6109375 0.76875 0.6109375 0.603125
1 0.4671875 0.4234375 0.31875 0.4234375 0.31875 0.553125 0.4671875 0.553125 0.4671875 0.4234375
1 0.8140625 0.1234375 0.678125 0.1234375 0.678125 0.2421875 0.8140625 0.2421875 0.8140625 0.1234375
1 0.534725503125 0.3239523421875 0.4276467484375 0.2783869140625 0.39439708281249997 0.41729663125 0.5014758375 0.4628620578125 0.534725503125 0.3239523421875