1 0.6765625 0.24375 0.4609375 0.24375 0.4609375 0.5125 0.6765625 0.5125 0.6765625 0.24375
1 0.4109375 0.5104166671875 0.290625 0.5104166671875 0.290625 0.6104166671875 0.4109375 0.6104166671875 0.4109375 0.5104166671875
1 0.3890625 0.7895833328124999 0.2984375 0.7895833328124999 0.2984375 0.9354166671874999 0.3890625 0.9354166671874999 0.3890625 0.7895833328124999
1 0.4484375 0.5958333328125 0.3265625 0.5958333328125 0.3265625 0.7416666671875001 0.4484375 0.7416666671875001 0.4484375 0.5958333328125
1 0.4921875 0.3770833328125 0.3765625 0.3770833328125 0.3765625 0.5104166671875 0.4921875 0.5104166671875 0.4921875 0.3770833328125
1 0.2828125 0.6875 0.159375 0.6875 0.159375 0.8291666671875 0.2828125 0.8291666671875 0.2828125 0.6875
1 0.409375 0.6958333328124999 0.3 0.6958333328124999 0.3 0.8375 0.409375 0.8375 0.409375 0.6958333328124999
1 0.28125 0.3583333328125 0.234375 0.3583333328125 0.234375 0.5 0.28125 0.5 0.28125 0.3583333328125
1 0.21320654375 0.6410926515625001 0.12491642968750001 0.5012999734375 0.09296748437499999 0.537172475 0.181257596875 0.6769651546875 0.21320654375 0.6410926515625001
1 0.65625 0.7458333328125 0.57734375 0.640625 0.51875 0.71875 0.59765625 0.8239583328125001 0.65625 0.7458333328125
1 0.66225849375 0.5368297828124999 0.652167215625 0.45441768125 0.49432112031250003 0.48877873593750004 0.5044123984375 0.5711908375 0.66225849375 0.5368297828124999
1 0.57514293125 0.5711755015625 0.46875 0.51875 0.4288455046875 0.6627191625 0.5352384359375 0.7151446640625 0.57514293125 0.5711755015625
1 0.5472861375 0.8047232187500001 0.514739509375 0.7162631515625 0.4234913015625 0.7759475124999999 0.4560379296875 0.8644075796875 0.5472861375 0.8047232187500001
1 0.5109375 1 0.57748463125 0.92605874375 0.5151127046874999 0.8262636609375 0.42935450781249995 0.9215505453124999 0.47838541562500003 1 0.5109375 1
1 0.49785316718750006 0.21478595781249998 0.382617721875 0.20909531874999998 0.37810145624999997 0.3716809359375 0.49333689999999997 0.377371575 0.49785316718750006 0.21478595781249998
1 0.2819679046875 0.6349099109375 0.2659206078125 0.5065315312500001 0.20510979687500003 0.5200450453125 0.2211570953125 0.6484234234375 0.2819679046875 0.6349099109375
1 0.24126911718750002 0.3564999 0.1940879890625 0.3149165328125 0.11976178281250001 0.46483948125 0.1669429109375 0.5064228484375 0.24126911718750002 0.3564999
1 0.21432233125 0.8005290265625 0.1297629921875 0.6640472859375001 0.0937851125 0.70367509375 0.1783444515625 0.8401568359375 0.21432233125 0.8005290265625