1 0.6421875 0.88125 0.2765625 0.88125 0.2765625 0.9979166671874999 0.6421875 0.9979166671874999 0.6421875 0.88125
1 0.65 0.1166666671875 0.509375 0.1166666671875 0.509375 0.1979166671875 0.65 0.1979166671875 0.65 0.1166666671875
1 0.609375 0.6354166671875 0.4796875 0.6354166671875 0.4796875 0.78125 0.609375 0.78125 0.609375 0.6354166671875
1 0.396875 0.1291666671875 0.3125 0.1291666671875 0.3125 0.2666666671875 0.396875 0.2666666671875 0.396875 0.1291666671875
1 0.725 0.48125 0.625 0.48125 0.625 0.64375 0.725 0.64375 0.725 0.48125
1 0.65 0.16875 0.5234375 0.16875 0.5234375 0.2958333328125 0.65 0.2958333328125 0.65 0.16875
1 0.4796875 0.0354166671875 0.3890625 0.0354166671875 0.3890625 0.1458333328125 0.4796875 0.1458333328125 0.4796875 0.0354166671875
1 0.2234375 0.2791666671875 0.134375 0.2791666671875 0.134375 0.4791666671875 0.2234375 0.4791666671875 0.2234375 0.2791666671875
1 0.284375 0.23333333281250002 0.2078125 0.23333333281250002 0.2078125 0.36875 0.284375 0.36875 0.284375 0.23333333281250002
1 0 0.5333333328125 0.0953125 0.5333333328125 0.0953125 0.3770833328125 0 0.3770833328125 0 0.5333333328125
1 0.43452001874999996 0.6297230984375 0.3019991328125 0.5163719 0.2721473046875 0.5784168765625 0.404668190625 0.6917680749999999 0.43452001874999996 0.6297230984375
1 0.2109375 0.225 0.17711148593749998 0.13980855781249998 0.0716511828125 0.2142511265625 0.1054771953125 0.2994425671875 0.2109375 0.225
1 0.33032718125 0.0750279640625 0.2301158359375 0.022885475 0.1935386546875 0.1478575125 0.29375 0.2 0.33032718125 0.0750279640625
1 0.4930334890625 0.33002938125000003 0.45110108281250005 0.1699238328125 0.42499403437499994 0.1820794984375 0.466926440625 0.34218504375 0.4930334890625 0.33002938125000003
1 0.5356411765625 0.4431728546875 0.5161159859375 0.37674232343749997 0.37805054843749997 0.4488846234375 0.3975757375 0.5153151546875 0.5356411765625 0.4431728546875
1 0.6085513 0.5632779375 0.5473193640625 0.44801782343749996 0.434732659375 0.5543497109375 0.49596459531250003 0.6696098265625 0.6085513 0.5632779375
1 0.6337912890624999 0.3907091984375 0.5590374031249999 0.2772895078125 0.5085969890625 0.3363914078125 0.583350875 0.44981109531249996 0.6337912890624999 0.3907091984375
1 0.33406250000000004 0.4658333328125 0.315 0.41500000000000004 0.15562499999999999 0.52125 0.1746875 0.5720833328125 0.33406250000000004 0.4658333328125