1 0.7640625 0.1916666671875 0.665625 0.1916666671875 0.665625 0.43541666718750005 0.7640625 0.43541666718750005 0.7640625 0.1916666671875
1 0.540625 0.23541666718749998 0.396875 0.23541666718749998 0.396875 0.3604166671875 0.540625 0.3604166671875 0.540625 0.23541666718749998
1 0.3140625 0.0666666671875 0.203125 0.0666666671875 0.203125 0.25833333281250004 0.3140625 0.25833333281250004 0.3140625 0.0666666671875
1 0.4609375 0.1458333328125 0.325 0.1458333328125 0.325 0.25833333281250004 0.4609375 0.25833333281250004 0.4609375 0.1458333328125
1 0.48125 0.3958333328125 0.3703125 0.3958333328125 0.3703125 0.5520833328125 0.48125 0.5520833328125 0.48125 0.3958333328125
1 0.3265625 0.40833333281249995 0.2109375 0.40833333281249995 0.2109375 0.6083333328125 0.3265625 0.6083333328125 0.3265625 0.40833333281249995
1 0.3796875 0.43125 0.2359375 0.43125 0.2359375 0.7875 0.3796875 0.7875 0.3796875 0.43125
1 0.4640625 0.0229166671875 0.3125 0.0229166671875 0.3125 0.1020833328125 0.4640625 0.1020833328125 0.4640625 0.0229166671875
1 0.659375 0.27291666718749996 0.5609375 0.27291666718749996 0.5609375 0.4479166671875 0.659375 0.4479166671875 0.659375 0.27291666718749996
1 0.5459735578125 0.56017628125 0.42217548125000004 0.5271634625 0.3959134609375 0.7022435890625001 0.5197115390625 0.7352564109374999 0.5459735578125 0.56017628125
1 0.254218878125 0.2658466859375 0.1484375 0.2208333328125 0.12043575312499999 0.33781840625 0.2262171328125 0.3828317578125 0.254218878125 0.2658466859375
1 0.3625 0.4291666671875 0.3539761671875 0.2473249015625 0.24152480468749998 0.25669585 0.2500486375 0.43853761249999995 0.3625 0.4291666671875
1 0.63975 0.21025 0.561 0.07025 0.49574999999999997 0.1355 0.5745 0.27549999999999997 0.63975 0.21025
1 0.6057971015625 0 0.5864634578125 0.07114780625 0.7477618484375 0.1490697328125 0.7685840609375 0.0724439890625 0.618625003125 0 0.6057971015625 0
1 0.134375 0 0.134375 0.12291666718750001 0.2453125 0.12291666718750001 0.2453125 0 0.134375 0