1 0.93125 0.2666666671875 0.86875 0.2666666671875 0.86875 0.41041666718750003 0.93125 0.41041666718750003 0.93125 0.2666666671875
1 0.9828125 0.8645833328125001 0.8484375 0.8645833328125001 0.8484375 0.9520833328125 0.9828125 0.9520833328125 0.9828125 0.8645833328125001
1 0.6125 0.7291666671875 0.48125 0.7291666671875 0.48125 0.8729166671874999 0.6125 0.8729166671874999 0.6125 0.7291666671875
1 0.7484375 0.42291666718750004 0.634375 0.42291666718750004 0.634375 0.5125 0.7484375 0.5125 0.7484375 0.42291666718750004
1 0.6078125 0.5875 0.5078125 0.5875 0.5078125 0.7416666671875001 0.6078125 0.7416666671875001 0.6078125 0.5875
1 1 0.40833333281249995 0.9296875 0.40833333281249995 0.9296875 0.5145833328125 1 0.5145833328125 1 0.40833333281249995
1 0.871409578125 0.3664951515625 0.7852066703125 0.435607725 0.83936943125 0.5557077609375 0.9255723390625 0.4865951875 0.871409578125 0.3664951515625
1 0.656944853125 0.8009399500000001 0.543415440625 0.9239301484375 0.5814117640625 0.9862830875 0.6949411765625 0.8632928921874999 0.656944853125 0.8009399500000001
1 0.8198918265625 0.7007211546875001 0.805408653125 0.7972756421875 0.9283052890624999 0.8300480765625 0.9427884609375001 0.7334935890625001 0.8198918265625 0.7007211546875001
1 0.93125 0.703125 0.8171875 0.703125 0.8171875 0.828125 0.93125 0.828125 0.93125 0.703125
1 0.76197484375 0.5495007765625 0.741370590625 0.65252204375 0.8522367734375 0.69194113125 0.8728410265625 0.5889198640625 0.76197484375 0.5495007765625
1 0.9984375 0.59375 0.9203125 0.59375 0.9203125 0.746875 0.9984375 0.746875 0.9984375 0.59375
1 0.765625 0.2765625 0.6953125 0.2765625 0.6953125 0.3859375 0.765625 0.3859375 0.765625 0.2765625
1 0.709375 0.9125 0.6453125 0.9125 0.6453125 0.9984375 0.709375 0.9984375 0.709375 0.9125
1 0.5748929796875 0.43520976093749997 0.4563570203125 0.49447773906250003 0.47234589062500004 0.5513270546875 0.5908818499999999 0.49205907499999996 0.5748929796875 0.43520976093749997
1 0.5412259609375 0.5248397437500001 0.5376923078125 0.5625320515625 0.6634134609375 0.5834855765625 0.666947115625 0.54579326875 0.5412259609375 0.5248397437500001
1 0.9296875 0.271875 0.8703125 0.271875 0.8703125 0.4140625 0.9296875 0.4140625 0.9296875 0.271875
1 0.8296875 0.8078125 0.709375 0.8078125 0.709375 0.971875 0.8296875 0.971875 0.8296875 0.8078125