1 0.70625 0.2203125 0.70625 0.1328125 0.5708333328124999 0.1328125 0.5708333328124999 0.2203125 0.70625 0.2203125
1 0.6645833328124999 0.453125 0.6645833328124999 0.353125 0.5604166671875 0.353125 0.5604166671875 0.453125 0.6645833328124999 0.453125
1 0.5583333328125 0.640625 0.5583333328125 0.5296875 0.4291666671875 0.5296875 0.4291666671875 0.640625 0.5583333328125 0.640625
1 0.43541666718750005 0.1140625 0.43541666718750005 0.046875 0.23541666718749998 0.046875 0.23541666718749998 0.1140625 0.43541666718750005 0.1140625
1 0.42291666718750004 0.7046875 0.42291666718750004 0.565625 0.3479166671875 0.565625 0.3479166671875 0.7046875 0.42291666718750004 0.7046875
1 0.24375 0.6421875 0.24375 0.5453125 0.11875 0.5453125 0.11875 0.6421875 0.24375 0.6421875
1 0.6074033859375 0.565467778125 0.6387780625 0.5481796890624999 0.54547944375 0.4529373484375 0.5141047640624999 0.4702254359375 0.6074033859375 0.565467778125
1 0.7021407234375 0.376724921875 0.7902384359375 0.3062467515625 0.7322342765625 0.265462578125 0.6441365640625001 0.3359407484375 0.7021407234375 0.376724921875
1 0.36875 0.275 0.36875 0.1453125 0.23125 0.1453125 0.23125 0.275 0.36875 0.275
1 0.2902963890625 0.6783543875 0.3402014328125 0.548601271875 0.27207237968750003 0.5338618125 0.2221673359375 0.663614928125 0.2902963890625 0.6783543875
1 0.18125 0.4296875 0.18125 0.3015625 0.0671875 0.3015625 0.0671875 0.4296875 0.18125 0.4296875
1 0.2585766953125 0.41180033125 0.3458333328125 0.3734375 0.2752193953125 0.283093196875 0.1879627578125 0.32145602812499996 0.2585766953125 0.41180033125
1 0.3453125 0.4 0.3453125 0.290625 0.2015625 0.290625 0.2015625 0.4 0.3453125 0.4
1 0.42714325156250005 0.4254977875 0.50782171875 0.37255254375 0.4146109875 0.2926576328125 0.3339325234375 0.3456028765625 0.42714325156250005 0.4254977875
1 0.3906159609375 0.7076573046875 0.42195636406250003 0.5685842578125 0.3736445265625 0.562460221875 0.3423041234375 0.70153326875 0.3906159609375 0.7076573046875
1 0.2890625 0.5359375 0.2890625 0.4265625 0.1421875 0.4265625 0.1421875 0.5359375 0.2890625 0.5359375
1 0.4803731953125 0.6462962765625 0.5664192828125 0.5546988265625 0.507850075 0.5237503234374999 0.42180398593749996 0.6153477734374999 0.4803731953125 0.6462962765625
1 0.68125 0.615625 0.68125 0.5015625 0.6296875 0.5015625 0.6296875 0.615625 0.68125 0.615625
1 0.4600064921875 0.198798246875 0.5640993859375001 0.170693165625 0.5197474046874999 0.0782932015625 0.4156545078125 0.1063982828125 0.4600064921875 0.198798246875
1 0.5947154484375 0.30964176875 0.6063946203125 0.2089088890625 0.4825125078125 0.2008296203125 0.47083333281249995 0.3015625 0.5947154484375 0.30964176875