1 0.3270833328125 0.05625 0.3270833328125 0.1859375 0.49375 0.1859375 0.49375 0.05625 0.3270833328125 0.05625
1 0.0208333328125 0.2296875 0.0208333328125 0.2859375 0.1854166671875 0.2859375 0.1854166671875 0.2296875 0.0208333328125 0.2296875
1 0.6166666671875001 0.0796875 0.6166666671875001 0.2078125 0.7333333328125 0.2078125 0.7333333328125 0.0796875 0.6166666671875001 0.0796875
1 0.4924320609375 0.1589892515625 0.5145833328125 0.2734375 0.6174888546874999 0.26223407656250003 0.5953375796875 0.14778582812500002 0.4924320609375 0.1589892515625
1 0.4916666671875 0.1484375 0.4916666671875 0.275 0.6104166671875 0.275 0.6104166671875 0.1484375 0.4916666671875 0.1484375
1 0.26875 0.390625 0.26875 0.5078125 0.375 0.5078125 0.375 0.390625 0.26875 0.390625
1 0.49791666718750005 0.49375 0.49791666718750005 0.575 0.65625 0.575 0.65625 0.49375 0.49791666718750005 0.49375
1 0.1395833328125 0.11875 0.1395833328125 0.215625 0.2645833328125 0.215625 0.2645833328125 0.11875 0.1395833328125 0.11875
1 0.19375 0 0.19375 0.103125 0.3625 0.103125 0.3625 0 0.19375 0
1 0.625 0.4640625 0.625 0.5703125 0.8041666671875 0.5703125 0.8041666671875 0.4640625 0.625 0.4640625
1 0.76875 0.334375 0.76875 0.3859375 0.9229166671875 0.3859375 0.9229166671875 0.334375 0.76875 0.334375
1 0.6725961546875 0.4120793265625 0.8364182687499999 0.493990384375 0.8816105765625 0.4431490390625 0.7177884625 0.36123798125 0.6725961546875 0.4120793265625
1 0.38125 0.2484375 0.38125 0.359375 0.4890625 0.359375 0.4890625 0.2484375 0.38125 0.2484375
1 0.337625 0.56575 0.44406249999999997 0.6721874999999999 0.4930625 0.644625 0.386625 0.5381875 0.337625 0.56575
1 0.0953125 0.4046875 0.0953125 0.4671875 0.221875 0.4671875 0.221875 0.4046875 0.0953125 0.4046875
1 0.6359375 0.23125 0.6359375 0.3484375 0.7921875 0.3484375 0.7921875 0.23125 0.6359375 0.23125
1 0.421875 0.453125 0.421875 0.5796875 0.4609375 0.5796875 0.4609375 0.453125 0.421875 0.453125
1 0.62053773125 0.475112959375 0.7767449234375 0.5798860765625 0.8151357453125 0.547690134375 0.6589285546875 0.44291701874999995 0.62053773125 0.475112959375
1 0.62053773125 0.475112959375 0.7769119671875 0.5799981171875 0.8153027921874999 0.5478021765625 0.6589285546875 0.44291701874999995 0.62053773125 0.475112959375
1 0.1492418328125 0.28653535625000004 0.24414439531249998 0.359869153125 0.35 0.2828125 0.2550974390625 0.209478703125 0.1492418328125 0.28653535625000004