1 0.2171875 0.3 0.140625 0.3 0.140625 0.4291666671875 0.2171875 0.4291666671875 0.2171875 0.3
1 0.378125 0.8208333328125 0.25 0.8208333328125 0.25 0.925 0.378125 0.925 0.378125 0.8208333328125
1 0.44375 0.3708333328125 0.34375 0.3708333328125 0.34375 0.4625 0.44375 0.4625 0.44375 0.3708333328125
1 0.6140625 0.48541666718750004 0.509375 0.48541666718750004 0.509375 0.6145833328125 0.6140625 0.6145833328125 0.6140625 0.48541666718750004
1 0.0921875 0.5458333328125 0.028125 0.5458333328125 0.028125 0.73125 0.0921875 0.73125 0.0921875 0.5458333328125
1 0.590625 0.7854166671875 0.4984375 0.7854166671875 0.4984375 0.9145833328125 0.590625 0.9145833328125 0.590625 0.7854166671875
1 0.5508809343750001 0.44074555000000004 0.5373609046875 0.40869807031249994 0.4369899859375 0.48397626093749996 0.4505100140625 0.5160237390625 0.5508809343750001 0.44074555000000004
1 0.3625 0.6640625 0.25625 0.6640625 0.25625 0.796875 0.3625 0.796875 0.3625 0.6640625
1 0.3755859375 0.32734375 0.3109375 0.24114583281250002 0.27109375 0.2942708328125 0.3357421875 0.38046875 0.3755859375 0.32734375
1 0.6377568499999999 0.754815925 0.5118578765625 0.6918664375 0.4929794515625 0.758989725 0.618878425 0.8219392125 0.6377568499999999 0.754815925
1 0.39765625 0.5921875 0.35588942343749996 0.5086538453125 0.2693509609375 0.5855769234375 0.3111177890625 0.6691105765625001 0.39765625 0.5921875
1 0.6728433734375 0.6606779578124999 0.5384925593750001 0.6165078265624999 0.5295147484375 0.66505450625 0.6638655640625 0.7092246375 0.6728433734375 0.6606779578124999
1 0.4890625 0.73125 0.384375 0.73125 0.384375 0.875 0.4890625 0.875 0.4890625 0.73125
1 0.24375 0.61875 0.1171875 0.61875 0.1171875 0.753125 0.24375 0.753125 0.24375 0.61875
1 0.607019959375 0.3731073640625 0.4931940375 0.3611256875 0.490000215625 0.41506581249999996 0.6038261359375 0.4270474875 0.607019959375 0.3731073640625
1 0.1796875 0.4515625 0.08125 0.4515625 0.08125 0.5484375 0.1796875 0.5484375 0.1796875 0.4515625
1 0.6204789953125001 0.56910860625 0.5361039953125 0.47535860625000004 0.5029328890625 0.5284323765625001 0.5873078890625 0.6221823765625001 0.6204789953125001 0.56910860625
1 0.3000633453125 0.41613175625 0.20426097968749998 0.3959628375 0.19013513437500001 0.5152477484375 0.2859375 0.5354166671875 0.3000633453125 0.41613175625