1 0.15 0.4458333328125 0.0765625 0.4458333328125 0.0765625 0.5479166671875 0.15 0.5479166671875 0.15 0.4458333328125
1 0.3171875 0.3083333328125 0.2515625 0.3083333328125 0.2515625 0.39791666718749996 0.3171875 0.39791666718749996 0.3171875 0.3083333328125
1 0.0828125 0.6083333328125 0.0078125 0.6083333328125 0.0078125 0.70625 0.0828125 0.70625 0.0828125 0.6083333328125
1 0.3953125 0.47083333281249995 0.3109375 0.47083333281249995 0.3109375 0.5416666671875 0.3953125 0.5416666671875 0.3953125 0.47083333281249995
1 0.3734375 0.6395833328125 0.3078125 0.6395833328125 0.3078125 0.7604166671875 0.3734375 0.7604166671875 0.3734375 0.6395833328125
1 0.2296875 0.3541666671875 0.1671875 0.3541666671875 0.1671875 0.42083333281249996 0.2296875 0.42083333281249996 0.2296875 0.3541666671875
1 0.1640625 0.775 0.09375 0.775 0.09375 0.8895833328125 0.1640625 0.8895833328125 0.1640625 0.775
1 0.175 0.5546875 0.0828125 0.5546875 0.0828125 0.6359375 0.175 0.6359375 0.175 0.5546875
1 0.2694777390625 0.5238013703125 0.19293664375 0.48553082343750004 0.1715539390625 0.56155821875 0.248095034375 0.5998287671875 0.2694777390625 0.5238013703125
1 0.490421 0.6422211265625 0.431256725 0.53868364375 0.3972202296875 0.5732604015625 0.45638450468749997 0.6767978828125 0.490421 0.6422211265625
1 0.3136202828125 0.8676886796875 0.29170400937499996 0.7118396234375 0.25467570781250004 0.7210966984375 0.27659198125 0.8769457546874999 0.3136202828125 0.8676886796875
1 0.1734375 0.665625 0.0796875 0.665625 0.0796875 0.7734375 0.1734375 0.7734375 0.1734375 0.665625
1 0.41536815000000005 0.612371575 0.3218321921875 0.5656035953125 0.31393407500000003 0.5936857875 0.407470034375 0.6404537671874999 0.41536815000000005 0.612371575
1 0.225 0.734375 0.1796875 0.734375 0.1796875 0.8796875 0.225 0.8796875 0.225 0.734375
1 0.4109375 0.371875 0.35625 0.371875 0.35625 0.446875 0.4109375 0.446875 0.4109375 0.371875
1 0.162197846875 0.4110544625 0.1531186265625 0.36935730625 0.0486549296875 0.40979486718749997 0.05773415 0.45149202343750006 0.162197846875 0.4110544625
1 0.81391509375 0.04131289375 0.78915094375 0.03187893125 0.7721108484375 0.1113993703125 0.796875 0.1208333328125 0.81391509375 0.04131289375
1 0.6640625 0 0.6640625 0.08125 0.75625 0.08125 0.75625 0 0.6640625 0
1 0.93125 0 0.93125 0.19375 0.9984375 0.19375 0.9984375 0 0.93125 0
1 0.3068741140625 0.446299575 0.283255134375 0.37937913125 0.20763102031249997 0.42682955624999996 0.23125 0.49375 0.3068741140625 0.446299575