1 0.33984375 0.365625 0.203125 0.15625
1 0.278125 0.653125 0.203125 0.153125
1 0.14296875 0.54140625 0.18125 0.0859375
1 0.703125 0.4046875 0.065625 0.1875
1 0.92578125 0.94140625 0.146875 0.1171875
1 0.87109375 0.525 0.1625 0.175
1 0.61328125 0.92578125 0.228125 0.1484375
1 0.64375 0.04453125 0.265625 0.0859375
1 0.45078125 0.78828125 0.15625 0.1484375
1 0.53046875 0.359375 0.228125 0.125
1 0.6453125 0.70078125 0.2 0.184375
1 0.8078125 0.2796875 0.1953125 0.184375
1 0.2453125 0.45546875 0.203125 0.16875
1 0.875 0.75859375 0.24375 0.2296875