1 0.634375 0.66015625 0.15625 0.20390625
1 0.346875 0.721875 0.153125 0.20234375
1 0.45859375 0.85703125 0.0859375 0.18125
1 0.5953125 0.296875 0.1875 0.06484375
1 0.05859375 0.07421875 0.1171875 0.14765625
1 0.475 0.12890625 0.175 0.1625
1 0.07421875 0.38671875 0.1484375 0.22734375
1 0.95546875 0.35625 0.0859375 0.26640625
1 0.21171875 0.54921875 0.1484375 0.15625
1 0.640625 0.46953125 0.125 0.22734375
1 0.29921875 0.3546875 0.18359375 0.20078125
1 0.7203125 0.1921875 0.18515625 0.1953125
1 0.54453125 0.7546875 0.16796875 0.20234375
1 0.24140625 0.125 0.2296875 0.24296875