1 0.9453125 0.775 0.83125 0.775 0.83125 0.93125 0.9453125 0.93125 0.9453125 0.775
1 0.9078125 0.5645833328125 0.8 0.5645833328125 0.8 0.6645833328124999 0.9078125 0.6645833328124999 0.9078125 0.5645833328125
1 0.85625 0.6708333328125 0.7484375 0.6708333328125 0.7484375 0.775 0.85625 0.775 0.85625 0.6708333328125
1 0.646875 0.8875 0.5375 0.8875 0.5375 0.9916666671875 0.646875 0.9916666671875 0.646875 0.8875
1 0.553125 0.625 0.484375 0.625 0.484375 0.76875 0.553125 0.76875 0.553125 0.625
1 1 0.8958333328125001 0.9359375 0.8958333328125001 0.9359375 1 1 1 1 0.8958333328125001
1 0.58125 0.49791666718750005 0.4921875 0.49791666718750005 0.4921875 0.6520833328125 0.58125 0.6520833328125 0.58125 0.49791666718750005
1 0.6921875 0.40833333281249995 0.6484375 0.40833333281249995 0.6484375 0.53125 0.6921875 0.53125 0.6921875 0.40833333281249995
1 0.6662259609375 0.5730769234374999 0.59921875 0.4390625 0.558653846875 0.4751201921875 0.6256610578124999 0.6091346140625 0.6662259609375 0.5730769234374999
1 0.775 0.778125 0.6765625 0.778125 0.6765625 0.8796875 0.775 0.8796875 0.775 0.778125
1 0.5104741374999999 0.8796012937500001 0.418243534375 0.7702909484375 0.38727370625 0.8167456890624999 0.4795043109375 0.9260560359375001 0.5104741374999999 0.8796012937500001
1 0.5939196265625 0.80995056875 0.479303528125 0.7792498296875 0.4735372046875 0.8175211265625 0.5881533046875 0.8482218671874999 0.5939196265625 0.80995056875
1 0.78125 0.515625 0.6828125 0.515625 0.6828125 0.6484375 0.78125 0.6484375 0.78125 0.515625
1 0.5994492828125 0.6263063515625 0.511974896875 0.4863473359375 0.48384989687499996 0.5175973359375 0.5713242828125 0.6575563515625 0.5994492828125 0.6263063515625