1 0.2140625 0.20833333281250002 0.1359375 0.20833333281250002 0.1359375 0.3416666671875 0.2140625 0.3416666671875 0.2140625 0.20833333281250002
1 0.44375 0.28125 0.3421875 0.28125 0.3421875 0.375 0.44375 0.375 0.44375 0.28125
1 0.6140625 0.3958333328125 0.5078125 0.3958333328125 0.5078125 0.525 0.6140625 0.525 0.6140625 0.3958333328125
1 0.0921875 0.4583333328125 0.0265625 0.4583333328125 0.0265625 0.64375 0.0921875 0.64375 0.0921875 0.4583333328125
1 0.6703125 0.5270833328125 0.534375 0.5270833328125 0.534375 0.6145833328125 0.6703125 0.6145833328125 0.6703125 0.5270833328125
1 0.521875 0.7895833328124999 0.4765625 0.7895833328124999 0.4765625 0.9354166671874999 0.521875 0.9354166671874999 0.521875 0.7895833328124999
1 0.3625 0.575 0.2578125 0.575 0.2578125 0.70625 0.3625 0.70625 0.3625 0.575
1 0.5525 0.3561458328125 0.5404687499999999 0.32406250000000003 0.43609375000000006 0.3936458328125 0.448125 0.4257291671875 0.5525 0.3561458328125
1 0.3796875 0.73125 0.253125 0.73125 0.253125 0.8328125 0.3796875 0.8328125 0.3796875 0.73125
1 0.37317420625 0.2349965484375 0.30292645 0.1506992390625 0.2643516921875 0.20784703124999998 0.334599446875 0.2921443375 0.37317420625 0.2349965484375
1 0.39765625 0.5046875 0.355408653125 0.42019230781249994 0.26887019218749997 0.4971153859375 0.3111177890625 0.5816105765625 0.39765625 0.5046875
1 0.6046875 0.275 0.4921875 0.275 0.4921875 0.33125 0.6046875 0.33125 0.6046875 0.275
1 0.637371575 0.6639982875 0.512628425 0.6016267125 0.4939426375 0.66806506875 0.6186857875 0.73043664375 0.637371575 0.6639982875
1 0.671790653125 0.5730067953125 0.5385055750000001 0.5273090546875 0.5293881 0.5745848484375 0.6626731796875001 0.6202825890625 0.671790653125 0.5730067953125
1 0.490625 0.640625 0.384375 0.640625 0.384375 0.784375 0.490625 0.784375 0.490625 0.640625
1 0.24375 0.5296875 0.1171875 0.5296875 0.1171875 0.6640625 0.24375 0.6640625 0.24375 0.5296875
1 0.1796875 0.3625 0.078125 0.3625 0.078125 0.4625 0.1796875 0.4625 0.1796875 0.3625
1 0.62075075625 0.48131524218750005 0.5367738281250001 0.3871592921875 0.5031883515625 0.4404119390625 0.5871652796875 0.5345678890625 0.62075075625 0.48131524218750005