1 0.7916666671875 0.8640625 0.7916666671875 0.7859375 0.6583333328125 0.7859375 0.6583333328125 0.8640625 0.7916666671875 0.8640625
1 0.71875 0.6578125 0.71875 0.55625 0.625 0.55625 0.625 0.6578125 0.71875 0.6578125
1 0.6041666671875 0.4921875 0.6041666671875 0.3859375 0.475 0.3859375 0.475 0.4921875 0.6041666671875 0.4921875
1 0.5416666671875 0.9734375 0.5416666671875 0.9078125 0.35625 0.9078125 0.35625 0.9734375 0.5416666671875 0.9734375
1 0.47291666718750003 0.465625 0.47291666718750003 0.3296875 0.3854166671875 0.3296875 0.3854166671875 0.465625 0.47291666718750003 0.465625
1 0.2104166671875 0.5234375 0.2104166671875 0.478125 0.0645833328125 0.478125 0.0645833328125 0.5234375 0.2104166671875 0.5234375
1 0.425 0.7421875 0.425 0.6375 0.29375 0.6375 0.29375 0.7421875 0.425 0.7421875
1 0.6759375000000001 0.45953125000000006 0.6438541671875 0.44749999999999995 0.5742708328125 0.551875 0.6063541671875 0.5639062499999999 0.6759375000000001 0.45953125000000006
1 0.26875 0.746875 0.26875 0.6203125 0.1671875 0.6203125 0.1671875 0.746875 0.26875 0.746875
1 0.8493007609375001 0.69707355 0.7650034515625 0.6268257937499999 0.7078556625 0.665400553125 0.79215296875 0.7356483078125 0.8493007609375001 0.69707355
1 0.5798076921875001 0.644591346875 0.4953125 0.60234375 0.41838942343749996 0.6888822109375 0.5028846140625001 0.7311298078124999 0.5798076921875001 0.644591346875
1 0.725 0.5078125 0.725 0.3953125 0.66875 0.3953125 0.66875 0.5078125 0.725 0.5078125
1 0.3983732875 0.48737157499999995 0.3360017125 0.362628425 0.26956335625 0.3813142125 0.33193493125 0.5060573625 0.3983732875 0.48737157499999995
1 0.4726909453125 0.461494425 0.42699320468749996 0.328209346875 0.3797174109375 0.3373268203125 0.4254151515625 0.4706119 0.4726909453125 0.461494425
1 0.359375 0.615625 0.359375 0.509375 0.215625 0.509375 0.215625 0.615625 0.359375 0.615625
1 0.4703125 0.8828125 0.4703125 0.75625 0.3359375 0.75625 0.3359375 0.8828125 0.4703125 0.8828125
1 0.6375 0.921875 0.6375 0.8203125 0.5375 0.8203125 0.5375 0.921875 0.6375 0.921875
1 0.6128407078125 0.463226171875 0.5186847578125 0.37924924375 0.46543211093750003 0.4128347203125 0.5595880609375 0.4968116484375 0.6128407078125 0.463226171875