1 0.6583333328125 0.1359375 0.6583333328125 0.2140625 0.7895833328124999 0.2140625 0.7895833328124999 0.1359375 0.6583333328125 0.1359375
1 0.625 0.3421875 0.625 0.44375 0.71875 0.44375 0.71875 0.3421875 0.625 0.3421875
1 0.475 0.5078125 0.475 0.6140625 0.6041666671875 0.6140625 0.6041666671875 0.5078125 0.475 0.5078125
1 0.35625 0.0265625 0.35625 0.0921875 0.5416666671875 0.0921875 0.5416666671875 0.0265625 0.35625 0.0265625
1 0.0645833328125 0.4765625 0.0645833328125 0.521875 0.2104166671875 0.521875 0.2104166671875 0.4765625 0.0645833328125 0.4765625
1 0.29375 0.2578125 0.29375 0.3625 0.4234375 0.3625 0.4234375 0.2578125 0.29375 0.2578125
1 0.6060416671875 0.43562500000000004 0.5739583328125 0.44765625 0.6433333328125 0.55171875 0.6754166671874999 0.5396875 0.6060416671875 0.43562500000000004
1 0.5022836546875 0.2691706734375 0.41838942343749996 0.3111177890625 0.4953125 0.39765625 0.57920673125 0.35570913437499996 0.5022836546875 0.2691706734375
1 0.1671875 0.253125 0.1671875 0.3796875 0.26875 0.3796875 0.26875 0.253125 0.1671875 0.253125
1 0.5515625 0.19375 0.5515625 0.2921875 0.678125 0.2921875 0.678125 0.19375 0.5515625 0.19375
1 0.79215296875 0.2643516921875 0.7078556625 0.334599446875 0.7650034515625 0.37317420625 0.8493007609375001 0.30292645 0.79215296875 0.2643516921875
1 0.6671875 0.4921875 0.6671875 0.6046875 0.725 0.6046875 0.725 0.4921875 0.6671875 0.4921875
1 0.3640625 0.49921875 0.26502403750000003 0.61063701875 0.3230769234375 0.6396634609375 0.4221153859375 0.5282451921875 0.3640625 0.49921875
1 0.42583431875000005 0.5292588609375 0.3803220046875 0.6638170078125001 0.4267592390625 0.6726520328125 0.47227155156249995 0.5380938875 0.42583431875000005 0.5292588609375
1 0.215625 0.384375 0.215625 0.490625 0.359375 0.490625 0.359375 0.384375 0.215625 0.384375
1 0.3359375 0.1171875 0.3359375 0.2453125 0.46875 0.2453125 0.46875 0.1171875 0.3359375 0.1171875
1 0.5375 0.078125 0.5375 0.1796875 0.6359375 0.1796875 0.6359375 0.078125 0.5375 0.078125
1 0.9980230062500001 0.0013002578125 0.99786475 0.001390175 0.9979282078124999 0.0014255125 0.9980864625000001 0.0013355953125 0.9980230062500001 0.0013002578125
1 0.559375 0.503125 0.46626536874999996 0.58692366875 0.5194415984375 0.6201588109375 0.6125512296875 0.53636014375 0.559375 0.503125
1 0.7752210703125 0.11852210625 0.639209425 0.153587609375 0.6657137 0.2114151203125 0.8017253453125001 0.1763496171875 0.7752210703125 0.11852210625