1 0.8671875 0.5708333328124999 0.7796875 0.5708333328124999 0.7796875 0.70625 0.8671875 0.70625 0.8671875 0.5708333328124999
1 0.646875 0.5604166671875 0.546875 0.5604166671875 0.546875 0.6645833328124999 0.646875 0.6645833328124999 0.646875 0.5604166671875
1 0.4703125 0.4291666671875 0.359375 0.4291666671875 0.359375 0.5583333328125 0.4703125 0.5583333328125 0.4703125 0.4291666671875
1 0.953125 0.23541666718749998 0.8859375 0.23541666718749998 0.8859375 0.43541666718750005 0.953125 0.43541666718750005 0.953125 0.23541666718749998
1 0.434375 0.3479166671875 0.2953125 0.3479166671875 0.2953125 0.42291666718750004 0.434375 0.42291666718750004 0.434375 0.3479166671875
1 0.4546875 0.11875 0.3578125 0.11875 0.3578125 0.24375 0.4546875 0.24375 0.4546875 0.11875
1 0.5470626515625 0.54547944375 0.5297745640625 0.5141047640624999 0.43453222187499996 0.6074033859375 0.4518203109375 0.6387780625 0.5470626515625 0.54547944375
1 0.734537421875 0.7322342765625 0.6640592515625 0.6441365640625001 0.623275078125 0.7021407234375 0.6937532484375 0.7902384359375 0.734537421875 0.7322342765625
1 0.8546875 0.23125 0.725 0.23125 0.725 0.36875 0.8546875 0.36875 0.8546875 0.23125
1 0.4661381875 0.27207237968750003 0.336385071875 0.2221673359375 0.3216456125 0.2902963890625 0.45139872812500004 0.3402014328125 0.4661381875 0.27207237968750003
1 0.6984375 0.0671875 0.5703125 0.0671875 0.5703125 0.18125 0.6984375 0.18125 0.6984375 0.0671875
1 0.716906803125 0.2752193953125 0.678543971875 0.1879627578125 0.58819966875 0.2585766953125 0.6265625 0.3458333328125 0.716906803125 0.2752193953125
1 0.709375 0.2015625 0.6 0.2015625 0.6 0.3453125 0.709375 0.3453125 0.709375 0.2015625
1 0.7073423671875 0.4146109875 0.6543971234375 0.3339325234375 0.5745022125 0.42714325156250005 0.62744745625 0.50782171875 0.7073423671875 0.4146109875
1 0.437539778125 0.3736445265625 0.29846673125 0.3423041234375 0.2923426953125 0.3906159609375 0.43141574218749995 0.42195636406250003 0.437539778125 0.3736445265625
1 0.5734375 0.1421875 0.4640625 0.1421875 0.4640625 0.2890625 0.5734375 0.2890625 0.5734375 0.1421875
1 0.47624967656250006 0.507850075 0.3846522265625 0.42180398593749996 0.3537037234375 0.4803731953125 0.4453011734375 0.5664192828125 0.47624967656250006 0.507850075
1 0.4984375 0.6296875 0.384375 0.6296875 0.384375 0.68125 0.4984375 0.68125 0.4984375 0.6296875
1 0.9217067984374999 0.5197474046874999 0.8936017171874999 0.4156545078125 0.8012017531250001 0.4600064921875 0.8293068343750001 0.5640993859375001 0.9217067984374999 0.5197474046874999
1 0.7991703796875 0.4825125078125 0.6984375 0.47083333281249995 0.6903582312500001 0.5947154484375 0.7910911109375001 0.6063946203125 0.7991703796875 0.4825125078125