1 0.70625 0.8671875 0.70625 0.7796875 0.5708333328124999 0.7796875 0.5708333328124999 0.8671875 0.70625 0.8671875
1 0.18125 0.7 0.18125 0.5703125 0.06875 0.5703125 0.06875 0.7 0.18125 0.7
1 0.6645833328124999 0.646875 0.6645833328124999 0.546875 0.5604166671875 0.546875 0.5604166671875 0.646875 0.6645833328124999 0.646875
1 0.5583333328125 0.4703125 0.5583333328125 0.359375 0.4291666671875 0.359375 0.4291666671875 0.4703125 0.5583333328125 0.4703125
1 0.43541666718750005 0.953125 0.43541666718750005 0.8859375 0.23541666718749998 0.8859375 0.23541666718749998 0.953125 0.43541666718750005 0.953125
1 0.42291666718750004 0.434375 0.42291666718750004 0.2953125 0.3479166671875 0.2953125 0.3479166671875 0.434375 0.42291666718750004 0.434375
1 0.24375 0.4546875 0.24375 0.3578125 0.11875 0.3578125 0.11875 0.4546875 0.24375 0.4546875
1 0.6387600765625 0.4518048671875 0.607398725 0.434531621875 0.5141255296875 0.529789353125 0.54548688125 0.5470625984375 0.6387600765625 0.4518048671875
1 0.7902384359375 0.6937532484375 0.7021407234375 0.623275078125 0.6433049640624999 0.6646439703125 0.7314026765625 0.7351221406249999 0.7902384359375 0.6937532484375
1 0.36875 0.8546875 0.36875 0.725 0.23125 0.725 0.23125 0.8546875 0.36875 0.8546875
1 0.3397666640625 0.4502683296875 0.2902963890625 0.3216456125 0.22250021250000002 0.3363130546875 0.2719704890625 0.464935771875 0.3397666640625 0.4502683296875
1 0.3453125 0.7078125 0.3453125 0.6 0.2015625 0.6 0.2015625 0.7078125 0.3453125 0.7078125
1 0.50804956875 0.6288038796875 0.4270043109375 0.57477370625 0.3335560359375 0.6536206890625 0.41460129375 0.7076508625 0.50804956875 0.6288038796875
1 0.2890625 0.571875 0.2890625 0.4640625 0.14375 0.4640625 0.14375 0.571875 0.2890625 0.571875
1 0.42195946093750003 0.4316300671875 0.3910050671875 0.2923353046875 0.34235641875 0.298416384375 0.37331081093749996 0.4377111484375 0.42195946093750003 0.4316300671875
1 0.5664311390625001 0.44533904843750005 0.4800252203125 0.3531727359375 0.42140734843749994 0.3840845046875 0.5078132671875 0.4762508171875 0.5664311390625001 0.44533904843750005
1 0.68125 0.4984375 0.68125 0.384375 0.6296875 0.384375 0.6296875 0.4984375 0.68125 0.4984375