1 0.228125 0.2104166671875 0.1734375 0.2104166671875 0.1734375 0.3270833328125 0.228125 0.3270833328125 0.228125 0.2104166671875
1 0 0.7270833328124999 0.0828125 0.7270833328124999 0.0828125 0.6291666671875 0 0.6291666671875 0 0.7270833328124999
1 0 0.9291666671875 0.55625 0.9291666671875 0.55625 0.1666666671875 0 0.1666666671875 0 0.9291666671875
1 0.3640625 0.3916666671875 0.2734375 0.3916666671875 0.2734375 0.47083333281249995 0.3640625 0.47083333281249995 0.3640625 0.3916666671875
1 0.1546875 0.2958333328125 0.0875 0.2958333328125 0.0875 0.375 0.1546875 0.375 0.1546875 0.2958333328125
1 0.2544025734375 0.3757720578125 0.2074172796875 0.3026838234375 0.14037683750000002 0.3793014703125 0.1873621328125 0.45238970624999997 0.2544025734375 0.3757720578125
1 0.103125 0.428125 0.028125 0.428125 0.028125 0.5453125 0.103125 0.5453125 0.103125 0.428125
1 0.234375 0.471875 0.146875 0.471875 0.146875 0.553125 0.234375 0.553125 0.234375 0.471875
1 0.406882621875 0.5332164625 0.3057507625 0.5043216453125 0.30098323125 0.53398628125 0.40211509218749997 0.5628810984375 0.406882621875 0.5332164625
1 0.3796875 0.575 0.328125 0.575 0.328125 0.7015625 0.3796875 0.7015625 0.3796875 0.575
1 0.1859375 0.6625 0.09375 0.6625 0.09375 0.78125 0.1859375 0.78125 0.1859375 0.6625
1 0.3484375 0.2640625 0.3 0.2640625 0.3 0.35625 0.3484375 0.35625 0.3484375 0.2640625
1 0.23125 0.2171875 0.1671875 0.2171875 0.1671875 0.3265625 0.23125 0.3265625 0.23125 0.2171875
1 0.28097426406250003 0.8500919124999999 0.253492646875 0.7035232828125 0.2078125 0.71875 0.23529411718749998 0.8653186265624999 0.28097426406250003 0.8500919124999999
1 0.215625 0 0.215625 0.075 0.2609375 0.075 0.2609375 0 0.215625 0
1 0.6895772828125 0.54814416875 0.6839771140625001 0.49089800156249996 0.49528853906250003 0.52371340625 0.5008887078125001 0.5809595734374999 0.6895772828125 0.54814416875
1 0.1546875 0.5666666671875 0.06869035 0.5432128984375 0.0570192421875 0.6192912328125 0.1430163921875 0.642745 0.1546875 0.5666666671875
1 0 0.43333333281249997 0.016460440625 0.4494279875 0.0734375 0.3458333328125 0.043903540625 0.31695568281250003 0 0.3967803046875 0 0.43333333281249997
1 0.4864175609375 0.5421816359375 0.40866957031249995 0.4482361484375 0.3815063671875 0.4882004015625 0.45925435625000005 0.5821458890625 0.4864175609375 0.5421816359375
1 0.1953125 0.7770833328125 0.16015625 0.771875 0.150209603125 0.89123475625 0.185365853125 0.8964430890624999 0.1953125 0.7770833328125
1 0.36707217187499996 0.8048310640624999 0.29813168125 0.6682632359375 0.2647548671875 0.6982167859375 0.33369535781250004 0.8347846140625 0.36707217187499996 0.8048310640624999