1 0.2203125 0.29375 0.1328125 0.29375 0.1328125 0.4291666671875 0.2203125 0.4291666671875 0.2203125 0.29375
1 0.4296875 0.81875 0.3 0.81875 0.3 0.93125 0.4296875 0.93125 0.4296875 0.81875
1 0.453125 0.33541666718749996 0.353125 0.33541666718749996 0.353125 0.43958333281249995 0.453125 0.43958333281249995 0.453125 0.33541666718749996
1 0.640625 0.44166666718750003 0.5296875 0.44166666718750003 0.5296875 0.5708333328124999 0.640625 0.5708333328124999 0.640625 0.44166666718750003
1 0.1140625 0.5645833328125 0.046875 0.5645833328125 0.046875 0.7645833328125 0.1140625 0.7645833328125 0.1140625 0.5645833328125
1 0.7046875 0.5770833328125 0.565625 0.5770833328125 0.565625 0.6520833328125 0.7046875 0.6520833328125 0.7046875 0.5770833328125
1 0.6421875 0.75625 0.5453125 0.75625 0.5453125 0.88125 0.6421875 0.88125 0.6421875 0.75625
1 0.5654683781250001 0.39260127499999997 0.5481951328125 0.3612399234375 0.45293740156249995 0.45451311875 0.470210646875 0.4858744703125 0.5654683781250001 0.39260127499999997
1 0.376724921875 0.2978592765625 0.3062467515625 0.2097615640625 0.26487785937499997 0.2685973234375 0.3353560296875 0.35669503593749996 0.376724921875 0.2978592765625
1 0.275 0.63125 0.1453125 0.63125 0.1453125 0.76875 0.275 0.76875 0.275 0.63125
1 0.6783543875 0.7097036109375 0.5497316703124999 0.6602333359375 0.535064228125 0.7280295109375 0.6636869453124999 0.7774997875 0.6783543875 0.7097036109375
1 0.4 0.6546875 0.2921875 0.6546875 0.2921875 0.7984375 0.4 0.7984375 0.4 0.6546875
1 0.42522629375000004 0.5729956890625 0.3711961203125 0.49195043125 0.29234913749999997 0.58539870625 0.3463793109375 0.6664439640625 0.42522629375000004 0.5729956890625
1 0.5359375 0.7109375 0.428125 0.7109375 0.428125 0.85625 0.5359375 0.85625 0.5359375 0.7109375
1 0.7076646953125 0.6089949328125 0.5683699328125 0.5780405390625 0.5622888515625 0.6266891890624999 0.7015836156249999 0.65764358125 0.7076646953125 0.6089949328125
1 0.6468272640625 0.5199747796875 0.5546609515625 0.43356886093749997 0.5237491828125 0.49218673281249997 0.6159154953125 0.5785926515625001 0.6468272640625 0.5199747796875
1 0.615625 0.31875 0.5015625 0.31875 0.5015625 0.3703125 0.615625 0.3703125 0.615625 0.31875