1 0.0546875 0.93125 0.16875 0.93125 0.16875 0.775 0.0546875 0.775 0.0546875 0.93125
1 0.0921875 0.6645833328124999 0.2 0.6645833328124999 0.2 0.5645833328125 0.0921875 0.5645833328125 0.0921875 0.6645833328124999
1 0.14375 0.775 0.2515625 0.775 0.2515625 0.6708333328125 0.14375 0.6708333328125 0.14375 0.775
1 0.353125 0.9916666671875 0.4625 0.9916666671875 0.4625 0.8875 0.353125 0.8875 0.353125 0.9916666671875
1 0.446875 0.76875 0.515625 0.76875 0.515625 0.625 0.446875 0.625 0.446875 0.76875
1 0.0640625 1 0.0640625 0.8958333328125001 0 0.8958333328125001 0 1 0.0640625 1
1 0.41875 0.6520833328125 0.5078125 0.6520833328125 0.5078125 0.49791666718750005 0.41875 0.49791666718750005 0.41875 0.6520833328125
1 0.3078125 0.53125 0.3515625 0.53125 0.3515625 0.40833333281249995 0.3078125 0.40833333281249995 0.3078125 0.53125
1 0.37433894218749997 0.6091346140625 0.44134615312500003 0.4751201921875 0.40078125 0.4390625 0.3337740390625 0.5730769234374999 0.37433894218749997 0.6091346140625
1 0.225 0.8796875 0.3234375 0.8796875 0.3234375 0.778125 0.225 0.778125 0.225 0.8796875
1 0.5204956890625 0.9260560359375001 0.61272629375 0.8167456890624999 0.581756465625 0.7702909484375 0.4895258625 0.8796012937500001 0.5204956890625 0.9260560359375001
1 0.4118466953125 0.8482218671874999 0.5264627953125001 0.8175211265625 0.520696471875 0.7792498296875 0.4060803734375 0.80995056875 0.4118466953125 0.8482218671874999
1 0.21875 0.6484375 0.3171875 0.6484375 0.3171875 0.515625 0.21875 0.515625 0.21875 0.6484375
1 0.4286757171875 0.6575563515625 0.516150103125 0.5175973359375 0.488025103125 0.4863473359375 0.4005507171875 0.6263063515625 0.4286757171875 0.6575563515625