1 0.2140625 0.2104166671875 0.1359375 0.2104166671875 0.1359375 0.3416666671875 0.2140625 0.3416666671875 0.2140625 0.2104166671875
1 0.44375 0.28125 0.3421875 0.28125 0.3421875 0.375 0.44375 0.375 0.44375 0.28125
1 0.6140625 0.3958333328125 0.5078125 0.3958333328125 0.5078125 0.525 0.6140625 0.525 0.6140625 0.3958333328125
1 0.0921875 0.4583333328125 0.0265625 0.4583333328125 0.0265625 0.64375 0.0921875 0.64375 0.0921875 0.4583333328125
1 0.521875 0.7895833328124999 0.4765625 0.7895833328124999 0.4765625 0.9354166671874999 0.521875 0.9354166671874999 0.521875 0.7895833328124999
1 0.3625 0.5765625 0.2578125 0.5765625 0.2578125 0.70625 0.3625 0.70625 0.3625 0.5765625
1 0.55171875 0.3566666671875 0.5396875 0.32458333281249996 0.43562500000000004 0.3939583328125 0.44765625 0.42604166718750003 0.55171875 0.3566666671875
1 0.39765625 0.5046875 0.35570913437499996 0.42079326874999995 0.2691706734375 0.4977163453125 0.3111177890625 0.5816105765625 0.39765625 0.5046875
1 0.3796875 0.73125 0.253125 0.73125 0.253125 0.8328125 0.3796875 0.8328125 0.3796875 0.73125
1 0.2921875 0.321875 0.19375 0.321875 0.19375 0.4484375 0.2921875 0.4484375 0.2921875 0.321875
1 0.37317420625 0.2349965484375 0.30292645 0.1506992390625 0.2643516921875 0.20784703124999998 0.334599446875 0.2921443375 0.37317420625 0.2349965484375
1 0.6046875 0.275 0.4921875 0.275 0.4921875 0.3328125 0.6046875 0.3328125 0.6046875 0.275
1 0.6396634609375 0.6769230765625001 0.5282451921875 0.5778846140625 0.49921875 0.6359375 0.61063701875 0.7349759625 0.6396634609375 0.6769230765625001
1 0.6726520328125 0.5732407609375 0.5380938875 0.5277284484375 0.5292588609375 0.57416568125 0.6638170078125001 0.6196779953125 0.6726520328125 0.5732407609375
1 0.490625 0.640625 0.384375 0.640625 0.384375 0.784375 0.490625 0.784375 0.490625 0.640625
1 0.2453125 0.53125 0.1171875 0.53125 0.1171875 0.6640625 0.2453125 0.6640625 0.2453125 0.53125
1 0.1796875 0.3640625 0.078125 0.3640625 0.078125 0.4625 0.1796875 0.4625 0.1796875 0.3640625
1 0.0014255125 0.0020717921875 0.0013355953125 0.0019135375 0.0013002578125 0.0019769937500000003 0.001390175 0.00213525 0.0014255125 0.0020717921875
1 0.6201588109375 0.48055840156249996 0.53636014375 0.38744877031249997 0.503125 0.440625 0.58692366875 0.53373463125 0.6201588109375 0.48055840156249996
1 0.2114151203125 0.3342863 0.1763496171875 0.1982746546875 0.11852210625 0.22477892968750002 0.153587609375 0.360790575 0.2114151203125 0.3342863