1 0.2666666671875 0.06875 0.2666666671875 0.13125 0.41041666718750003 0.13125 0.41041666718750003 0.06875 0.2666666671875 0.06875
1 0.8645833328125001 0.0171875 0.8645833328125001 0.1515625 0.9520833328125 0.1515625 0.9520833328125 0.0171875 0.8645833328125001 0.0171875
1 0.7291666671875 0.3875 0.7291666671875 0.51875 0.8729166671874999 0.51875 0.8729166671874999 0.3875 0.7291666671875 0.3875
1 0.42291666718750004 0.2515625 0.42291666718750004 0.365625 0.5125 0.365625 0.5125 0.2515625 0.42291666718750004 0.2515625
1 0.5875 0.3921875 0.5875 0.4921875 0.7416666671875001 0.4921875 0.7416666671875001 0.3921875 0.5875 0.3921875
1 0.40833333281249995 0 0.40833333281249995 0.0703125 0.5145833328125 0.0703125 0.5145833328125 0 0.40833333281249995 0
1 0.3664951515625 0.128590421875 0.435607725 0.21479332968749998 0.5557077609375 0.16063056874999998 0.4865951875 0.0744276609375 0.3664951515625 0.128590421875
1 0.8009399500000001 0.343055146875 0.9239301484375 0.456584559375 0.9862830875 0.41858823593750005 0.8632928921874999 0.3050588234375 0.8009399500000001 0.343055146875
1 0.7007211546875001 0.18010817343750002 0.7972756421875 0.194591346875 0.8300480765625 0.07169471093749999 0.7334935890625001 0.057211539062500004 0.7007211546875001 0.18010817343750002
1 0.703125 0.06875 0.703125 0.1828125 0.828125 0.1828125 0.828125 0.06875 0.703125 0.06875
1 0.5495007765625 0.23802515624999998 0.65252204375 0.258629409375 0.69194113125 0.14776322656250002 0.5889198640625 0.1271589734375 0.5495007765625 0.23802515624999998
1 0.59375 0.0015625 0.59375 0.0796875 0.746875 0.0796875 0.746875 0.0015625 0.59375 0.0015625
1 0.2765625 0.234375 0.2765625 0.3046875 0.3859375 0.3046875 0.3859375 0.234375 0.2765625 0.234375
1 0.9125 0.290625 0.9125 0.3546875 0.9984375 0.3546875 0.9984375 0.290625 0.9125 0.290625
1 0.43520976093749997 0.4251070203125 0.49447773906250003 0.5436429796875 0.5513270546875 0.527654109375 0.49205907499999996 0.40911815 0.43520976093749997 0.4251070203125
1 0.5248397437500001 0.4587740390625 0.5625320515625 0.46230769218749995 0.5834855765625 0.33658653906249997 0.54579326875 0.33305288437499997 0.5248397437500001 0.4587740390625
1 0.271875 0.0703125 0.271875 0.1296875 0.4140625 0.1296875 0.4140625 0.0703125 0.271875 0.0703125
1 0.8078125 0.1703125 0.8078125 0.290625 0.971875 0.290625 0.971875 0.1703125 0.8078125 0.1703125