1 0.49375 0.94375 0.49375 0.8140625 0.3270833328125 0.8140625 0.3270833328125 0.94375 0.49375 0.94375
1 0.1854166671875 0.7703125 0.1854166671875 0.7140625 0.0208333328125 0.7140625 0.0208333328125 0.7703125 0.1854166671875 0.7703125
1 0.7333333328125 0.9203125 0.7333333328125 0.7921875 0.6166666671875001 0.7921875 0.6166666671875001 0.9203125 0.7333333328125 0.9203125
1 0.5953375796875 0.8522141718749999 0.6174888546874999 0.7377659234375 0.5145833328125 0.7265625 0.4924320609375 0.8410107484375 0.5953375796875 0.8522141718749999
1 0.6104166671875 0.8515625 0.6104166671875 0.725 0.4916666671875 0.725 0.4916666671875 0.8515625 0.6104166671875 0.8515625
1 0.375 0.609375 0.375 0.4921875 0.26875 0.4921875 0.26875 0.609375 0.375 0.609375
1 0.65625 0.50625 0.65625 0.425 0.49791666718750005 0.425 0.49791666718750005 0.50625 0.65625 0.50625
1 0.2645833328125 0.88125 0.2645833328125 0.784375 0.1395833328125 0.784375 0.1395833328125 0.88125 0.2645833328125 0.88125
1 0.3625 1 0.3625 0.896875 0.19375 0.896875 0.19375 1 0.3625 1
1 0.8041666671875 0.5359375 0.8041666671875 0.4296875 0.625 0.4296875 0.625 0.5359375 0.8041666671875 0.5359375
1 0.9229166671875 0.665625 0.9229166671875 0.6140625 0.76875 0.6140625 0.76875 0.665625 0.9229166671875 0.665625
1 0.7177884625 0.6387620187499999 0.8816105765625 0.5568509609375 0.8364182687499999 0.506009615625 0.6725961546875 0.5879206734375 0.7177884625 0.6387620187499999
1 0.4890625 0.7515625 0.4890625 0.640625 0.38125 0.640625 0.38125 0.7515625 0.4890625 0.7515625
1 0.386625 0.4618125 0.4930625 0.355375 0.44406249999999997 0.3278125 0.337625 0.43425 0.386625 0.4618125
1 0.221875 0.5953125 0.221875 0.5328125 0.0953125 0.5328125 0.0953125 0.5953125 0.221875 0.5953125
1 0.7921875 0.76875 0.7921875 0.6515625 0.6359375 0.6515625 0.6359375 0.76875 0.7921875 0.76875
1 0.4609375 0.546875 0.4609375 0.4203125 0.421875 0.4203125 0.421875 0.546875 0.4609375 0.546875
1 0.6589285546875 0.55708298125 0.8151357453125 0.45230986562500003 0.7767449234375 0.4201139234375 0.62053773125 0.524887040625 0.6589285546875 0.55708298125
1 0.6589285546875 0.55708298125 0.8153027921874999 0.45219782343750003 0.7769119671875 0.42000188281249995 0.62053773125 0.524887040625 0.6589285546875 0.55708298125
1 0.2550974390625 0.790521296875 0.35 0.7171875 0.24414439531249998 0.640130846875 0.1492418328125 0.71346464375 0.2550974390625 0.790521296875