1 0.2203125 0.29375 0.1328125 0.29375 0.1328125 0.4291666671875 0.2203125 0.4291666671875 0.2203125 0.29375
1 0.453125 0.33541666718749996 0.353125 0.33541666718749996 0.353125 0.43958333281249995 0.453125 0.43958333281249995 0.453125 0.33541666718749996
1 0.640625 0.44166666718750003 0.5296875 0.44166666718750003 0.5296875 0.5708333328124999 0.640625 0.5708333328124999 0.640625 0.44166666718750003
1 0.1140625 0.5645833328125 0.046875 0.5645833328125 0.046875 0.7645833328125 0.1140625 0.7645833328125 0.1140625 0.5645833328125
1 0.7046875 0.5770833328125 0.565625 0.5770833328125 0.565625 0.6520833328125 0.7046875 0.6520833328125 0.7046875 0.5770833328125
1 0.6421875 0.75625 0.5453125 0.75625 0.5453125 0.88125 0.6421875 0.88125 0.6421875 0.75625
1 0.565467778125 0.3925966140625 0.5481796890624999 0.3612219375 0.4529373484375 0.45452055625 0.4702254359375 0.48589523593750006 0.565467778125 0.3925966140625
1 0.376724921875 0.2978592765625 0.3062467515625 0.2097615640625 0.265462578125 0.2677657234375 0.3359407484375 0.35586343593750003 0.376724921875 0.2978592765625
1 0.275 0.63125 0.1453125 0.63125 0.1453125 0.76875 0.275 0.76875 0.275 0.63125
1 0.6783543875 0.7097036109375 0.548601271875 0.6597985671875 0.5338618125 0.7279276203125 0.663614928125 0.7778326640625 0.6783543875 0.7097036109375
1 0.4296875 0.81875 0.3015625 0.81875 0.3015625 0.9328125 0.4296875 0.9328125 0.4296875 0.81875
1 0.41180033125 0.7414233046875001 0.3734375 0.6541666671875 0.283093196875 0.7247806046874999 0.32145602812499996 0.8120372421875001 0.41180033125 0.7414233046875001
1 0.4 0.6546875 0.290625 0.6546875 0.290625 0.7984375 0.4 0.7984375 0.4 0.6546875
1 0.4254977875 0.5728567484375 0.37255254375 0.49217828125 0.2926576328125 0.5853890125000001 0.3456028765625 0.6660674765625 0.4254977875 0.5728567484375
1 0.7076573046875 0.6093840390625 0.5685842578125 0.5780436359375 0.562460221875 0.6263554734375 0.70153326875 0.6576958765625001 0.7076573046875 0.6093840390625
1 0.5359375 0.7109375 0.4265625 0.7109375 0.4265625 0.8578125 0.5359375 0.8578125 0.5359375 0.7109375
1 0.6462962765625 0.5196268046875 0.5546988265625 0.4335807171875 0.5237503234374999 0.492149925 0.6153477734374999 0.5781960140625 0.6462962765625 0.5196268046875
1 0.615625 0.31875 0.5015625 0.31875 0.5015625 0.3703125 0.615625 0.3703125 0.615625 0.31875
1 0.198798246875 0.5399935078125 0.170693165625 0.43590061406249997 0.0782932015625 0.48025259531250003 0.1063982828125 0.5843454921875 0.198798246875 0.5399935078125
1 0.30964176875 0.4052845515625 0.2089088890625 0.3936053796875 0.2008296203125 0.5174874921875 0.3015625 0.5291666671875 0.30964176875 0.4052845515625