1 0.7625 0.8791666671874999 0.8921875 0.8791666671874999 0.8921875 0.6916666671875 0.7625 0.6916666671875 0.7625 0.8791666671874999
1 0.7625 0.5666666671875 0.8921875 0.5666666671875 0.8921875 0.425 0.7625 0.425 0.7625 0.5666666671875
1 0.3875 0.4875 0.4875 0.4875 0.4875 0.28125 0.3875 0.28125 0.3875 0.4875
1 0.675 0.6875 0.8125 0.6875 0.8125 0.5479166671875 0.675 0.5479166671875 0.675 0.6875
1 0.3984375 0.89375 0.5265625 0.89375 0.5265625 0.7666666671875 0.3984375 0.7666666671875 0.3984375 0.89375
1 0.3671875 0.6125 0.4390625 0.6125 0.4390625 0.44166666718750003 0.3671875 0.44166666718750003 0.3671875 0.6125
1 0.809375 1 0.809375 0.9541666671875 0.7109375 0.9541666671875 0.7109375 1 0.809375 1
1 0.59375 0.35625 0.6421875 0.35625 0.6421875 0.2 0.59375 0.2 0.59375 0.35625
1 0.574249834375 0.7806656171874999 0.6941057015625 0.7866584109375 0.697590059375 0.6627701265625 0.5777341921875 0.6567773359375 0.574249834375 0.7806656171874999
1 0.2337711796875 0.6460296515625 0.3350642828125 0.7878399984375 0.37322198281249996 0.7393857749999999 0.2719288796875 0.59757543125 0.2337711796875 0.6460296515625
1 0.4811580875 0.2547181375 0.5174632359375 0.4483455875 0.580055146875 0.4274816171875 0.54375 0.2338541671875 0.4811580875 0.2547181375
1 0.6844068875 1 0.7330047140625 0.9389411937500001 0.6477886265625 0.8183633296874999 0.5533802640625 0.9369789624999999 0.5979191703125 1 0.6844068875 1
1 0.3362677671875 0.6614089484375001 0.472590171875 0.7207751546875001 0.482742690625 0.6793294796875 0.3464202875 0.6199632703125 0.3362677671875 0.6614089484375001
1 0.615625 0.5109375 0.740625 0.5109375 0.740625 0.346875 0.615625 0.346875 0.615625 0.5109375
1 0.4265625 0.9984375 0.496875 0.9984375 0.496875 0.946875 0.4265625 0.946875 0.4265625 0.9984375
1 0.90115740625 1 0.9887515171875 0.9526991812500001 0.9588729703125001 0.8543335953125 0.8210262484375 0.9287708265625 0.8426621093750001 1 0.90115740625 1