1 0.0890625 0.1166666671875 0.2265625 0.1166666671875 0.2265625 0.0083333328125 0.0890625 0.0083333328125 0.0890625 0.1166666671875
1 0.2296875 0.6125 0.340625 0.6125 0.340625 0.5104166671875 0.2296875 0.5104166671875 0.2296875 0.6125
1 0.4 0.4791666671875 0.509375 0.4791666671875 0.509375 0.3333333328125 0.4 0.3333333328125 0.4 0.4791666671875
1 0 0.5395833328124999 0.046875 0.5395833328124999 0.046875 0.43125 0 0.43125 0 0.5395833328124999
1 0.4171875 0.33125 0.559375 0.33125 0.559375 0.2270833328125 0.4171875 0.2270833328125 0.4171875 0.33125
1 0.359375 0.14375 0.453125 0.14375 0.453125 0.0020833328125000002 0.359375 0.0020833328125000002 0.359375 0.14375
1 0.2323905453125 0.4611056484375 0.275004759375 0.3652236671875 0.1743972078125 0.28573128125 0.13178299531249998 0.3816132609375 0.2323905453125 0.4611056484375
1 0.4384123046875 0.5621762828125 0.451567578125 0.5277451953125001 0.33719715 0.4500596203125 0.324041875 0.4844907078125 0.4384123046875 0.5621762828125
1 0.20237490937499997 0.2959044125 0.235141609375 0.20634210468749997 0.1244406234375 0.1343414625 0.091673925 0.2239037734375 0.20237490937499997 0.2959044125
1 0.10625 0.2890625 0.221875 0.2890625 0.221875 0.1453125 0.10625 0.1453125 0.10625 0.2890625
1 0.21425 0.7626875 0.2710625 0.6616875 0.21974999999999997 0.610375 0.1629375 0.711375 0.21425 0.7626875
1 0.0015625 0.3484375 0.0984375 0.3484375 0.0984375 0.2 0.0015625 0.2 0.0015625 0.3484375
1 0.404875 0.27325 0.5186875 0.1594375 0.48268750000000005 0.0954375 0.368875 0.20925 0.404875 0.27325
1 0.2390625 0.2109375 0.353125 0.2109375 0.353125 0.0515625 0.2390625 0.0515625 0.2390625 0.2109375
1 0 0.6784090890625001 0.0373507171875 0.7055732484374999 0.092705015625 0.5702627390624999 0.045630971874999995 0.5360270703125 0 0.6475694437499999 0 0.6784090890625001
1 0.39418251249999997 0.6162211671875 0.517448565625 0.6080034296875 0.5151145578125 0.5457631953125001 0.39184850312499997 0.5539809328125 0.39418251249999997 0.6162211671875
1 0.43515625 0.4869791671875 0.515625 0.3796875 0.4744140625 0.32473958281250004 0.3939453125 0.43203125 0.43515625 0.4869791671875
1 0.42077010625 0.3309815078125 0.565381446875 0.27395168281250004 0.5537905296875001 0.2217005640625 0.4091791890625 0.27873038906250003 0.42077010625 0.3309815078125
1 0.08000657343749999 0.60057935625 0.1811497890625 0.5692171203124999 0.15698675625 0.4306824015625 0.0558435421875 0.4620446375 0.08000657343749999 0.60057935625