1 0.16875 0.06875 0.0546875 0.06875 0.0546875 0.225 0.16875 0.225 0.16875 0.06875
1 0.2 0.33541666718749996 0.0921875 0.33541666718749996 0.0921875 0.43541666718750005 0.2 0.43541666718750005 0.2 0.33541666718749996
1 0.2515625 0.225 0.14375 0.225 0.14375 0.3291666671875 0.2515625 0.3291666671875 0.2515625 0.225
1 0.4625 0.0083333328125 0.353125 0.0083333328125 0.353125 0.1125 0.4625 0.1125 0.4625 0.0083333328125
1 0.515625 0.23125 0.446875 0.23125 0.446875 0.375 0.515625 0.375 0.515625 0.23125
1 0 0 0 0.1041666671875 0.0640625 0.1041666671875 0.0640625 0 0 0
1 0.5078125 0.3479166671875 0.41875 0.3479166671875 0.41875 0.5020833328125 0.5078125 0.5020833328125 0.5078125 0.3479166671875
1 0.3515625 0.46875 0.3078125 0.46875 0.3078125 0.5916666671875 0.3515625 0.5916666671875 0.3515625 0.46875
1 0.44134615312500003 0.5248798078125 0.37433894218749997 0.39086538593750003 0.3337740390625 0.4269230765625 0.40078125 0.5609375 0.44134615312500003 0.5248798078125
1 0.3234375 0.1203125 0.225 0.1203125 0.225 0.221875 0.3234375 0.221875 0.3234375 0.1203125
1 0.61272629375 0.1832543109375 0.5204956890625 0.0739439640625 0.4895258625 0.12039870625 0.581756465625 0.2297090515625 0.61272629375 0.1832543109375
1 0.5264627953125001 0.1824788734375 0.4118466953125 0.15177813281250002 0.4060803734375 0.19004943125 0.520696471875 0.22075017031250002 0.5264627953125001 0.1824788734375
1 0.3171875 0.3515625 0.21875 0.3515625 0.21875 0.484375 0.3171875 0.484375 0.3171875 0.3515625
1 0.516150103125 0.4824026640625 0.4286757171875 0.3424436484375 0.4005507171875 0.3736936484375 0.488025103125 0.5136526640625 0.516150103125 0.4824026640625