1 0.5541666671875001 0.9234375 0.5541666671875001 0.85 0.45208333281249996 0.85 0.45208333281249996 0.9234375 0.5541666671875001 0.9234375
1 0.6916666671875 0.7484375 0.6916666671875 0.6828125 0.6020833328124999 0.6828125 0.6020833328124999 0.7484375 0.6916666671875 0.7484375
1 0.3916666671875 0.9921875 0.3916666671875 0.9171875 0.29375 0.9171875 0.29375 0.9921875 0.3916666671875 0.9921875
1 0.5291666671875 0.6890625 0.5291666671875 0.6046875 0.4583333328125 0.6046875 0.4583333328125 0.6890625 0.5291666671875 0.6890625
1 0.3604166671875 0.6921875 0.3604166671875 0.6265625 0.23958333281250002 0.6265625 0.23958333281250002 0.6921875 0.3604166671875 0.6921875
1 0.6458333328125 0.8328125 0.6458333328125 0.7703125 0.5791666671875 0.7703125 0.5791666671875 0.8328125 0.6458333328125 0.8328125
1 0.225 0.90625 0.225 0.8359375 0.11041666718750001 0.8359375 0.11041666718750001 0.90625 0.225 0.90625
1 0.4453125 0.9171875 0.4453125 0.825 0.3640625 0.825 0.3640625 0.9171875 0.4453125 0.9171875
1 0.5144691765625 0.8070633562499999 0.47619862968750004 0.7305222609375 0.40017123281250006 0.751904965625 0.43844178125 0.8284460609375 0.5144691765625 0.8070633562499999
1 0.46131635624999995 0.568743275 0.3577788734375 0.509579 0.3232021171875 0.5436154953125001 0.4267395984375 0.6027797703125 0.46131635624999995 0.568743275
1 0.2881603765625 0.708295990625 0.13231132031249998 0.6863797171875 0.1230542453125 0.72340801875 0.2789033015625 0.7453242921875 0.2881603765625 0.708295990625
1 0.334375 0.9203125 0.334375 0.8265625 0.2265625 0.8265625 0.2265625 0.9203125 0.334375 0.9203125
1 0.43439640468749996 0.6781678078125 0.387628425 0.58463185 0.3595462328125 0.592529965625 0.4063142125 0.6860659250000001 0.43439640468749996 0.6781678078125
1 0.265625 0.8203125 0.265625 0.775 0.1203125 0.775 0.1203125 0.8203125 0.265625 0.8203125
1 0.628125 0.64375 0.628125 0.5890625 0.553125 0.5890625 0.553125 0.64375 0.628125 0.64375
1 0.63064269375 0.8468813734375 0.5889455375 0.8378021531250001 0.5485079765624999 0.9422658500000001 0.5902051328125 0.9513450703125 0.63064269375 0.8468813734375
1 0.96812106875 0.21084905625 0.95868710625 0.18608490625000002 0.8791666671874999 0.203125 0.8886006296875 0.22788915156249998 0.96812106875 0.21084905625
1 1 0.24375 0.91875 0.24375 0.91875 0.3359375 1 0.3359375 1 0.24375
1 1 0.0015625 0.80625 0.0015625 0.80625 0.06875 1 0.06875 1 0.0015625
1 0.62062086875 0.7167448656250001 0.5537004249999999 0.6931258859375 0.50625 0.76875 0.57317044375 0.7923689796875 0.62062086875 0.7167448656250001