1 0.359375 0.325 0.1859375 0.325 0.1859375 0.5479166671875 0.359375 0.5479166671875 0.359375 0.325
1 0.4453125 0.6979166671875 0.2921875 0.6979166671875 0.2921875 0.8145833328125001 0.4453125 0.8145833328125001 0.4453125 0.6979166671875
1 0.89375 0.6125 0.7453125 0.6125 0.7453125 0.8145833328125001 0.89375 0.8145833328125001 0.89375 0.6125
1 0.4875 0.5229166671875001 0.3453125 0.5229166671875001 0.3453125 0.66875 0.4875 0.66875 0.4875 0.5229166671875001
1 0.775 0.1166666671875 0.6015625 0.1166666671875 0.6015625 0.275 0.775 0.275 0.775 0.1166666671875
1 0.8921875 0.42291666718750004 0.775 0.42291666718750004 0.775 0.64375 0.8921875 0.64375 0.8921875 0.42291666718750004
1 0.3375 0.01875 0.1984375 0.01875 0.1984375 0.20416666718749998 0.3375 0.20416666718749998 0.3375 0.01875
1 0.1921875 0.1416666671875 0.08125 0.1416666671875 0.08125 0.41041666718750003 0.1921875 0.41041666718750003 0.1921875 0.1416666671875
1 0.68125 0.8104166671874999 0.603125 0.8104166671874999 0.603125 0.9833333328125 0.68125 0.9833333328125 0.68125 0.8104166671874999
1 0.6921875 0.0015625 0.609375 0.0015625 0.609375 0.0359375 0.6921875 0.0359375 0.6921875 0.0015625
1 0.797144034375 0.8583258953125 0.683328521875 0.6919801453125001 0.631399084375 0.7551457765625 0.7452145984375 0.9214915265625001 0.797144034375 0.8583258953125
1 0.591552028125 0.47568962656249997 0.5732546703125 0.3155877421875 0.42408446718750004 0.3458953375 0.442381825 0.505997225 0.591552028125 0.47568962656249997
1 0.001598671875 0.0006245203125 0.0013482484375 0.0003574015625 0.0012889546875 0.0005330875 0.001539378125 0.00080020625 0.001598671875 0.0006245203125
1 0.5482140671875 0.1018065703125 0.40803678593750004 0.0050567625 0.3286114375 0.2096372078125 0.46878871718750004 0.3063870171875 0.5482140671875 0.1018065703125
1 0.609375 0.675 0.4671875 0.675 0.4671875 0.8578125 0.609375 0.8578125 0.609375 0.675
1 0.890625 0.3375 0.70625 0.3375 0.70625 0.3921875 0.890625 0.3921875 0.890625 0.3375