1 0.8140625 0.45208333281249996 0.640625 0.45208333281249996 0.640625 0.675 0.8140625 0.675 0.8140625 0.45208333281249996
1 0.7078125 0.1854166671875 0.5546875 0.1854166671875 0.5546875 0.3020833328125 0.7078125 0.3020833328125 0.7078125 0.1854166671875
1 0.2546875 0.1854166671875 0.10625 0.1854166671875 0.10625 0.3875 0.2546875 0.3875 0.2546875 0.1854166671875
1 0.6546875 0.33125 0.5125 0.33125 0.5125 0.4770833328125 0.6546875 0.4770833328125 0.6546875 0.33125
1 0.3984375 0.725 0.225 0.725 0.225 0.8833333328125 0.3984375 0.8833333328125 0.3984375 0.725
1 0.225 0.35625 0.1078125 0.35625 0.1078125 0.5770833328125 0.225 0.5770833328125 0.225 0.35625
1 0.8015625 0.7958333328125 0.6625 0.7958333328125 0.6625 0.98125 0.8015625 0.98125 0.8015625 0.7958333328125
1 0.91875 0.5895833328125 0.8078125 0.5895833328125 0.8078125 0.8583333328125 0.91875 0.8583333328125 0.91875 0.5895833328125
1 0.396875 0.0166666671875 0.31875 0.0166666671875 0.31875 0.1895833328125 0.396875 0.1895833328125 0.396875 0.0166666671875
1 0.390625 0.9640625 0.3078125 0.9640625 0.3078125 0.9984375 0.390625 0.9984375 0.390625 0.9640625
1 0.36860091562499997 0.24485422343750002 0.2547854015625 0.0785084734375 0.20285596562500002 0.1416741046875 0.316671478125 0.30801985468750004 0.36860091562499997 0.24485422343750002
1 0.5759155328125 0.6541046625 0.557618175 0.49400277499999995 0.408447971875 0.5243103734375001 0.4267453296875 0.6844122578125 0.5759155328125 0.6541046625
1 0.9987110453125 0.9994669125 0.9984606218750001 0.9991997937500001 0.998401328125 0.9993754796875001 0.9986517515625 0.9996425984374999 0.9987110453125 0.9994669125
1 0.6713885625 0.7903627921874999 0.5312112828125 0.6936129828125 0.45178593281249996 0.8981934296875 0.5919632140625 0.9949432375 0.6713885625 0.7903627921874999
1 0.5328125 0.1421875 0.390625 0.1421875 0.390625 0.325 0.5328125 0.325 0.5328125 0.1421875
1 0.29375 0.6078125 0.109375 0.6078125 0.109375 0.6625 0.29375 0.6625 0.29375 0.6078125