1 0.8921875 0.1208333328125 0.7625 0.1208333328125 0.7625 0.3083333328125 0.8921875 0.3083333328125 0.8921875 0.1208333328125
1 0.8921875 0.43333333281249997 0.7625 0.43333333281249997 0.7625 0.575 0.8921875 0.575 0.8921875 0.43333333281249997
1 0.4875 0.5125 0.3875 0.5125 0.3875 0.71875 0.4875 0.71875 0.4875 0.5125
1 0.8125 0.3125 0.675 0.3125 0.675 0.45208333281249996 0.8125 0.45208333281249996 0.8125 0.3125
1 0.5265625 0.10625 0.3984375 0.10625 0.3984375 0.23333333281250002 0.5265625 0.23333333281250002 0.5265625 0.10625
1 0.4390625 0.3875 0.3671875 0.3875 0.3671875 0.5583333328125 0.4390625 0.5583333328125 0.4390625 0.3875
1 0.7109375 0 0.7109375 0.0458333328125 0.809375 0.0458333328125 0.809375 0 0.7109375 0
1 0.6421875 0.64375 0.59375 0.64375 0.59375 0.8 0.6421875 0.8 0.6421875 0.64375
1 0.6941057015625 0.21334158906249998 0.574249834375 0.2193343828125 0.5777341921875 0.3432226640625 0.697590059375 0.3372298734375 0.6941057015625 0.21334158906249998
1 0.3350642828125 0.21216000156249998 0.2337711796875 0.35397034843749997 0.2719288796875 0.40242456875 0.37322198281249996 0.260614225 0.3350642828125 0.21216000156249998
1 0.5174632359375 0.5516544125 0.4811580875 0.7452818625 0.54375 0.7661458328124999 0.580055146875 0.5725183828125 0.5174632359375 0.5516544125
1 0.5979191703125 0 0.5533802640625 0.0630210375 0.6477886265625 0.1816366703125 0.7330047140625 0.06105880625 0.6844068875 0 0.5979191703125 0
1 0.472590171875 0.2792248453125 0.3362677671875 0.3385910515625 0.3464202875 0.3800367296875 0.482742690625 0.3206705203125 0.472590171875 0.2792248453125
1 0.740625 0.4890625 0.615625 0.4890625 0.615625 0.653125 0.740625 0.653125 0.740625 0.4890625
1 0.496875 0.0015625 0.4265625 0.0015625 0.4265625 0.053125 0.496875 0.053125 0.496875 0.0015625
1 0.8426621093750001 0 0.8210262484375 0.0712291734375 0.9588729703125001 0.1456664046875 0.9887515171875 0.04730081875 0.90115740625 0 0.8426621093750001 0