1 0.1328125 0.70625 0.2203125 0.70625 0.2203125 0.5708333328124999 0.1328125 0.5708333328124999 0.1328125 0.70625
1 0.3 0.18125 0.4296875 0.18125 0.4296875 0.06875 0.3 0.06875 0.3 0.18125
1 0.353125 0.6645833328124999 0.453125 0.6645833328124999 0.453125 0.5604166671875 0.353125 0.5604166671875 0.353125 0.6645833328124999
1 0.046875 0.43541666718750005 0.1140625 0.43541666718750005 0.1140625 0.23541666718749998 0.046875 0.23541666718749998 0.046875 0.43541666718750005
1 0.565625 0.42291666718750004 0.7046875 0.42291666718750004 0.7046875 0.3479166671875 0.565625 0.3479166671875 0.565625 0.42291666718750004
1 0.5453125 0.24375 0.6421875 0.24375 0.6421875 0.11875 0.5453125 0.11875 0.5453125 0.24375
1 0.5481796890624999 0.6387780625 0.565467778125 0.6074033859375 0.4702254359375 0.5141047640624999 0.4529373484375 0.54547944375 0.5481796890624999 0.6387780625
1 0.3062467515625 0.7902384359375 0.376724921875 0.7021407234375 0.3353560296875 0.6433049640624999 0.26487785937499997 0.7314026765625 0.3062467515625 0.7902384359375
1 0.1453125 0.3671875 0.2734375 0.3671875 0.2734375 0.23125 0.1453125 0.23125 0.1453125 0.3671875
1 0.548601271875 0.3402014328125 0.6783543875 0.2902963890625 0.663614928125 0.2221673359375 0.5338618125 0.27207237968750003 0.548601271875 0.3402014328125
1 0.3765625 0.3458333328125 0.41389048125 0.2534021421875 0.3210865828125 0.1867737 0.2837586015625 0.27920489375 0.3765625 0.3458333328125
1 0.3710883625 0.50821120625 0.42522629375000004 0.4270043109375 0.3463793109375 0.3335560359375 0.29224137968749997 0.41476293125 0.3710883625 0.50821120625
1 0.428125 0.2890625 0.5359375 0.2890625 0.5359375 0.1421875 0.428125 0.1421875 0.428125 0.2890625
1 0.5683916953125 0.4219997578125 0.7076573046875 0.3906159609375 0.701489875 0.3419617890625 0.5622242640625 0.3733455875 0.5683916953125 0.4219997578125
1 0.5541912484375 0.5665697875 0.646743996875 0.48195013124999997 0.6164170953125 0.42298115625 0.523864346875 0.5076008125 0.5541912484375 0.5665697875
1 0.5015625 0.68125 0.615625 0.68125 0.615625 0.6296875 0.5015625 0.6296875 0.5015625 0.68125
1 0.18849897499999999 0.5478483609375 0.19545338125 0.4458504109375 0.09359631093750001 0.43350409843750004 0.08664190625 0.5355020500000001 0.18849897499999999 0.5478483609375