1 0.2203125 0.29375 0.1328125 0.29375 0.1328125 0.4291666671875 0.2203125 0.4291666671875 0.2203125 0.29375
1 0.4296875 0.81875 0.3 0.81875 0.3 0.93125 0.4296875 0.93125 0.4296875 0.81875
1 0.453125 0.33541666718749996 0.353125 0.33541666718749996 0.353125 0.43958333281249995 0.453125 0.43958333281249995 0.453125 0.33541666718749996
1 0.1140625 0.5645833328125 0.046875 0.5645833328125 0.046875 0.7645833328125 0.1140625 0.7645833328125 0.1140625 0.5645833328125
1 0.7046875 0.5770833328125 0.565625 0.5770833328125 0.565625 0.6520833328125 0.7046875 0.6520833328125 0.7046875 0.5770833328125
1 0.6421875 0.75625 0.5453125 0.75625 0.5453125 0.88125 0.6421875 0.88125 0.6421875 0.75625
1 0.565467778125 0.3925966140625 0.5481796890624999 0.3612219375 0.4529373484375 0.45452055625 0.4702254359375 0.48589523593750006 0.565467778125 0.3925966140625
1 0.376724921875 0.2978592765625 0.3062467515625 0.2097615640625 0.26487785937499997 0.2685973234375 0.3353560296875 0.35669503593749996 0.376724921875 0.2978592765625
1 0.2734375 0.6328125 0.1453125 0.6328125 0.1453125 0.76875 0.2734375 0.76875 0.2734375 0.6328125
1 0.6783543875 0.7097036109375 0.548601271875 0.6597985671875 0.5338618125 0.7279276203125 0.663614928125 0.7778326640625 0.6783543875 0.7097036109375
1 0.41389048125 0.7465978578125 0.3765625 0.6541666671875 0.2837586015625 0.72079510625 0.3210865828125 0.8132263 0.41389048125 0.7465978578125
1 0.42522629375000004 0.5729956890625 0.3710883625 0.49178879374999995 0.29224137968749997 0.5852370687499999 0.3463793109375 0.6664439640625 0.42522629375000004 0.5729956890625
1 0.5359375 0.7109375 0.428125 0.7109375 0.428125 0.8578125 0.5359375 0.8578125 0.5359375 0.7109375
1 0.7076573046875 0.6093840390625 0.5683916953125 0.5780002421875 0.5622242640625 0.6266544125 0.701489875 0.6580382109375 0.7076573046875 0.6093840390625
1 0.646743996875 0.51804986875 0.5541912484375 0.43343021249999997 0.523864346875 0.49239918749999995 0.6164170953125 0.57701884375 0.646743996875 0.51804986875
1 0.615625 0.31875 0.5015625 0.31875 0.5015625 0.3703125 0.615625 0.3703125 0.615625 0.31875
1 0.19545338125 0.5541495890625 0.18849897499999999 0.4521516390625 0.08664190625 0.46449795 0.09359631093750001 0.5664959015625 0.19545338125 0.5541495890625