1 0.2375 0.1208333328125 0.1078125 0.1208333328125 0.1078125 0.3083333328125 0.2375 0.3083333328125 0.2375 0.1208333328125
1 0.2375 0.43333333281249997 0.1078125 0.43333333281249997 0.1078125 0.575 0.2375 0.575 0.2375 0.43333333281249997
1 0.6125 0.5125 0.5125 0.5125 0.5125 0.71875 0.6125 0.71875 0.6125 0.5125
1 0.325 0.3125 0.1875 0.3125 0.1875 0.45208333281249996 0.325 0.45208333281249996 0.325 0.3125
1 0.6015625 0.10625 0.4734375 0.10625 0.4734375 0.23333333281250002 0.6015625 0.23333333281250002 0.6015625 0.10625
1 0.6328125 0.3875 0.5609375 0.3875 0.5609375 0.5583333328125 0.6328125 0.5583333328125 0.6328125 0.3875
1 0.190625 0 0.190625 0.0458333328125 0.2890625 0.0458333328125 0.2890625 0 0.190625 0
1 0.40625 0.64375 0.3578125 0.64375 0.3578125 0.8 0.40625 0.8 0.40625 0.64375
1 0.42575016562499995 0.2193343828125 0.3058942984375 0.21334158906249998 0.302409940625 0.3372298734375 0.4222658078125 0.3432226640625 0.42575016562499995 0.2193343828125
1 0.7662288203125 0.35397034843749997 0.6649357171875 0.21216000156249998 0.6267780171874999 0.260614225 0.7280711203125 0.40242456875 0.7662288203125 0.35397034843749997
1 0.5188419125 0.7452818625 0.4825367640625 0.5516544125 0.41994485312499996 0.5725183828125 0.45625 0.7661458328124999 0.5188419125 0.7452818625
1 0.3155931125 0 0.2669952859375 0.06105880625 0.3522113734375 0.1816366703125 0.44661973593750004 0.0630210375 0.4020808296875 0 0.3155931125 0
1 0.6637322328125 0.3385910515625 0.5274098281249999 0.2792248453125 0.5172573093749999 0.3206705203125 0.6535797125 0.3800367296875 0.6637322328125 0.3385910515625
1 0.384375 0.4890625 0.259375 0.4890625 0.259375 0.653125 0.384375 0.653125 0.384375 0.4890625
1 0.5734375 0.0015625 0.503125 0.0015625 0.503125 0.053125 0.5734375 0.053125 0.5734375 0.0015625
1 0.09884259375 0 0.0112484828125 0.04730081875 0.0411270296875 0.1456664046875 0.1789737515625 0.0712291734375 0.157337890625 0 0.09884259375 0