1 0.5708333328124999 0.140625 0.5708333328124999 0.2171875 0.7 0.2171875 0.7 0.140625 0.5708333328124999 0.140625
1 0.075 0.25 0.075 0.378125 0.17916666718750002 0.378125 0.17916666718750002 0.25 0.075 0.25
1 0.5375 0.34375 0.5375 0.44375 0.6291666671875 0.44375 0.6291666671875 0.34375 0.5375 0.34375
1 0.3854166671875 0.509375 0.3854166671875 0.6140625 0.5145833328125 0.6140625 0.5145833328125 0.509375 0.3854166671875 0.509375
1 0.26875 0.028125 0.26875 0.0921875 0.45416666718750004 0.0921875 0.45416666718750004 0.028125 0.26875 0.028125
1 0.08541666718749999 0.4984375 0.08541666718749999 0.590625 0.21458333281250003 0.590625 0.21458333281250003 0.4984375 0.08541666718749999 0.4984375
1 0.5160237390625 0.4369899859375 0.48397626093749996 0.4505100140625 0.55925445 0.5508809343750001 0.5913019296875001 0.5373609046875 0.5160237390625 0.4369899859375
1 0.203125 0.25625 0.203125 0.3625 0.3359375 0.3625 0.3359375 0.25625 0.203125 0.25625
1 0.7057291671875 0.27109375 0.61953125 0.3357421875 0.67265625 0.3755859375 0.7588541671875 0.3109375 0.7057291671875 0.27109375
1 0.241010275 0.4929794515625 0.1780607875 0.618878425 0.245184075 0.6377568499999999 0.3081335625 0.5118578765625 0.241010275 0.4929794515625
1 0.4144230765625 0.2693509609375 0.3308894234375 0.3111177890625 0.4078125 0.39765625 0.49134615468750004 0.35588942343749996 0.4144230765625 0.2693509609375
1 0.33494549375 0.5295147484375 0.29077536249999997 0.6638655640625 0.3393220421875 0.6728433734375 0.3834921734375 0.5384925593750001 0.33494549375 0.5295147484375
1 0.125 0.384375 0.125 0.4890625 0.26875 0.4890625 0.26875 0.384375 0.125 0.384375
1 0.246875 0.1171875 0.246875 0.24375 0.38125 0.24375 0.38125 0.1171875 0.246875 0.1171875
1 0.5849341875 0.490000215625 0.5729525125 0.6038261359375 0.6268926359375 0.607019959375 0.6388743125 0.4931940375 0.5849341875 0.490000215625
1 0.4515625 0.08125 0.4515625 0.1796875 0.5484375 0.1796875 0.5484375 0.08125 0.4515625 0.08125
1 0.47156762343749997 0.5029328890625 0.3778176234375 0.5873078890625 0.43089139374999996 0.6204789953125001 0.52464139375 0.5361039953125 0.47156762343749997 0.5029328890625
1 0.4847522515625 0.19013513437500001 0.46458333281249997 0.2859375 0.58386824375 0.3000633453125 0.6040371625 0.20426097968749998 0.4847522515625 0.19013513437500001