1 0.859375 0.3 0.7828125 0.3 0.7828125 0.4291666671875 0.859375 0.4291666671875 0.859375 0.3
1 0.75 0.8208333328125 0.621875 0.8208333328125 0.621875 0.925 0.75 0.925 0.75 0.8208333328125
1 0.65625 0.3708333328125 0.55625 0.3708333328125 0.55625 0.4625 0.65625 0.4625 0.65625 0.3708333328125
1 0.490625 0.48541666718750004 0.3859375 0.48541666718750004 0.3859375 0.6145833328125 0.490625 0.6145833328125 0.490625 0.48541666718750004
1 0.971875 0.5458333328125 0.9078125 0.5458333328125 0.9078125 0.73125 0.971875 0.73125 0.971875 0.5458333328125
1 0.5015625 0.7854166671875 0.409375 0.7854166671875 0.409375 0.9145833328125 0.5015625 0.9145833328125 0.5015625 0.7854166671875
1 0.4626390953125 0.40869807031249994 0.449119065625 0.44074555000000004 0.5494899859375 0.5160237390625 0.5630100140625001 0.48397626093749996 0.4626390953125 0.40869807031249994
1 0.74375 0.6640625 0.6375 0.6640625 0.6375 0.796875 0.74375 0.796875 0.74375 0.6640625
1 0.6890625 0.24114583281250002 0.6244140625 0.32734375 0.6642578125 0.38046875 0.72890625 0.2942708328125 0.6890625 0.24114583281250002
1 0.48814212343749996 0.6918664375 0.36224314999999996 0.754815925 0.381121575 0.8219392125 0.5070205484375 0.758989725 0.48814212343749996 0.6918664375
1 0.6441105765625 0.5086538453125 0.60234375 0.5921875 0.6888822109375 0.6691105765625001 0.7306490390625 0.5855769234375 0.6441105765625 0.5086538453125
1 0.461507440625 0.6165078265624999 0.3271566265625 0.6606779578124999 0.3361344359375 0.7092246375 0.47048525156250004 0.66505450625 0.461507440625 0.6165078265624999
1 0.615625 0.73125 0.5109375 0.73125 0.5109375 0.875 0.615625 0.875 0.615625 0.73125
1 0.8828125 0.61875 0.75625 0.61875 0.75625 0.753125 0.8828125 0.753125 0.8828125 0.61875
1 0.5068059625 0.3611256875 0.392980040625 0.3731073640625 0.3961738640625 0.4270474875 0.5099997843749999 0.41506581249999996 0.5068059625 0.3611256875
1 0.91875 0.4515625 0.8203125 0.4515625 0.8203125 0.5484375 0.91875 0.5484375 0.91875 0.4515625
1 0.4638960046875 0.47535860625000004 0.3795210046875 0.56910860625 0.4126921109375 0.6221823765625001 0.4970671109375 0.5284323765625001 0.4638960046875 0.47535860625000004
1 0.7957390203125 0.3959628375 0.6999366546875 0.41613175625 0.7140625 0.5354166671875 0.809864865625 0.5152477484375 0.7957390203125 0.3959628375