1 0.1734375 0.7895833328124999 0.228125 0.7895833328124999 0.228125 0.6729166671875 0.1734375 0.6729166671875 0.1734375 0.7895833328124999
1 0 0.3708333328125 0.0828125 0.3708333328125 0.0828125 0.27291666718749996 0 0.27291666718749996 0 0.3708333328125
1 0 0.8333333328125001 0.55625 0.8333333328125001 0.55625 0.07083333281250001 0 0.07083333281250001 0 0.8333333328125001
1 0.2734375 0.6083333328125 0.3640625 0.6083333328125 0.3640625 0.5291666671875 0.2734375 0.5291666671875 0.2734375 0.6083333328125
1 0.0875 0.7041666671875 0.1546875 0.7041666671875 0.1546875 0.625 0.0875 0.625 0.0875 0.7041666671875
1 0.2074172796875 0.6973161765625 0.2544025734375 0.6242279421875 0.1873621328125 0.54761029375 0.14037683750000002 0.6206985296875 0.2074172796875 0.6973161765625
1 0.028125 0.571875 0.103125 0.571875 0.103125 0.4546875 0.028125 0.4546875 0.028125 0.571875
1 0.146875 0.528125 0.234375 0.528125 0.234375 0.446875 0.146875 0.446875 0.146875 0.528125
1 0.3057507625 0.4956783546875 0.406882621875 0.4667835375 0.40211509218749997 0.4371189015625 0.30098323125 0.46601371875000003 0.3057507625 0.4956783546875
1 0.328125 0.425 0.3796875 0.425 0.3796875 0.2984375 0.328125 0.2984375 0.328125 0.425
1 0.09375 0.3375 0.1859375 0.3375 0.1859375 0.21875 0.09375 0.21875 0.09375 0.3375
1 0.3 0.7359375 0.3484375 0.7359375 0.3484375 0.64375 0.3 0.64375 0.3 0.7359375
1 0.1671875 0.7828125 0.23125 0.7828125 0.23125 0.6734375 0.1671875 0.6734375 0.1671875 0.7828125
1 0.253492646875 0.2964767171875 0.28097426406250003 0.1499080875 0.23529411718749998 0.1346813734375 0.2078125 0.28125 0.253492646875 0.2964767171875
1 0.2609375 1 0.2609375 0.925 0.215625 0.925 0.215625 1 0.2609375 1
1 0.6839771140625001 0.5091019984375 0.6895772828125 0.45185583124999995 0.5008887078125001 0.4190404265625 0.49528853906250003 0.47628659375 0.6839771140625001 0.5091019984375
1 0.06869035 0.4567871015625 0.1546875 0.43333333281249997 0.1430163921875 0.357255 0.0570192421875 0.3807087671875 0.06869035 0.4567871015625
1 0 0.6032196953125 0.043903540625 0.6830443171875 0.0734375 0.6541666671875 0.016460440625 0.5505720125 0 0.5666666671875 0 0.6032196953125
1 0.40866957031249995 0.5517638515625001 0.4864175609375 0.45781836406250004 0.45925435625000005 0.41785411093749997 0.3815063671875 0.5117995984375 0.40866957031249995 0.5517638515625001
1 0.16015625 0.228125 0.1953125 0.22291666718749997 0.185365853125 0.1035569109375 0.150209603125 0.10876524375 0.16015625 0.228125
1 0.29813168125 0.3317367640625 0.36707217187499996 0.1951689359375 0.33369535781250004 0.16521538593750001 0.2647548671875 0.30178321406249997 0.29813168125 0.3317367640625