1 0.8671875 0.29375 0.7796875 0.29375 0.7796875 0.4291666671875 0.8671875 0.4291666671875 0.8671875 0.29375
1 0.7 0.81875 0.5703125 0.81875 0.5703125 0.93125 0.7 0.93125 0.7 0.81875
1 0.646875 0.33541666718749996 0.546875 0.33541666718749996 0.546875 0.43958333281249995 0.646875 0.43958333281249995 0.646875 0.33541666718749996
1 0.4703125 0.44166666718750003 0.359375 0.44166666718750003 0.359375 0.5708333328124999 0.4703125 0.5708333328124999 0.4703125 0.44166666718750003
1 0.953125 0.5645833328125 0.8859375 0.5645833328125 0.8859375 0.7645833328125 0.953125 0.7645833328125 0.953125 0.5645833328125
1 0.434375 0.5770833328125 0.2953125 0.5770833328125 0.2953125 0.6520833328125 0.434375 0.6520833328125 0.434375 0.5770833328125
1 0.4546875 0.75625 0.3578125 0.75625 0.3578125 0.88125 0.4546875 0.88125 0.4546875 0.75625
1 0.4518048671875 0.3612399234375 0.434531621875 0.39260127499999997 0.529789353125 0.4858744703125 0.5470625984375 0.45451311875 0.4518048671875 0.3612399234375
1 0.6937532484375 0.2097615640625 0.623275078125 0.2978592765625 0.6646439703125 0.35669503593749996 0.7351221406249999 0.2685973234375 0.6937532484375 0.2097615640625
1 0.8546875 0.63125 0.725 0.63125 0.725 0.76875 0.8546875 0.76875 0.8546875 0.63125
1 0.4502683296875 0.6602333359375 0.3216456125 0.7097036109375 0.3363130546875 0.7774997875 0.464935771875 0.7280295109375 0.4502683296875 0.6602333359375
1 0.7078125 0.6546875 0.6 0.6546875 0.6 0.7984375 0.7078125 0.7984375 0.7078125 0.6546875
1 0.6288038796875 0.49195043125 0.57477370625 0.5729956890625 0.6536206890625 0.6664439640625 0.7076508625 0.58539870625 0.6288038796875 0.49195043125
1 0.571875 0.7109375 0.4640625 0.7109375 0.4640625 0.85625 0.571875 0.85625 0.571875 0.7109375
1 0.4316300671875 0.5780405390625 0.2923353046875 0.6089949328125 0.298416384375 0.65764358125 0.4377111484375 0.6266891890624999 0.4316300671875 0.5780405390625
1 0.44533904843750005 0.43356886093749997 0.3531727359375 0.5199747796875 0.3840845046875 0.5785926515625001 0.4762508171875 0.49218673281249997 0.44533904843750005 0.43356886093749997
1 0.4984375 0.31875 0.384375 0.31875 0.384375 0.3703125 0.4984375 0.3703125 0.4984375 0.31875