1 0.8640625 0.2104166671875 0.7859375 0.2104166671875 0.7859375 0.3416666671875 0.8640625 0.3416666671875 0.8640625 0.2104166671875
1 0.6578125 0.28125 0.55625 0.28125 0.55625 0.375 0.6578125 0.375 0.6578125 0.28125
1 0.4921875 0.3958333328125 0.3859375 0.3958333328125 0.3859375 0.525 0.4921875 0.525 0.4921875 0.3958333328125
1 0.9734375 0.4583333328125 0.9078125 0.4583333328125 0.9078125 0.64375 0.9734375 0.64375 0.9734375 0.4583333328125
1 0.5234375 0.7895833328124999 0.478125 0.7895833328124999 0.478125 0.9354166671874999 0.5234375 0.9354166671874999 0.5234375 0.7895833328124999
1 0.7421875 0.5765625 0.6375 0.5765625 0.6375 0.70625 0.7421875 0.70625 0.7421875 0.5765625
1 0.4603125 0.32458333281249996 0.44828124999999996 0.3566666671875 0.55234375 0.42604166718750003 0.564375 0.3939583328125 0.4603125 0.32458333281249996
1 0.644290865625 0.42079326874999995 0.60234375 0.5046875 0.6888822109375 0.5816105765625 0.7308293265625 0.4977163453125 0.644290865625 0.42079326874999995
1 0.746875 0.73125 0.6203125 0.73125 0.6203125 0.8328125 0.746875 0.8328125 0.746875 0.73125
1 0.80625 0.321875 0.7078125 0.321875 0.7078125 0.4484375 0.80625 0.4484375 0.80625 0.321875
1 0.69707355 0.1506992390625 0.6268257937499999 0.2349965484375 0.665400553125 0.2921443375 0.7356483078125 0.20784703124999998 0.69707355 0.1506992390625
1 0.5078125 0.275 0.3953125 0.275 0.3953125 0.3328125 0.5078125 0.3328125 0.5078125 0.275
1 0.47175480781249995 0.5778846140625 0.3603365390625 0.6769230765625001 0.38936298125 0.7349759625 0.50078125 0.6359375 0.47175480781249995 0.5778846140625
1 0.4619061125 0.5277284484375 0.32734796718750003 0.5732407609375 0.33618299218750003 0.6196779953125 0.47074113906250004 0.57416568125 0.4619061125 0.5277284484375
1 0.615625 0.640625 0.509375 0.640625 0.509375 0.784375 0.615625 0.784375 0.615625 0.640625
1 0.8828125 0.53125 0.7546875 0.53125 0.7546875 0.6640625 0.8828125 0.6640625 0.8828125 0.53125
1 0.921875 0.3640625 0.8203125 0.3640625 0.8203125 0.4625 0.921875 0.4625 0.921875 0.3640625
1 0.9986644046875 0.0019135375 0.9985744875 0.0020717921875 0.998609825 0.00213525 0.9986997421874999 0.0019769937500000003 0.9986644046875 0.0019135375
1 0.46363985625000004 0.38744877031249997 0.37984118906250003 0.48055840156249996 0.41307633125 0.53373463125 0.496875 0.440625 0.46363985625000004 0.38744877031249997
1 0.8236503828125 0.1982746546875 0.7885848796875 0.3342863 0.8464123906250001 0.360790575 0.88147789375 0.22477892968750002 0.8236503828125 0.1982746546875