1 0.2265625 0.8833333328125 0.0890625 0.8833333328125 0.0890625 0.9916666671875 0.2265625 0.9916666671875 0.2265625 0.8833333328125
1 0.340625 0.3875 0.2296875 0.3875 0.2296875 0.4895833328125 0.340625 0.4895833328125 0.340625 0.3875
1 0.509375 0.5208333328125 0.4 0.5208333328125 0.4 0.6666666671875 0.509375 0.6666666671875 0.509375 0.5208333328125
1 0 0.56875 0.046875 0.56875 0.046875 0.4604166671875 0 0.4604166671875 0 0.56875
1 0.559375 0.66875 0.4171875 0.66875 0.4171875 0.7729166671875001 0.559375 0.7729166671875001 0.559375 0.66875
1 0.453125 0.85625 0.359375 0.85625 0.359375 0.9979166671874999 0.453125 0.9979166671874999 0.453125 0.85625
1 0.275004759375 0.6347763328125 0.2323905453125 0.5388943515625 0.13178299531249998 0.6183867390625 0.1743972078125 0.71426871875 0.275004759375 0.6347763328125
1 0.451567578125 0.4722548046875 0.4384123046875 0.4378237171875 0.324041875 0.5155092921875 0.33719715 0.5499403796875 0.451567578125 0.4722548046875
1 0.235141609375 0.7936578953125 0.20237490937499997 0.7040955875 0.091673925 0.7760962265625 0.1244406234375 0.8656585375000001 0.235141609375 0.7936578953125
1 0.221875 0.7109375 0.10625 0.7109375 0.10625 0.8546875 0.221875 0.8546875 0.221875 0.7109375
1 0.2710625 0.3383125 0.21425 0.23731249999999998 0.1629375 0.288625 0.21974999999999997 0.389625 0.2710625 0.3383125
1 0.0984375 0.6515625 0.0015625 0.6515625 0.0015625 0.8 0.0984375 0.8 0.0984375 0.6515625
1 0.5186875 0.8405625000000001 0.404875 0.72675 0.368875 0.79075 0.48268750000000005 0.9045624999999999 0.5186875 0.8405625000000001
1 0.353125 0.7890625 0.2390625 0.7890625 0.2390625 0.9484375 0.353125 0.9484375 0.353125 0.7890625
1 0 0.35243055624999997 0.045630971874999995 0.46397292968750004 0.092705015625 0.42973726093750003 0.0373507171875 0.2944267515625 0 0.32159091093750003 0 0.35243055624999997
1 0.517448565625 0.3919965703125 0.39418251249999997 0.38377883281249997 0.39184850312499997 0.4460190671875 0.5151145578125 0.45423680468749994 0.517448565625 0.3919965703125
1 0.515625 0.6203125 0.43515625 0.5130208328125 0.3939453125 0.56796875 0.4744140625 0.6752604171875001 0.515625 0.6203125
1 0.565381446875 0.7260483171875001 0.42077010625 0.6690184921875 0.4091791890625 0.7212696109375 0.5537905296875001 0.7782994359375001 0.565381446875 0.7260483171875001
1 0.1811497890625 0.43078287968750006 0.08000657343749999 0.39942064374999997 0.0558435421875 0.5379553625 0.15698675625 0.5693175984375001 0.1811497890625 0.43078287968750006