1 0.33203125 0.8396990734375 0.33203125 0.5350115734374999 0.19639756875 0.5350115734374999 0.19639756875 0.8396990734375 0.33203125 0.8396990734375
1 0.43858506875 0.6999421296875 0.43858506875 0.5390625 0.31163194375000003 0.5390625 0.31163194375000003 0.6999421296875 0.43858506875 0.6999421296875
1 0.5457899312500001 0.5477430562500001 0.5457899312500001 0.4655671296875 0.4123263890625 0.4655671296875 0.4123263890625 0.5477430562500001 0.5457899312500001 0.5477430562500001
1 0.79296875 0.267071759375 0.79296875 0.15190972187500001 0.7009548609375 0.15190972187500001 0.7009548609375 0.267071759375 0.79296875 0.267071759375
1 0.8274739578125001 0.6197916671875 0.8274739578125001 0.4890046296875 0.7628038187499999 0.4890046296875 0.7628038187499999 0.6197916671875 0.8274739578125001 0.6197916671875
1 0.6006944437499999 0.6929976859375 0.6006944437499999 0.578703703125 0.48980034687499996 0.578703703125 0.48980034687499996 0.6929976859375 0.6006944437499999 0.6929976859375
1 0.6651475687499999 0.2453703703125 0.6651475687499999 0.1316550921875 0.5685763890625 0.1316550921875 0.5685763890625 0.2453703703125 0.6651475687499999 0.2453703703125
1 0.513671875 0.3761574078125 0.513671875 0.29253472187499996 0.41493055625 0.29253472187499996 0.41493055625 0.3761574078125 0.513671875 0.3761574078125
1 0.5812786359375 0.869318121875 0.5411225281250001 0.7437015796875001 0.4653172609375 0.7867821671875 0.5054733703125 0.9123987109374999 0.5812786359375 0.869318121875
1 0.7545191828125 0.555747171875 0.7158837078125 0.5080314703125001 0.6446142828125 0.6106216203125 0.6832497578125001 0.658337321875 0.7545191828125 0.555747171875
1 0.68918621875 0.498747146875 0.67529638125 0.43499635000000003 0.5607533453125 0.4793631125 0.574643184375 0.5431139093749999 0.68918621875 0.498747146875
1 0.45316157968750004 0.7089319984375 0.39597269218750003 0.7030118234375 0.3845383171875 0.8993781750000001 0.44172720312499997 0.90529835 0.45316157968750004 0.7089319984375
1 0.4266738515625 0.432004546875 0.366391075 0.30808995 0.2733147671875 0.3885883796875 0.33359754375 0.5125029750000001 0.4266738515625 0.432004546875
1 0.81378760625 0.4017690625 0.7714583640625 0.349259371875 0.707389828125 0.4410764125 0.7497190703125 0.493586103125 0.81378760625 0.4017690625
1 0.8548006796875001 0.2527314703125 0.8397483109375001 0.22737576406249999 0.7553599156249999 0.3164371328125 0.770412284375 0.3417928390625 0.8548006796875001 0.2527314703125
1 0.7271970484375 0.3325686921875 0.7159386609375 0.2747756328125 0.6029681359375 0.3138996234375 0.6142265234375001 0.371692684375 0.7271970484375 0.3325686921875
1 0.641353034375 0.4095412625 0.5087163375 0.363327653125 0.49898615625 0.4129745625 0.631622853125 0.459188171875 0.641353034375 0.4095412625
1 0.7070159968749999 0.742547109375 0.6357564015625 0.6548429921875 0.564686778125 0.7574991125 0.635946375 0.8452032296875001 0.7070159968749999 0.742547109375