1 0.3162615734375 0.3255208328125 0.214409721875 0.3255208328125 0.214409721875 0.42664930625 0.3162615734375 0.42664930625 0.3162615734375 0.3255208328125
1 0.5330523281249999 0.171443896875 0.48035099531250003 0.156353921875 0.42605118906249995 0.2630267671875 0.478752521875 0.27811674218750004 0.5330523281249999 0.171443896875
1 0.5309606484375 0.16753472187500001 0.4386574078125 0.16753472187500001 0.4386574078125 0.2760416671875 0.5309606484375 0.2760416671875 0.5309606484375 0.16753472187500001
1 0.23350694375 0.494140625 0.1403356484375 0.494140625 0.1403356484375 0.587890625 0.23350694375 0.587890625 0.23350694375 0.494140625
1 0.35644370468750003 0.4746586234375 0.262694471875 0.42912877031249996 0.2143560984375 0.4851156203125 0.30810533125 0.5306454734375 0.35644370468750003 0.4746586234375
1 0.3535879625 0.4329427078125 0.22569444375 0.4329427078125 0.22569444375 0.5197482640625 0.3535879625 0.5197482640625 0.3535879625 0.4329427078125
1 0.690972221875 0.36631944375000003 0.550347221875 0.36631944375000003 0.550347221875 0.4490017359375 0.690972221875 0.4490017359375 0.690972221875 0.36631944375000003
1 0.6461226859375 0.554253471875 0.5390625 0.554253471875 0.5390625 0.6803385421875 0.6461226859375 0.6803385421875 0.6461226859375 0.554253471875
1 0.4296875 0.22395833281250002 0.336516203125 0.22395833281250002 0.336516203125 0.30772569375000003 0.4296875 0.30772569375000003 0.4296875 0.22395833281250002
1 0.2578125 0.6575520828125 0.14409722187500001 0.6575520828125 0.14409722187500001 0.7302517359375 0.2578125 0.7302517359375 0.2578125 0.6575520828125
1 0.35372590000000004 0.547771 0.23341340000000002 0.5444289859375 0.22843575624999998 0.6452262890625 0.34874825625 0.648568303125 0.35372590000000004 0.547771
1 0.488440115625 0.42118698125 0.3848589203125 0.38268777656249997 0.33963423593750003 0.4511304921875 0.44321543124999996 0.48962969687499996 0.488440115625 0.42118698125
1 0.6238425921874999 0 0.5860265953125 0.0253485359375 0.6068513828125 0.042823882812500005 0.6691179859374999 0.0010858 0.6678240734374999 0 0.6238425921874999 0
1 0.53872288125 0.3553387671875 0.492114475 0.2779355203125 0.3667218359375 0.3204072203125 0.41333024218750003 0.3978104671875 0.53872288125 0.3553387671875
1 0.7343036515625 0.2582846265625 0.659112559375 0.23825015781249997 0.6148725515625 0.3316457296875 0.6900636437500001 0.3516801984375 0.7343036515625 0.2582846265625
1 0.84703499375 0.58237591875 0.75106379375 0.46241191718749997 0.6921296296875 0.4889322921875 0.78810083125 0.6088962921875 0.84703499375 0.58237591875
1 0.41745161093750005 0.7560466953125 0.3972463484375 0.621727615625 0.331449815625 0.6272950140625 0.35165507812499996 0.7616140953125 0.41745161093750005 0.7560466953125
1 0.7203703703125 0.5427951390625 0.57132638125 0.47642398750000003 0.55248738125 0.5002206171875 0.701531371875 0.5665917703125001 0.7203703703125 0.5427951390625
1 0.322513709375 0.2632070828125 0.28600349375 0.234099528125 0.1752778953125 0.3122225890625 0.2117881125 0.34133014375 0.322513709375 0.2632070828125
1 0.5382330015625 0.7783480578125 0.5244185578125 0.621872925 0.4742642078125 0.6243636125 0.48807865 0.7808387453125001 0.5382330015625 0.7783480578125