1 0.32703993124999997 0.28616898125 0.32703993124999997 0.46643518593750005 0.4533420140625 0.46643518593750005 0.4533420140625 0.28616898125 0.32703993124999997 0.28616898125
1 0.4455295140625 0.4293981484375 0.4455295140625 0.62991898125 0.5173611109375 0.62991898125 0.5173611109375 0.4293981484375 0.4455295140625 0.4293981484375
1 0.711371528125 0.9082754625 0.711371528125 0.9988425921875 0.823784721875 0.9988425921875 0.823784721875 0.9082754625 0.711371528125 0.9082754625
1 0.3298611109375 0.543402778125 0.3298611109375 0.7120949078125001 0.42274305625 0.7120949078125001 0.42274305625 0.543402778125 0.3298611109375 0.543402778125
1 0.722222221875 0.6799768515625 0.722222221875 0.8425925921875 0.833550346875 0.8425925921875 0.833550346875 0.6799768515625 0.722222221875 0.6799768515625
1 0.17578125 0.39554398125 0.17578125 0.49131944375 0.322265625 0.49131944375 0.322265625 0.39554398125 0.17578125 0.39554398125
1 0.22526041718749998 0.1270254625 0.22526041718749998 0.32378472187499996 0.4544270828125 0.32378472187499996 0.4544270828125 0.1270254625 0.22526041718749998 0.1270254625
1 0.5896267359375 0.4285300921875 0.5896267359375 0.582465278125 0.6681857640625 0.582465278125 0.6681857640625 0.4285300921875 0.5896267359375 0.4285300921875
1 0.47254774375 0.33492476875 0.5584852437500001 0.4495081015625 0.6457248265625 0.3331886578125 0.5597873265625 0.2186053234375 0.47254774375 0.33492476875
1 0.2105643078125 0.7539632000000001 0.2887975578125 0.8735291703125 0.3674020984375 0.782094921875 0.2891688484375 0.6625289515625 0.2105643078125 0.7539632000000001
1 0.1631240328125 0.5688170234375 0.199814946875 0.6743034046874999 0.2955965125 0.61507615625 0.258905596875 0.509589775 0.1631240328125 0.5688170234375
1 0.3559918078125 0.842507334375 0.44265754687500003 0.9621161890625001 0.4854200203125 0.907032325 0.3987542828125 0.7874234703125 0.3559918078125 0.842507334375
1 0.45143229218750003 0.678125 0.49817708281249995 0.8651041671874999 0.5525390625 0.8409432875 0.5057942703125 0.6539641203125 0.45143229218750003 0.678125
1 0.512152778125 0.918402778125 0.512152778125 0.9997106484374999 0.6161024312500001 0.9997106484374999 0.6161024312500001 0.918402778125 0.512152778125 0.918402778125
1 0.6039348359375001 0.7493440203125 0.6485681046875 0.9439494140625 0.6999321171874999 0.92300635 0.6552988484375 0.7284009546875 0.6039348359375001 0.7493440203125
1 0.5294983125 0.7775237015625 0.57249698125 0.7888003125 0.6041527171875 0.5742119 0.5611540484375 0.5629352890625 0.5294983125 0.7775237015625