1 0.34296875 0.56015625 0.24140625 0.05078125
1 0.03515625 0.5296875 0.0703125 0.128125
1 0.153125 0.6109375 0.16328125 0.08515625
1 0.40625 0.77734375 0.17578125 0.1171875
1 0.65703125 0.77578125 0.18203125 0.11796875
1 0.6875 0.5609375 0.15859375 0.1203125
1 0.2015625 0.45546875 0.21640625 0.08046875
1 0.3171875 0.34609375 0.17890625 0.09921875
1 0.0703125 0.35390625 0.140625 0.134375
1 0.7546875 0.43515625 0.11953125 0.12734375
1 0.5046875 0.65078125 0.215625 0.0953125
1 0.5765625 0.4015625 0.1734375 0.13359375
1 0.1328125 0.20625 0.09453125 0.1578125
1 0.29140625 0.18671875 0.165625 0.16015625
1 0.50234375 0.24765625 0.20703125 0.13046875
1 0.4421875 0.48359375 0.21875 0.10703125
1 0.765625 0.71171875 0.1890625 0.146875