1 0.3255208328125 0.6837384265625001 0.3255208328125 0.785590278125 0.42664930625 0.785590278125 0.42664930625 0.6837384265625001 0.3255208328125 0.6837384265625001
1 0.171443896875 0.466947671875 0.156353921875 0.5196490046875 0.2630267671875 0.5739488109375 0.27811674218750004 0.521247478125 0.171443896875 0.466947671875
1 0.16753472187500001 0.4690393515625 0.16753472187500001 0.5613425921874999 0.2760416671875 0.5613425921874999 0.2760416671875 0.4690393515625 0.16753472187500001 0.4690393515625
1 0.494140625 0.7664930562500001 0.494140625 0.8596643515625001 0.587890625 0.8596643515625001 0.587890625 0.7664930562500001 0.494140625 0.7664930562500001
1 0.4746586234375 0.6435562953125 0.42912877031249996 0.737305528125 0.4851156203125 0.7856439015625 0.5306454734375 0.69189466875 0.4746586234375 0.6435562953125
1 0.4329427078125 0.6464120375 0.4329427078125 0.7743055562500001 0.5197482640625 0.7743055562500001 0.5197482640625 0.6464120375 0.4329427078125 0.6464120375
1 0.36631944375000003 0.30902777812500004 0.36631944375000003 0.44965277812500004 0.4490017359375 0.44965277812500004 0.4490017359375 0.30902777812500004 0.36631944375000003 0.30902777812500004
1 0.554253471875 0.3538773140625 0.554253471875 0.4609375 0.6803385421875 0.4609375 0.6803385421875 0.3538773140625 0.554253471875 0.3538773140625
1 0.22395833281250002 0.5703125 0.22395833281250002 0.663483796875 0.30772569375000003 0.663483796875 0.30772569375000003 0.5703125 0.22395833281250002 0.5703125
1 0.6575520828125 0.7421875 0.6575520828125 0.855902778125 0.7302517359375 0.855902778125 0.7302517359375 0.7421875 0.6575520828125 0.7421875
1 0.547771 0.6462741000000001 0.5444289859375 0.7665866 0.6452262890625 0.77156424375 0.648568303125 0.65125174375 0.547771 0.6462741000000001
1 0.42118698125 0.511559884375 0.38268777656249997 0.6151410796875 0.4511304921875 0.6603657640625 0.48962969687499996 0.55678456875 0.42118698125 0.511559884375
1 0 0.3761574078125 0.0253485359375 0.4139734046875 0.042823882812500005 0.3931486171875 0.0010858 0.3308820140625 0 0.3321759265625 0 0.3761574078125
1 0.3553387671875 0.46127711875 0.2779355203125 0.5078855250000001 0.3204072203125 0.6332781640625 0.3978104671875 0.5866697578125 0.3553387671875 0.46127711875
1 0.2582846265625 0.2656963484375 0.23825015781249997 0.340887440625 0.3316457296875 0.3851274484375 0.3516801984375 0.30993635625 0.2582846265625 0.2656963484375
1 0.58237591875 0.15296500625 0.46241191718749997 0.24893620625000001 0.4889322921875 0.3078703703125 0.6088962921875 0.21189916874999998 0.58237591875 0.15296500625
1 0.7560466953125 0.5825483890625 0.621727615625 0.6027536515625 0.6272950140625 0.668550184375 0.7616140953125 0.6483449218749999 0.7560466953125 0.5825483890625
1 0.5427951390625 0.2796296296875 0.47642398750000003 0.42867361875 0.5002206171875 0.44751261875 0.5665917703125001 0.298468628125 0.5427951390625 0.2796296296875
1 0.2632070828125 0.677486290625 0.234099528125 0.71399650625 0.3122225890625 0.8247221046875 0.34133014375 0.7882118874999999 0.2632070828125 0.677486290625
1 0.7783480578125 0.4617669984375 0.621872925 0.4755814421875 0.6243636125 0.5257357921875 0.7808387453125001 0.5119213499999999 0.7783480578125 0.4617669984375