1 0.47265625 0.3457754625 0.47265625 0.14236111093749998 0.21072048593749998 0.14236111093749998 0.21072048593749998 0.3457754625 0.47265625 0.3457754625
1 0.30230034687499996 0.640625 0.30230034687499996 0.4675925921875 0.1302083328125 0.4675925921875 0.1302083328125 0.640625 0.30230034687499996 0.640625
1 0.528862846875 0.8527199078125 0.528862846875 0.6345486109375 0.466796875 0.6345486109375 0.466796875 0.8527199078125 0.528862846875 0.8527199078125
1 0.6560329859375 0.546875 0.6560329859375 0.4166666671875 0.5635850687499999 0.4166666671875 0.5635850687499999 0.546875 0.6560329859375 0.546875
1 0.568359375 0.2410300921875 0.568359375 0.11313657343750001 0.46918402812500004 0.11313657343750001 0.46918402812500004 0.2410300921875 0.568359375 0.2410300921875
1 0.5540364578125 0.4933449078125 0.5540364578125 0.3263888890625 0.47157118125 0.3263888890625 0.47157118125 0.4933449078125 0.5540364578125 0.4933449078125
1 0.47764756875 0.44589120312499997 0.47764756875 0.3425925921875 0.3537326390625 0.3425925921875 0.3537326390625 0.44589120312499997 0.47764756875 0.44589120312499997
1 0.7322048609375 0.6521990734374999 0.7322048609375 0.49305555625 0.6569010421875 0.49305555625 0.6569010421875 0.6521990734374999 0.7322048609375 0.6521990734374999
1 0.43055555625 0.7063078703125 0.43055555625 0.5558449078125001 0.30360243124999997 0.5558449078125001 0.30360243124999997 0.7063078703125 0.43055555625 0.7063078703125
1 0.45811631875 0.8697916671874999 0.45811631875 0.7022569437499999 0.40342881875 0.7022569437499999 0.40342881875 0.8697916671874999 0.45811631875 0.8697916671874999
1 0.340385446875 0.8048434609375 0.354093765625 0.7187856890625001 0.175530134375 0.6682189984375 0.1618218171875 0.7542767703125 0.340385446875 0.8048434609375
1 0.6351558265625 0.2813006109375 0.700719925 0.221921803125 0.643562115625 0.1097231390625 0.5779980171875 0.1691019453125 0.6351558265625 0.2813006109375
1 0.65008680625 0.3990740734375 0.6915972218750001 0.32527777812499997 0.60836805625 0.24204861093750002 0.5668576390625 0.31584490781249996 0.65008680625 0.3990740734375
1 0.581235325 0.8078115046875001 0.6330239171875001 0.7886305453125 0.5920431140625 0.5919226890625 0.540254521875 0.61110365 0.581235325 0.8078115046875001
1 0.31210076249999996 0.4796773671875 0.3311172578125 0.4199112359375 0.14043298125 0.312049421875 0.121416484375 0.371815553125 0.31210076249999996 0.4796773671875
1 0.6837716031250001 0.490521978125 0.7420819062499999 0.371366140625 0.7021742578125 0.3366474296875 0.6438639546875 0.45580326875 0.6837716031250001 0.490521978125
1 0.577664446875 0.3419728453125 0.590880028125 0.314366965625 0.47454034062500006 0.2153544671875 0.46132476093749997 0.2429603453125 0.577664446875 0.3419728453125
1 0.6950298734375 0.815334584375 0.779778725 0.743249353125 0.724143846875 0.6269674453125 0.6393949953125 0.6990526765625 0.6950298734375 0.815334584375