1 0.3469328703125 0.431640625 0.3469328703125 0.5384114578125 0.5089699078125001 0.5384114578125 0.5089699078125001 0.431640625 0.3469328703125 0.431640625
1 0.44762731406249995 0.48936631875 0.44762731406249995 0.6009114578125 0.585358796875 0.6009114578125 0.585358796875 0.48936631875 0.44762731406249995 0.48936631875
1 0.51851851875 0.6595052078125 0.51851851875 0.7180989578125 0.6779513890625 0.7180989578125 0.6779513890625 0.6595052078125 0.51851851875 0.6595052078125
1 0.6114004625 0.6990017359375 0.6114004625 0.8083767359375 0.7595486109375 0.8083767359375 0.7595486109375 0.6990017359375 0.6114004625 0.6990017359375
1 0.3292824078125 0.23133680625 0.3292824078125 0.32573784687499996 0.47077546249999996 0.32573784687499996 0.47077546249999996 0.23133680625 0.3292824078125 0.23133680625
1 0.7520254625 0.5173611109375 0.7520254625 0.614800346875 0.8923611109375 0.614800346875 0.8923611109375 0.5173611109375 0.7520254625 0.5173611109375
1 0.34027777812500004 0.62109375 0.34027777812500004 0.845269096875 0.46498842656250006 0.845269096875 0.46498842656250006 0.62109375 0.34027777812500004 0.62109375
1 0.6287615734374999 0.45746527812500004 0.6287615734374999 0.5618489578125 0.7248263890625 0.5618489578125 0.7248263890625 0.45746527812500004 0.6287615734374999 0.45746527812500004
1 0.8043161812499999 0.6253161781250001 0.7443125625 0.6484842421875 0.83406626875 0.7792405390625 0.8940698875 0.7560724750000001 0.8043161812499999 0.6253161781250001
1 0.3244532703125 0.6422600171874999 0.254690625 0.64274448125 0.25641485468749997 0.782407065625 0.3261775 0.7819226031250001 0.3244532703125 0.6422600171874999
1 0.3843685921875 0.5344093015625 0.2701379078125 0.5953689453125001 0.3202403921875 0.6481796734375 0.4344710765625 0.5872200296875 0.3843685921875 0.5344093015625
1 0.21092129218750003 0.5236046125 0.14203561874999998 0.6085441515625 0.2294509 0.6484217421875 0.298336575 0.563482203125 0.21092129218750003 0.5236046125
1 0.30030205468750004 0.3993066140625 0.1750889234375 0.43390497968749997 0.22402114375 0.5335170015624999 0.3492342765625 0.4989186359375 0.30030205468750004 0.3993066140625
1 0.4622395828125 0.2980685765625 0.339265046875 0.3902994796875 0.3868634265625 0.4259982640625 0.5098379625 0.3337673609375 0.4622395828125 0.2980685765625
1 0.5287309375 0.3013939953125 0.5261365890625 0.34225496093749996 0.7273997875 0.3494429328125 0.7299941343749999 0.308581965625 0.5287309375 0.3013939953125
1 0.789495728125 0.3516596171875 0.6883648578125 0.4359353421875 0.79988521875 0.511211584375 0.9010160890625001 0.426935859375 0.789495728125 0.3516596171875
1 0.7915250234375 0.17972217343750002 0.673567175 0.2920089703125 0.7024077671875 0.30905113906250004 0.820365615625 0.19676434062499998 0.7915250234375 0.17972217343750002
1 0.5367476859375 0.34722222187499996 0.4822048609375 0.38812934062500004 0.5878182875 0.46733940937499996 0.6423611109375 0.4264322921875 0.5367476859375 0.34722222187499996