1 0.6351273140625 0.5692274312500001 0.9343171296874999 0.5692274312500001 0.9343171296874999 0.345703125 0.6351273140625 0.345703125 0.6351273140625 0.5692274312500001
1 0.021990740624999998 0.47960069375 0.2097800921875 0.47960069375 0.2097800921875 0.3470052078125 0.021990740624999998 0.3470052078125 0.021990740624999998 0.47960069375
1 0.36371527812500004 0.912109375 0.5549768515625 0.912109375 0.5549768515625 0.83984375 0.36371527812500004 0.83984375 0.36371527812500004 0.912109375
1 0.17476851875 0.23697916718749998 0.3327546296875 0.23697916718749998 0.3327546296875 0.10264756875 0.17476851875 0.10264756875 0.17476851875 0.23697916718749998
1 0.1721643515625 0.543402778125 0.3527199078125 0.543402778125 0.3527199078125 0.42686631875 0.1721643515625 0.42686631875 0.1721643515625 0.543402778125
1 0.3796296296875 0.22743055625 0.559027778125 0.22743055625 0.559027778125 0.1002604171875 0.3796296296875 0.1002604171875 0.3796296296875 0.22743055625
1 0.26996527812500004 0.7009548609375 0.4215856484375 0.7009548609375 0.4215856484375 0.5700954859375 0.26996527812500004 0.5700954859375 0.26996527812500004 0.7009548609375
1 0.515625 0.685546875 0.6585648140625 0.685546875 0.6585648140625 0.5828993062500001 0.515625 0.5828993062500001 0.515625 0.685546875
1 0.4108796296875 0.4490017359375 0.63570601875 0.4490017359375 0.63570601875 0.3665364578125 0.4108796296875 0.3665364578125 0.4108796296875 0.4490017359375
1 0.570891203125 0.3474392359375 0.7346643515625 0.3474392359375 0.7346643515625 0.24826388906250002 0.570891203125 0.24826388906250002 0.570891203125 0.3474392359375
1 0.46625241875 0.6187428125000001 0.5760833921875 0.5204786828125 0.4539763328125 0.4437084015625 0.3441453578125 0.54197253125 0.46625241875 0.6187428125000001
1 0.6661438359375 0.7465298375 0.8266988984375001 0.7410061546875 0.819545059375 0.62404088125 0.658989996875 0.6295645640624999 0.6661438359375 0.7465298375
1 0.219535275 0.37628291406250003 0.37614157656249997 0.2709786765625 0.317880571875 0.2222411046875 0.1612742703125 0.3275453421875 0.219535275 0.37628291406250003
1 0.53515049375 0.35234536250000004 0.5601541015625 0.2510807515625 0.392931371875 0.2278553734375 0.3679277640625 0.3291199828125 0.53515049375 0.35234536250000004
1 0.3743048109375 0.8238345812500001 0.41325875468750006 0.763396496875 0.2721489265625 0.712237675 0.23319498125 0.772675759375 0.3743048109375 0.8238345812500001
1 0.21988074218749998 0.6919401078125 0.25593385 0.6798818046874999 0.17594950625 0.5453626796875 0.139896396875 0.5574209828125001 0.21988074218749998 0.6919401078125
1 0.1178411234375 0.822829909375 0.170118703125 0.8134347406250001 0.1221869546875 0.6634121453125 0.0699093765625 0.6728073140624999 0.1178411234375 0.822829909375
1 0.7941120734375 0.279233365625 0.85806439375 0.10355039375 0.7788771718749999 0.0873358671875 0.7149248515625 0.2630188390625 0.7941120734375 0.279233365625