1 0.68258101875 0.7489149312500001 0.68258101875 0.832465278125 0.8356481484374999 0.832465278125 0.8356481484374999 0.7489149312500001 0.68258101875 0.7489149312500001
1 0.5031828703125 0.34613715312500004 0.5031828703125 0.47026909687499996 0.5789930562500001 0.47026909687499996 0.5789930562500001 0.34613715312500004 0.5031828703125 0.34613715312500004
1 0.52633101875 0.665581596875 0.52633101875 0.758246528125 0.6267361109375 0.758246528125 0.6267361109375 0.665581596875 0.52633101875 0.665581596875
1 0.6438078703125 0.42469618125 0.6438078703125 0.526909721875 0.8035300921875 0.526909721875 0.8035300921875 0.42469618125 0.6438078703125 0.42469618125
1 0.2265625 0.626519096875 0.2265625 0.7061631937499999 0.31597222187499996 0.7061631937499999 0.31597222187499996 0.626519096875 0.2265625 0.626519096875
1 0.39930555624999997 0.5642361109375 0.39930555624999997 0.6349826390625 0.5225694437499999 0.6349826390625 0.5225694437499999 0.5642361109375 0.39930555624999997 0.5642361109375
1 0.3203125 0.6150173609375 0.3203125 0.6725260421875 0.431134259375 0.6725260421875 0.431134259375 0.6150173609375 0.3203125 0.6150173609375
1 0.27690972187499996 0.45789930625 0.27690972187499996 0.547309028125 0.3868634265625 0.547309028125 0.3868634265625 0.45789930625 0.27690972187499996 0.45789930625
1 0.75 0.6032986109375 0.75 0.696831596875 0.8614004625 0.696831596875 0.8614004625 0.6032986109375 0.75 0.6032986109375
1 0.5807291671875 0.09092881875 0.5807291671875 0.32703993124999997 0.718171296875 0.32703993124999997 0.718171296875 0.09092881875 0.5807291671875 0.09092881875
1 0.6090856484375 0.35069444375000003 0.6090856484375 0.43012152812500004 0.7653356484375 0.43012152812500004 0.7653356484375 0.35069444375000003 0.6090856484375 0.35069444375000003
1 0.7213611578125 0.6095905687500001 0.6089229703125 0.68544396875 0.655795071875 0.7245258734375 0.7682332578125 0.6486724734375 0.7213611578125 0.6095905687500001
1 0.4550284609375 0.42763065312500004 0.40566488125 0.44247932343749996 0.462165259375 0.5481350328125 0.511528840625 0.5332863609375 0.4550284609375 0.42763065312500004
1 0.35181046562499996 0.5257333734375 0.304548034375 0.587448825 0.34132508437500003 0.603291246875 0.388587515625 0.5415757953125 0.35181046562499996 0.5257333734375
1 0.4001969359375 0.3433224828125 0.3164682796875 0.3989058640625 0.3793384328125 0.45217752187500004 0.4630670890625 0.396594140625 0.4001969359375 0.3433224828125
1 0.5740968734375 0.23420426875000003 0.4982514796875 0.25703528124999997 0.5504193468749999 0.35451845625 0.626264740625 0.33168744375000003 0.5740968734375 0.23420426875000003
1 0.708914659375 0.45993505625 0.581403446875 0.46221204218749995 0.5843935250000001 0.5563995125 0.7119047390625 0.5541225265625 0.708914659375 0.45993505625
1 0.5447320343750001 0.56134663125 0.53526420625 0.660758821875 0.65492074375 0.66716899375 0.664388571875 0.567756803125 0.5447320343750001 0.56134663125