1 0.6041666671875 0.1998697921875 0.46296296249999996 0.1998697921875 0.46296296249999996 0.38563368124999997 0.6041666671875 0.38563368124999997 0.6041666671875 0.1998697921875
1 0.5176504625 0.40082465312500004 0.3946759265625 0.40082465312500004 0.3946759265625 0.4967447921875 0.5176504625 0.4967447921875 0.5176504625 0.40082465312500004
1 0.3469328703125 0.2536892359375 0.2146990734375 0.2536892359375 0.2146990734375 0.32725694375000003 0.3469328703125 0.32725694375000003 0.3469328703125 0.2536892359375
1 0.7219328703125 0.6579861109375 0.5703125 0.6579861109375 0.5703125 0.7743055562500001 0.7219328703125 0.7743055562500001 0.7219328703125 0.6579861109375
1 0.217303240625 0.38975694375000003 0.07725694375 0.38975694375000003 0.07725694375 0.4752604171875 0.217303240625 0.4752604171875 0.217303240625 0.38975694375000003
1 0.6822916671875 0.27039930624999997 0.58883101875 0.27039930624999997 0.58883101875 0.37152777812500004 0.6822916671875 0.37152777812500004 0.6822916671875 0.27039930624999997
1 0.3541666671875 0.43272569375 0.2520254625 0.43272569375 0.2520254625 0.528862846875 0.3541666671875 0.528862846875 0.3541666671875 0.43272569375
1 0.27993927812499997 0.5958112828125001 0.2396067125 0.485616953125 0.071508390625 0.52022543125 0.11184095624999998 0.6304197609375 0.27993927812499997 0.5958112828125001
1 0.32180555625 0.7085763890625 0.2867129625 0.68883680625 0.1330324078125 0.8425173609375 0.168125 0.86225694375 0.32180555625 0.7085763890625
1 0.679299428125 0.5877961609375 0.6208231203125 0.5502042484375 0.5057087421875 0.6509293296875 0.5641850484375001 0.6885212421875 0.679299428125 0.5877961609375
1 0.5254125296875001 0.5918023906250001 0.39479965 0.5129709484375 0.345073165625 0.5593153 0.4756860453125 0.6381467421875 0.5254125296875001 0.5918023906250001
1 0.65064910625 0.5045803578125 0.577383325 0.42788024375000006 0.461531921875 0.490128759375 0.5347977015625001 0.5668288734375 0.65064910625 0.5045803578125
1 0.8285295937500001 0.5391577640625 0.7330082703125 0.45010867968749996 0.643807959375 0.503930671875 0.739329284375 0.59297975625 0.8285295937500001 0.5391577640625
1 0.7956445078125001 0.393113565625 0.7009244515625 0.3643378515625 0.6648420171875 0.4311467359375 0.7595620734375 0.4599224484375 0.7956445078125001 0.393113565625
1 0.6773932578124999 0.405172321875 0.6280623421875 0.357542471875 0.5370612203125 0.41055875000000003 0.5863921359375001 0.4581886 0.6773932578124999 0.405172321875
1 0.4376310796875 0.35448541875 0.4370384140625 0.31477685312500003 0.291800903125 0.31599619687499997 0.29239356875 0.3557047640625 0.4376310796875 0.35448541875
1 0.22823256875000003 0.36134792187500003 0.14127892656250002 0.2649583765625 0.0899856890625 0.2909863578125 0.17693933125 0.38737590312500003 0.22823256875000003 0.36134792187500003
1 0.4932629984375 0.6881303421875 0.4897088671875 0.6401495734375 0.251391559375 0.6500794609375 0.254945690625 0.6980602296875 0.4932629984375 0.6881303421875