1 0.4675925921875 0.636284721875 0.3342013890625 0.636284721875 0.3342013890625 0.9092881937499999 0.4675925921875 0.9092881937499999 0.4675925921875 0.636284721875
1 0.5324074078125001 0.4830729171875 0.38570601875 0.4830729171875 0.38570601875 0.5696614578125 0.5324074078125001 0.5696614578125 0.5324074078125001 0.4830729171875
1 0.6035879625 0.5145399312500001 0.46006944375 0.5145399312500001 0.46006944375 0.6184895828125 0.6035879625 0.6184895828125 0.6035879625 0.5145399312500001
1 0.706597221875 0.656684028125 0.519097221875 0.656684028125 0.519097221875 0.7298177078125 0.706597221875 0.7298177078125 0.706597221875 0.656684028125
1 0.8148148140625 0.6901041671875 0.6261574078125001 0.6901041671875 0.6261574078125001 0.834418403125 0.8148148140625 0.834418403125 0.8148148140625 0.6901041671875
1 0.3752893515625 0.4958767359375 0.2552083328125 0.4958767359375 0.2552083328125 0.578125 0.3752893515625 0.578125 0.3752893515625 0.4958767359375
1 0.7462384265625001 0.4778645828125 0.649016203125 0.4778645828125 0.649016203125 0.5598958328125 0.7462384265625001 0.5598958328125 0.7462384265625001 0.4778645828125
1 0.320435028125 0.6023396125 0.26215335 0.5661937640625 0.1677921078125 0.6517772171875 0.2260737859375 0.6879230656249999 0.320435028125 0.6023396125
1 0.6571359625000001 0.45868656718749995 0.555748096875 0.4125633984375 0.52064329375 0.4559700140625 0.622031159375 0.5020931828124999 0.6571359625000001 0.45868656718749995
1 0.896580003125 0.471692959375 0.8692660484375001 0.39469586093750003 0.7190958937499999 0.42466100625000003 0.7464098484374999 0.5016581046875 0.896580003125 0.471692959375
1 0.802158953125 0.31345904999999996 0.7836361140625 0.300029990625 0.6862817640625 0.37556353750000004 0.704804603125 0.388992596875 0.802158953125 0.31345904999999996
1 0.552006740625 0.43197891093749996 0.530918096875 0.40561810625000005 0.40283735 0.4632544421875 0.42392599375 0.489615246875 0.552006740625 0.43197891093749996
1 0.5380327203124999 0.3977850515625 0.513862925 0.36282516875000004 0.40309434375000003 0.4059018390625 0.4272641390625 0.440861721875 0.5380327203124999 0.3977850515625
1 0.9334490734375 0.4997829859375 0.785590278125 0.4997829859375 0.785590278125 0.5904947921875 0.9334490734375 0.5904947921875 0.9334490734375 0.4997829859375
1 0.4458555421875 0.610723234375 0.4082425984375 0.5678444781249999 0.281872896875 0.63019795 0.31948584062499996 0.6730767046875 0.4458555421875 0.610723234375
1 0.7369540390625 0.393179503125 0.729852571875 0.369578525 0.5586909296875 0.39854842968750004 0.5657923968749999 0.4221494078125 0.7369540390625 0.393179503125
1 0.32203159062500003 0.684295853125 0.250408496875 0.6708665234375 0.20130378593749998 0.8181806578125 0.2729268796875 0.8316099875 0.32203159062500003 0.684295853125
1 1 0.7321990656249999 0.8425029203125 0.60005574375 0.775879096875 0.64472198125 0.9359072515625 0.778988928125 1 0.7360195859374999 1 0.7321990656249999