1 0.5733506937499999 0.214409721875 0.5733506937499999 0.3162615734375 0.6744791671875 0.3162615734375 0.6744791671875 0.214409721875 0.5733506937499999 0.214409721875
1 0.7369732328125 0.42605118906249995 0.7218832578125001 0.478752521875 0.8285561031249999 0.5330523281249999 0.843646078125 0.48035099531250003 0.7369732328125 0.42605118906249995
1 0.7239583328125 0.4386574078125 0.7239583328125 0.5309606484375 0.832465278125 0.5309606484375 0.832465278125 0.4386574078125 0.7239583328125 0.4386574078125
1 0.412109375 0.1403356484375 0.412109375 0.23350694375 0.505859375 0.23350694375 0.505859375 0.1403356484375 0.412109375 0.1403356484375
1 0.5148843796875 0.2143560984375 0.4693545265625 0.30810533125 0.5253413765625 0.35644370468750003 0.5708712296875 0.262694471875 0.5148843796875 0.2143560984375
1 0.4802517359375 0.22569444375 0.4802517359375 0.3535879625 0.5670572921875 0.3535879625 0.5670572921875 0.22569444375 0.4802517359375 0.22569444375
1 0.5509982640625 0.550347221875 0.5509982640625 0.690972221875 0.6336805562500001 0.690972221875 0.6336805562500001 0.550347221875 0.5509982640625 0.550347221875
1 0.3196614578125 0.5390625 0.3196614578125 0.6461226859375 0.44574652812500004 0.6461226859375 0.44574652812500004 0.5390625 0.3196614578125 0.5390625
1 0.6922743062500001 0.336516203125 0.6922743062500001 0.4296875 0.7760416671875 0.4296875 0.7760416671875 0.336516203125 0.6922743062500001 0.336516203125
1 0.2697482640625 0.14409722187500001 0.2697482640625 0.2578125 0.3424479171875 0.2578125 0.3424479171875 0.14409722187500001 0.2697482640625 0.14409722187500001
1 0.3547737109375 0.22843575624999998 0.35143169687500003 0.34874825625 0.452229 0.35372590000000004 0.4555710140625 0.23341340000000002 0.3547737109375 0.22843575624999998
1 0.5488695078125 0.33963423593750003 0.510370303125 0.44321543124999996 0.57881301875 0.488440115625 0.6173122234374999 0.3848589203125 0.5488695078125 0.33963423593750003
1 1 0.6238425921874999 0.9746514640624999 0.5860265953125 0.9571761171875 0.6068513828125 0.9989142 0.6691179859374999 1 0.6678240734374999 1 0.6238425921874999
1 0.6795927796875 0.3667218359375 0.6021895328125 0.41333024218750003 0.6446612328125 0.53872288125 0.7220644796875 0.492114475 0.6795927796875 0.3667218359375
1 0.6683542703125 0.6148725515625 0.6483198015625 0.6900636437500001 0.7417153734374999 0.7343036515625 0.7617498421875 0.659112559375 0.6683542703125 0.6148725515625
1 0.5110677078125 0.6921296296875 0.39110370781250003 0.78810083125 0.41762408124999995 0.84703499375 0.5375880828125 0.75106379375 0.5110677078125 0.6921296296875
1 0.3727049859375 0.331449815625 0.2383859046875 0.35165507812499996 0.24395330468749998 0.41745161093750005 0.378272384375 0.3972463484375 0.3727049859375 0.331449815625
1 0.4997793828125 0.55248738125 0.4334082296875 0.701531371875 0.4572048609375 0.7203703703125 0.5235760125 0.57132638125 0.4997793828125 0.55248738125
1 0.6877774109375 0.1752778953125 0.65866985625 0.2117881125 0.7367929171875 0.322513709375 0.765900471875 0.28600349375 0.6877774109375 0.1752778953125
1 0.3756363875 0.4742642078125 0.2191612546875 0.48807865 0.2216519421875 0.5382330015625 0.378127075 0.5244185578125 0.3756363875 0.4742642078125