1 0.9756944437499999 0.6844618062500001 0.9756944437499999 0.4552951390625 0.6053240734374999 0.4552951390625 0.6053240734374999 0.6844618062500001 0.9756944437499999 0.6844618062500001
1 0.6820023140625 0.8470052078125001 0.6820023140625 0.771918403125 0.44097222187499996 0.771918403125 0.44097222187499996 0.8470052078125001 0.6820023140625 0.8470052078125001
1 0.537615740625 0.23763020781250002 0.537615740625 0.09982638906249999 0.3828125 0.09982638906249999 0.3828125 0.23763020781250002 0.537615740625 0.23763020781250002
1 0.39409722187499996 0.4411892359375 0.39409722187499996 0.33680555624999997 0.2063078703125 0.33680555624999997 0.2063078703125 0.4411892359375 0.39409722187499996 0.4411892359375
1 0.3362268515625 0.8634982640625 0.3362268515625 0.787109375 0.14670138906250002 0.787109375 0.14670138906250002 0.8634982640625 0.3362268515625 0.8634982640625
1 0.780671296875 0.7667100687499999 0.780671296875 0.637152778125 0.6197916671875 0.637152778125 0.6197916671875 0.7667100687499999 0.780671296875 0.7667100687499999
1 0.3972800921875 0.34071180624999997 0.3972800921875 0.2580295140625 0.1739004625 0.2580295140625 0.1739004625 0.34071180624999997 0.3972800921875 0.34071180624999997
1 0.40393518593750005 0.8131510421874999 0.40393518593750005 0.6182725687499999 0.3327546296875 0.6182725687499999 0.3327546296875 0.8131510421874999 0.40393518593750005 0.8131510421874999
1 0.774884259375 0.18446180625 0.774884259375 0.09635416718749999 0.5954861109375 0.09635416718749999 0.5954861109375 0.18446180625 0.774884259375 0.18446180625
1 0.6292852078125 0.7525160890625 0.5559967859375 0.6235135125 0.3880755890625 0.6771752859375 0.461364009375 0.8061778625 0.6292852078125 0.7525160890625
1 0.5785011578125 0.46616753437499997 0.4514178234375 0.4343967015625 0.39571759218749997 0.559722221875 0.5228009265625 0.59149305625 0.5785011578125 0.46616753437499997
1 0.5981640421875001 0.3162613171875 0.425442475 0.263851528125 0.3600782109375 0.385022075 0.532799778125 0.4374318640625 0.5981640421875001 0.3162613171875
1 0.834850696875 0.4236044953125 0.8343655812499999 0.3610245984375 0.597281715625 0.3620583953125 0.59776683125 0.424638290625 0.834850696875 0.4236044953125
1 0.2002126171875 0.3566322328125 0.12356059374999999 0.3407731921875 0.067629040625 0.492837103125 0.14428106406250002 0.5086961421875 0.2002126171875 0.3566322328125
1 0.9997750156249999 0.9999107109375001 0.999751228125 0.9998904312500001 0.999706684375 0.9999069625000001 0.9997304734375 0.9999272421875001 0.9997750156249999 0.9999107109375001
1 0.211753615625 0.62825856875 0.11158634999999999 0.625378359375 0.10460708125 0.76191029375 0.20477434687499999 0.764790503125 0.211753615625 0.62825856875
1 0.32989150624999997 0.7695061984375 0.328759265625 0.628966971875 0.211349640625 0.6294990390625 0.21248188125 0.770038265625 0.32989150624999997 0.7695061984375
1 0.7931347640624999 0.6217448859375 0.6049515734375001 0.5145850140625 0.5783524156250001 0.5408597921875 0.7665356046875 0.6480196640625 0.7931347640624999 0.6217448859375