1 0.5447048609375 0.02430555625 0.31553819375000003 0.02430555625 0.31553819375000003 0.3946759265625 0.5447048609375 0.3946759265625 0.5447048609375 0.02430555625
1 0.228081596875 0.3179976859375 0.1529947921875 0.3179976859375 0.1529947921875 0.559027778125 0.228081596875 0.559027778125 0.228081596875 0.3179976859375
1 0.9001736109375 0.462384259375 0.7623697921875 0.462384259375 0.7623697921875 0.6171875 0.9001736109375 0.6171875 0.9001736109375 0.462384259375
1 0.6631944437499999 0.605902778125 0.5588107640625 0.605902778125 0.5588107640625 0.7936921296875 0.6631944437499999 0.7936921296875 0.6631944437499999 0.605902778125
1 0.212890625 0.6637731484375 0.13650173593749998 0.6637731484375 0.13650173593749998 0.8532986109375 0.212890625 0.8532986109375 0.212890625 0.6637731484375
1 0.36284722187499996 0.21932870312500002 0.23328993125 0.21932870312500002 0.23328993125 0.3802083328125 0.36284722187499996 0.3802083328125 0.36284722187499996 0.21932870312500002
1 0.7419704859375 0.6027199078125001 0.6592881937499999 0.6027199078125001 0.6592881937499999 0.8260995375 0.7419704859375 0.8260995375 0.7419704859375 0.6027199078125001
1 0.38172743124999997 0.5960648140625 0.1868489578125 0.5960648140625 0.1868489578125 0.6672453703125 0.38172743124999997 0.6672453703125 0.38172743124999997 0.5960648140625
1 0.9036458328125001 0.225115740625 0.8155381937499999 0.225115740625 0.8155381937499999 0.4045138890625 0.9036458328125001 0.4045138890625 0.9036458328125001 0.225115740625
1 0.3764864875 0.4440032140625 0.2474839109375 0.3707147921875 0.1938221375 0.538635990625 0.3228247140625 0.6119244109374999 0.3764864875 0.4440032140625
1 0.5656032984375 0.5485821765625001 0.533832465625 0.4214988421875 0.40850694374999996 0.47719907343749995 0.440277778125 0.6042824078125 0.5656032984375 0.5485821765625001
1 0.736148471875 0.574557525 0.6837386828125 0.4018359578125 0.5625681359375 0.46720022187500004 0.614977925 0.6399217890625 0.736148471875 0.574557525
1 0.6389754015625 0.16563441875 0.5763955046875 0.165149303125 0.575361709375 0.40223316875000004 0.6379416046874999 0.402718284375 0.6389754015625 0.16563441875
1 0.6592268078125 0.8764394062499999 0.6433677671875 0.7997873828125 0.49130385781249997 0.8557189359375 0.5071628968749999 0.9323709593749999 0.6592268078125 0.8764394062499999
1 0.00010956875 0.000248771875 0.0000892890625 0.000224984375 0.0000727578125 0.0002695265625 0.0000930375 0.000293315625 0.00010956875 0.000248771875
1 0.374621640625 0.88841365 0.37174143125 0.788246384375 0.23520949687499998 0.7952256531249999 0.23808970624999998 0.89539291875 0.374621640625 0.88841365
1 0.371033028125 0.671240734375 0.2304938015625 0.67010849375 0.229961734375 0.78751811875 0.37050096093749996 0.7886503593749999 0.371033028125 0.671240734375
1 0.4854149859375 0.3950484265625 0.3782551140625 0.2068652359375 0.3519803359375 0.23346439531250002 0.45914020781250003 0.42164758437499994 0.4854149859375 0.3950484265625