1 0.537543403125 0.3816550921875 0.537543403125 0.1681134265625 0.35243055624999997 0.1681134265625 0.35243055624999997 0.3816550921875 0.537543403125 0.3816550921875
1 0.5008680562500001 0.8171296296874999 0.5008680562500001 0.6990740734374999 0.4064670140625 0.6990740734374999 0.4064670140625 0.8171296296874999 0.5008680562500001 0.8171296296874999
1 0.800347221875 0.52633101875 0.800347221875 0.39149305624999997 0.7458767359375 0.39149305624999997 0.7458767359375 0.52633101875 0.800347221875 0.52633101875
1 0.32725694375000003 0.7554976859375 0.32725694375000003 0.655671296875 0.22482638906250002 0.655671296875 0.22482638906250002 0.7554976859375 0.32725694375000003 0.7554976859375
1 0.5379774312500001 0.7129629625 0.5379774312500001 0.5960648140625 0.45421006875 0.5960648140625 0.45421006875 0.7129629625 0.5379774312500001 0.7129629625
1 0.2912326390625 0.6273148140625 0.2912326390625 0.49305555625 0.204644096875 0.49305555625 0.204644096875 0.6273148140625 0.2912326390625 0.6273148140625
1 0.62890625 0.4577546296875 0.62890625 0.35069444375000003 0.5479600687499999 0.35069444375000003 0.5479600687499999 0.4577546296875 0.62890625 0.4577546296875
1 0.3658854171875 0.47251157343749994 0.3658854171875 0.345196759375 0.2990451390625 0.345196759375 0.2990451390625 0.47251157343749994 0.3658854171875 0.47251157343749994
1 0.7345450609374999 0.534218384375 0.6936581921875 0.50778646875 0.6566667640625 0.6095129 0.6975536328125 0.6359448140625 0.7345450609374999 0.534218384375
1 0.6496472140625 0.5608232656250001 0.6217293890625 0.51467599375 0.5500097921875 0.59181088125 0.57792761875 0.6379581546875001 0.6496472140625 0.5608232656250001
1 0.581187259375 0.49456153281250004 0.5039152671875 0.431935865625 0.45768826249999994 0.5333370375 0.5349602546875001 0.5959627046875 0.581187259375 0.49456153281250004
1 0.41175764531250003 0.7154203359375 0.341353515625 0.6094356234375 0.3071043359375 0.6498822734374999 0.37750846562499996 0.7558669859375 0.41175764531250003 0.7154203359375
1 0.381454 0.48604144375 0.3066531265625 0.48220550156249997 0.30315013125 0.6036426703125 0.3779510046875 0.6074786125 0.381454 0.48604144375
1 0.47431456406250005 0.4270123609375 0.429072578125 0.3970904125 0.37410398906250003 0.544845975 0.41934597656249994 0.5747679234375 0.47431456406250005 0.4270123609375
1 0.3052203078125 0.3031902734375 0.1626810359375 0.28173274843749996 0.15742643437499998 0.3437870890625 0.29996570624999996 0.3652446140625 0.3052203078125 0.3031902734375
1 0.671771103125 0.21300426875 0.5803180859375 0.2080608625 0.576322340625 0.3394765078125 0.6677753562500001 0.3444199140625 0.671771103125 0.21300426875
1 0.7384492828125 0.700616828125 0.7293401171875 0.6683682859375 0.6257204093750001 0.720402425 0.634829575 0.7526509671875 0.7384492828125 0.700616828125
1 0.6441124265625 0.6562389421875 0.634898321875 0.633715571875 0.541844978125 0.70139073125 0.5510590828125 0.7239141015625 0.6441124265625 0.6562389421875