1 0.3553240734375 0.3352864578125 0.23524305625 0.3352864578125 0.23524305625 0.4665798609375 0.3553240734375 0.4665798609375 0.3553240734375 0.3352864578125
1 0.828125 0.579644096875 0.636284721875 0.579644096875 0.636284721875 0.7009548609375 0.828125 0.7009548609375 0.828125 0.579644096875
1 0.6458333328125 0.12912326406250002 0.5138888890625 0.12912326406250002 0.5138888890625 0.28819444375000003 0.6458333328125 0.28819444375000003 0.6458333328125 0.12912326406250002
1 0.2589699078125 0.541015625 0.157696759375 0.541015625 0.157696759375 0.65625 0.2589699078125 0.65625 0.2589699078125 0.541015625
1 0.3961226859375 0.4782986109375 0.2502893515625 0.4782986109375 0.2502893515625 0.5861545140625 0.3961226859375 0.5861545140625 0.3961226859375 0.4782986109375
1 0.8214699078125 0.4333767359375 0.640625 0.4333767359375 0.640625 0.5494791671875 0.8214699078125 0.5494791671875 0.8214699078125 0.4333767359375
1 0.7381365734374999 0.6764322921875 0.5989583328125 0.6764322921875 0.5989583328125 0.8250868062500001 0.7381365734374999 0.8250868062500001 0.7381365734374999 0.6764322921875
1 0.5008680562500001 0.20290798593749998 0.382233796875 0.20290798593749998 0.382233796875 0.3240017359375 0.5008680562500001 0.3240017359375 0.5008680562500001 0.20290798593749998
1 0.36024305624999997 0.231987846875 0.1932870375 0.231987846875 0.1932870375 0.32530381875000003 0.36024305624999997 0.32530381875000003 0.36024305624999997 0.231987846875
1 0.28616898125 0.7391493062500001 0.16898148125 0.7391493062500001 0.16898148125 0.8033854171874999 0.28616898125 0.8033854171874999 0.28616898125 0.7391493062500001
1 0.918110246875 0.29369296875 0.816986278125 0.257329896875 0.7336993890625 0.3876143875 0.8348233578125 0.4239774578125 0.918110246875 0.29369296875
1 0.561586159375 0.491064134375 0.432440259375 0.43650140000000004 0.3718368828125 0.517188453125 0.5009827828125 0.5717511875 0.561586159375 0.491064134375
1 0.39463262499999996 0.6222427484375 0.2622322984375 0.6157666468749999 0.2523099125 0.72987408125 0.3847102390625 0.736350184375 0.39463262499999996 0.6222427484375
1 0.4542548734375 0.8695645890625 0.44131359843749995 0.7220340515625 0.3709477765625 0.7255060484375 0.383889053125 0.8730365875 0.4542548734375 0.8695645890625
1 0.58630534375 0.9170115125 0.58525570625 0.7440836765625 0.529881759375 0.7442727390625 0.530931396875 0.9172005750000001 0.58630534375 0.9170115125
1 0.9882644875000001 0.7542175484375 0.889831809375 0.5877279015625 0.8106143687499999 0.6140727312500001 0.9090470484375001 0.780562378125 0.9882644875000001 0.7542175484375
1 0.6322505625 0.4090111078125 0.582294115625 0.297789178125 0.4208079578125 0.3385890625 0.470764403125 0.44981099375 0.6322505625 0.4090111078125