1 0.44379340312500004 0.59664351875 0.5525173609375 0.59664351875 0.5525173609375 0.46469907343749994 0.44379340312500004 0.46469907343749994 0.44379340312500004 0.59664351875
1 0.3786892359375 0.5133101859375 0.4973958328125 0.5133101859375 0.4973958328125 0.3903356484375 0.3786892359375 0.3903356484375 0.3786892359375 0.5133101859375
1 0.24110243125 0.45109953750000004 0.310546875 0.45109953750000004 0.310546875 0.2913773140625 0.24110243125 0.2913773140625 0.24110243125 0.45109953750000004
1 0.1197916671875 0.600983796875 0.35785590312500004 0.600983796875 0.35785590312500004 0.49652777812500004 0.1197916671875 0.49652777812500004 0.1197916671875 0.600983796875
1 0.12521701406250002 0.360821759375 0.25282118124999997 0.360821759375 0.25282118124999997 0.19820601875 0.12521701406250002 0.19820601875 0.12521701406250002 0.360821759375
1 0.65234375 0.6111111109375 0.7532552078125 0.6111111109375 0.7532552078125 0.49768518593750005 0.65234375 0.49768518593750005 0.65234375 0.6111111109375
1 0.6032809140625 0.49951145468749997 0.647777328125 0.44045630625000004 0.566320484375 0.331344359375 0.52182406875 0.390399509375 0.6032809140625 0.49951145468749997
1 0.5256076390625 0.4855324078125 0.6432291671875 0.4855324078125 0.6432291671875 0.3405671296875 0.5256076390625 0.3405671296875 0.5256076390625 0.4855324078125
1 0.3502604171875 0.2141203703125 0.47417534687499996 0.2141203703125 0.47417534687499996 0.0416666671875 0.3502604171875 0.0416666671875 0.3502604171875 0.2141203703125
1 0.41905381875 0.350115740625 0.5377604171875 0.350115740625 0.5377604171875 0.248553240625 0.41905381875 0.248553240625 0.41905381875 0.350115740625
1 0.203992403125 0.66365655 0.34211405156249997 0.6622822046875 0.34180635000000004 0.60730625625 0.2036847015625 0.6086806 0.203992403125 0.66365655
1 0.3819645453125 0.6607959140624999 0.444486034375 0.570674846875 0.3993670265625 0.515028071875 0.3368455375 0.6051491375 0.3819645453125 0.6607959140624999
1 0.3695168359375 0.7479333515625 0.45417601249999995 0.6952565296875 0.4293160421875 0.62422804375 0.34465686406249996 0.6769048640625 0.3695168359375 0.7479333515625
1 0.5357556640625 0.719834084375 0.5613087906249999 0.6252581390625 0.47500881875 0.5838055640625 0.44945569062499996 0.6783815093750001 0.5357556640625 0.719834084375
1 0.5609609703125 0.29475934062500003 0.6725893765625 0.1836550109375 0.5932010234375 0.041854431250000004 0.48157261875 0.1529587609375 0.5609609703125 0.29475934062500003
1 0.6898534703125 0.4595726 0.7240960453125 0.2586828296875 0.683200225 0.24629015625 0.6489576515625 0.447179928125 0.6898534703125 0.4595726
1 0.7234544515625 0.3108657203125 0.87424836875 0.187137378125 0.8590778859375 0.1542680015625 0.7082839703125 0.27799634375000004 0.7234544515625 0.3108657203125
1 0.3109413953125 0.2233856078125 0.3392661203125 0.1499511328125 0.161132603125 0.027802435937499998 0.13280787656249998 0.101236909375 0.3109413953125 0.2233856078125
1 0.5835645296874999 0.6096602078125 0.6826064046875 0.5029997265625 0.655580890625 0.45838617812500004 0.5565390156250001 0.565046659375 0.5835645296874999 0.6096602078125