1 0.3883101859375 0.5891927078125 0.172453703125 0.5891927078125 0.172453703125 0.846137153125 0.3883101859375 0.846137153125 0.3883101859375 0.5891927078125
1 0.6663773140625 0.773003471875 0.49160879687500003 0.773003471875 0.49160879687500003 0.94921875 0.6663773140625 0.94921875 0.6663773140625 0.773003471875
1 0.8854166671874999 0.5540364578125 0.671296296875 0.5540364578125 0.671296296875 0.6124131937499999 0.8854166671874999 0.6124131937499999 0.8854166671874999 0.5540364578125
1 0.5928819437499999 0.4236111109375 0.46469907343749994 0.4236111109375 0.46469907343749994 0.5084635421875 0.5928819437499999 0.5084635421875 0.5928819437499999 0.4236111109375
1 0.29340277812500004 0.49457465312500004 0.17361111093749998 0.49457465312500004 0.17361111093749998 0.5891927078125 0.29340277812500004 0.5891927078125 0.29340277812500004 0.49457465312500004
1 0.5350115734374999 0.5173611109375 0.37413194375000003 0.5173611109375 0.37413194375000003 0.5993923609375 0.5350115734374999 0.5993923609375 0.5350115734374999 0.5173611109375
1 0.4846643515625 0.5911458328125 0.3804976859375 0.5911458328125 0.3804976859375 0.712890625 0.4846643515625 0.712890625 0.4846643515625 0.5911458328125
1 0.696759259375 0.3532986109375 0.54398148125 0.3532986109375 0.54398148125 0.4270833328125 0.696759259375 0.4270833328125 0.696759259375 0.3532986109375
1 0.7375578703125 0.6467013890625 0.5891203703125 0.6467013890625 0.5891203703125 0.7766927078125 0.7375578703125 0.7766927078125 0.7375578703125 0.6467013890625
1 0.9004629625 0.6236979171875 0.734375 0.6236979171875 0.734375 0.6857638890625 0.9004629625 0.6857638890625 0.9004629625 0.6236979171875
1 0.8345856109374999 0.7427531593750001 0.747640596875 0.727409921875 0.6903242640625 0.91010573125 0.777269278125 0.9254489703125 0.8345856109374999 0.7427531593750001
1 0.84296059375 0.4248134265625 0.8236449015625 0.34272173281249996 0.6747219109375 0.362432128125 0.6940376046875001 0.444523821875 0.84296059375 0.4248134265625
1 0.540812509375 0.3981901609375 0.43413075624999997 0.3370050375 0.3981329859375 0.37231054375 0.5048147390625 0.4334956671875 0.540812509375 0.3981901609375
1 0.34135008125 0.435585171875 0.2895731203125 0.37086397031249996 0.1773216234375 0.42137714531250003 0.22909858437500003 0.48609834531249996 0.34135008125 0.435585171875
1 0.45245977656249997 0.4263433375 0.3892073484375 0.382750446875 0.2983785984375 0.45688273593749995 0.36163102812500003 0.500475625 0.45245977656249997 0.4263433375
1 0.5104494546875 0.7577602453125001 0.453052046875 0.7375023359374999 0.33428827656250004 0.9267820953125 0.3916856828125 0.9470400046874999 0.5104494546875 0.7577602453125001
1 0.3939120375 0.49251736093750004 0.36923611093750003 0.47863715312500005 0.26319444375 0.5846788187499999 0.28787037031249996 0.5985590281250001 0.3939120375 0.49251736093750004
1 0.8410453531250001 0.5103351296875 0.8291986874999999 0.45920447343750004 0.636199125 0.4843576953125 0.648045790625 0.5354883515625 0.8410453531250001 0.5103351296875