1 0.3457754625 0.52734375 0.14236111093749998 0.52734375 0.14236111093749998 0.7892795140625 0.3457754625 0.7892795140625 0.3457754625 0.52734375
1 0.640625 0.697699653125 0.4675925921875 0.697699653125 0.4675925921875 0.8697916671874999 0.640625 0.8697916671874999 0.640625 0.697699653125
1 0.8527199078125 0.47113715312500004 0.6345486109375 0.47113715312500004 0.6345486109375 0.533203125 0.8527199078125 0.533203125 0.8527199078125 0.47113715312500004
1 0.546875 0.3439670140625 0.4166666671875 0.3439670140625 0.4166666671875 0.43641493125 0.546875 0.43641493125 0.546875 0.3439670140625
1 0.2410300921875 0.431640625 0.11313657343750001 0.431640625 0.11313657343750001 0.530815971875 0.2410300921875 0.530815971875 0.2410300921875 0.431640625
1 0.4933449078125 0.4459635421875 0.3263888890625 0.4459635421875 0.3263888890625 0.5284288187499999 0.4933449078125 0.5284288187499999 0.4933449078125 0.4459635421875
1 0.44589120312499997 0.5223524312500001 0.3425925921875 0.5223524312500001 0.3425925921875 0.6462673609375 0.44589120312499997 0.6462673609375 0.44589120312499997 0.5223524312500001
1 0.6521990734374999 0.2677951390625 0.49305555625 0.2677951390625 0.49305555625 0.3430989578125 0.6521990734374999 0.3430989578125 0.6521990734374999 0.2677951390625
1 0.7063078703125 0.5694444437499999 0.5558449078125001 0.5694444437499999 0.5558449078125001 0.6963975687499999 0.7063078703125 0.6963975687499999 0.7063078703125 0.5694444437499999
1 0.8697916671874999 0.5418836812500001 0.7022569437499999 0.5418836812500001 0.7022569437499999 0.5965711812500001 0.8697916671874999 0.5965711812500001 0.8697916671874999 0.5418836812500001
1 0.8048434609375 0.6596145531250001 0.7187856890625001 0.645906234375 0.6682189984375 0.824469865625 0.7542767703125 0.8381781828125 0.8048434609375 0.6596145531250001
1 0.2813006109375 0.3648441734375 0.221921803125 0.299280075 0.1097231390625 0.356437884375 0.1691019453125 0.4220019828125 0.2813006109375 0.3648441734375
1 0.3990740734375 0.34991319375 0.32527777812499997 0.308402778125 0.24204861093750002 0.39163194375 0.31584490781249996 0.4331423609375 0.3990740734375 0.34991319375
1 0.8078115046875001 0.418764675 0.7886305453125 0.3669760828125 0.5919226890625 0.40795688593749996 0.61110365 0.459745478125 0.8078115046875001 0.418764675
1 0.4796773671875 0.6878992375 0.4199112359375 0.6688827421875 0.312049421875 0.85956701875 0.371815553125 0.878583515625 0.4796773671875 0.6878992375
1 0.490521978125 0.31622839687500004 0.371366140625 0.25791809374999997 0.3366474296875 0.2978257421875 0.45580326875 0.3561360453125 0.490521978125 0.31622839687500004
1 0.3419728453125 0.42233555312500004 0.314366965625 0.40911997187500004 0.2153544671875 0.5254596593749999 0.2429603453125 0.5386752390625 0.3419728453125 0.42233555312500004
1 0.815334584375 0.3049701265625 0.743249353125 0.22022127500000002 0.6269674453125 0.275856153125 0.6990526765625 0.3606050046875 0.815334584375 0.3049701265625