1 0.3782552078125 0.6409143515625 0.3782552078125 0.9343171296874999 0.5920138890625 0.9343171296874999 0.5920138890625 0.6409143515625 0.3782552078125 0.6409143515625
1 0.3713107640625 0.04774305625 0.3713107640625 0.2306134265625 0.4997829859375 0.2306134265625 0.4997829859375 0.04774305625 0.3713107640625 0.04774305625
1 0.8524305562500001 0.3697916671875 0.8524305562500001 0.5578703703125 0.923828125 0.5578703703125 0.923828125 0.3697916671875 0.8524305562500001 0.3697916671875
1 0.13823784687500001 0.20052083281250002 0.13823784687500001 0.3553240734375 0.2658420140625 0.3553240734375 0.2658420140625 0.20052083281250002 0.13823784687500001 0.20052083281250002
1 0.4494357640625 0.1915509265625 0.4494357640625 0.3683449078125 0.562934028125 0.3683449078125 0.562934028125 0.1915509265625 0.4494357640625 0.1915509265625
1 0.13780381875 0.4001736109375 0.13780381875 0.5734953703125 0.26085069375000003 0.5734953703125 0.26085069375000003 0.4001736109375 0.13780381875 0.4001736109375
1 0.589409721875 0.2850115734375 0.589409721875 0.43171296249999996 0.717230903125 0.43171296249999996 0.717230903125 0.2850115734375 0.589409721875 0.2850115734375
1 0.39366319375000003 0.42592592656250006 0.39366319375000003 0.644097221875 0.4752604171875 0.644097221875 0.4752604171875 0.42592592656250006 0.39366319375000003 0.42592592656250006
1 0.6799045140625 0.09172453750000001 0.6799045140625 0.18142361093749998 0.827690971875 0.18142361093749998 0.827690971875 0.09172453750000001 0.6799045140625 0.09172453750000001
1 0.28125 0.58304398125 0.28125 0.7418981484375 0.3782552078125 0.7418981484375 0.3782552078125 0.58304398125 0.28125 0.58304398125
1 0.6186722062500001 0.5111358375 0.598892815625 0.6473938593749999 0.6912617187500001 0.671230996875 0.711041109375 0.534972975 0.6186722062500001 0.5111358375
1 0.7602590218749999 0.66126273125 0.6467466125 0.6686909453125 0.6524688750000001 0.82414576875 0.765981284375 0.816717553125 0.7602590218749999 0.66126273125
1 0.7809798531250001 0.246904515625 0.7240177671875 0.29095519531249997 0.7808279234375 0.42155325781249997 0.837790009375 0.377502578125 0.7809798531250001 0.246904515625
1 0.57325444375 0.1600705546875 0.5637639437499999 0.19810364687499998 0.6989403796875 0.258069765625 0.7084308796875 0.22003667500000001 0.57325444375 0.1600705546875
1 0.560673403125 0.35899100625 0.466851340625 0.46737905 0.543382140625 0.58514976875 0.637204203125 0.4767617234375 0.560673403125 0.35899100625
1 0.2967767484375 0.723681053125 0.1281697234375 0.78740654375 0.1444578328125 0.8640209859375 0.313064859375 0.8002954953125 0.2967767484375 0.723681053125
1 0.3568876875 0.3856169875 0.2581881015625 0.41193687656250005 0.2828859515625 0.576589209375 0.3815855375 0.5502693203125 0.3568876875 0.3856169875
1 0.3305697515625 0.1738044484375 0.2538161578125 0.349944109375 0.3090302796875 0.39271706093750003 0.3857838734375 0.21657739999999998 0.3305697515625 0.1738044484375