1 0.8318865734375 0.46245659687499996 0.6183449078125001 0.46245659687499996 0.6183449078125001 0.6475694437499999 0.8318865734375 0.6475694437499999 0.8318865734375 0.46245659687499996
1 0.3009259265625 0.49913194375 0.1828703703125 0.49913194375 0.1828703703125 0.5935329859375 0.3009259265625 0.5935329859375 0.3009259265625 0.49913194375
1 0.6085069437499999 0.19965277812499999 0.47366898125 0.19965277812499999 0.47366898125 0.2541232640625 0.6085069437499999 0.2541232640625 0.6085069437499999 0.19965277812499999
1 0.344328703125 0.6727430562500001 0.2445023140625 0.6727430562500001 0.2445023140625 0.7751736109375 0.344328703125 0.7751736109375 0.344328703125 0.6727430562500001
1 0.40393518593750005 0.46202256875 0.2870370375 0.46202256875 0.2870370375 0.5457899312500001 0.40393518593750005 0.5457899312500001 0.40393518593750005 0.46202256875
1 0.5069444437499999 0.7087673609375 0.3726851859375 0.7087673609375 0.3726851859375 0.795355903125 0.5069444437499999 0.795355903125 0.5069444437499999 0.7087673609375
1 0.6493055562500001 0.37109375 0.5422453703125 0.37109375 0.5422453703125 0.45203993125 0.6493055562500001 0.45203993125 0.6493055562500001 0.37109375
1 0.654803240625 0.6341145828125 0.5274884265625001 0.6341145828125 0.5274884265625001 0.7009548609375 0.654803240625 0.7009548609375 0.654803240625 0.6341145828125
1 0.49221353125 0.30634180781250003 0.465781615625 0.2654549390625 0.36405518593749997 0.3024463671875 0.3904871 0.3433332359375 0.49221353125 0.30634180781250003
1 0.48532400625000005 0.3782706109375 0.439176734375 0.3503527859375 0.3620418453125 0.42207238125 0.40818911875 0.44999020781250004 0.48532400625000005 0.3782706109375
1 0.5680641343749999 0.49608473281250004 0.5054384671875 0.41881274062499996 0.4040372953125 0.4650397453125 0.46666296249999994 0.5423117375000001 0.5680641343749999 0.49608473281250004
1 0.3905643765625 0.658646484375 0.2845796640625 0.5882423546875 0.2441330140625 0.622491534375 0.3501177265625 0.6928956640624999 0.3905643765625 0.658646484375
1 0.5177944984375 0.6933468734375 0.51395855625 0.618546 0.3925213875 0.6220489953125 0.3963573296875 0.69684986875 0.5177944984375 0.6933468734375
1 0.6029095875 0.570927421875 0.5729876390624999 0.5256854359375 0.4252320765625 0.5806540234375 0.455154025 0.6258960109375 0.6029095875 0.570927421875
1 0.7182672515624999 0.8373189640625001 0.6968097265625001 0.6947796921875 0.6347553859375 0.70003429375 0.6562129109375 0.842573565625 0.7182672515624999 0.8373189640625001
1 0.7919391375 0.4196819140625 0.78699573125 0.328228896875 0.6555800859375001 0.33222464375 0.6605234921875 0.423677659375 0.7919391375 0.4196819140625
1 0.33163171406249997 0.27065988281250003 0.299383171875 0.2615507171875 0.2473490328125 0.36517042499999997 0.27959757500000004 0.374279590625 0.33163171406249997 0.27065988281250003
1 0.366284428125 0.365101678125 0.3437610578125 0.3558875734375 0.2760858984375 0.44894091718749995 0.29860926875 0.458155021875 0.366284428125 0.365101678125