1 0.5525173609375 0.40335648125 0.44379340312500004 0.40335648125 0.44379340312500004 0.5353009265625001 0.5525173609375 0.5353009265625001 0.5525173609375 0.40335648125
1 0.4973958328125 0.48668981406249995 0.3786892359375 0.48668981406249995 0.3786892359375 0.6096643515625 0.4973958328125 0.6096643515625 0.4973958328125 0.48668981406249995
1 0.310546875 0.5489004625 0.24110243125 0.5489004625 0.24110243125 0.7086226859375 0.310546875 0.7086226859375 0.310546875 0.5489004625
1 0.35785590312500004 0.399016203125 0.1197916671875 0.399016203125 0.1197916671875 0.503472221875 0.35785590312500004 0.503472221875 0.35785590312500004 0.399016203125
1 0.25282118124999997 0.639178240625 0.12521701406250002 0.639178240625 0.12521701406250002 0.80179398125 0.25282118124999997 0.80179398125 0.25282118124999997 0.639178240625
1 0.7532552078125 0.3888888890625 0.65234375 0.3888888890625 0.65234375 0.5023148140625 0.7532552078125 0.5023148140625 0.7532552078125 0.3888888890625
1 0.647777328125 0.55954369375 0.6032809140625 0.5004885453125001 0.52182406875 0.609600490625 0.566320484375 0.668655640625 0.647777328125 0.55954369375
1 0.6432291671875 0.5144675921874999 0.5256076390625 0.5144675921874999 0.5256076390625 0.6594328703125 0.6432291671875 0.6594328703125 0.6432291671875 0.5144675921874999
1 0.47417534687499996 0.7858796296875 0.3502604171875 0.7858796296875 0.3502604171875 0.9583333328125001 0.47417534687499996 0.9583333328125001 0.47417534687499996 0.7858796296875
1 0.5377604171875 0.649884259375 0.41905381875 0.649884259375 0.41905381875 0.751446759375 0.5377604171875 0.751446759375 0.5377604171875 0.649884259375
1 0.34211405156249997 0.3377177953125 0.203992403125 0.33634345 0.2036847015625 0.3913194 0.34180635000000004 0.39269374375 0.34211405156249997 0.3377177953125
1 0.444486034375 0.429325153125 0.3819645453125 0.3392040859375 0.3368455375 0.3948508625 0.3993670265625 0.48497192812499995 0.444486034375 0.429325153125
1 0.45417601249999995 0.3047434703125 0.3695168359375 0.2520666484375 0.34465686406249996 0.3230951359375 0.4293160421875 0.37577195625000004 0.45417601249999995 0.3047434703125
1 0.5613087906249999 0.3747418609375 0.5357556640625 0.280165915625 0.44945569062499996 0.32161849062500003 0.47500881875 0.4161944359375 0.5613087906249999 0.3747418609375
1 0.6725893765625 0.8163449890625 0.5609609703125 0.705240659375 0.48157261875 0.8470412390625001 0.5932010234375 0.95814556875 0.6725893765625 0.8163449890625
1 0.7240960453125 0.7413171703125 0.6898534703125 0.5404274 0.6489576515625 0.552820071875 0.683200225 0.75370984375 0.7240960453125 0.7413171703125
1 0.87424836875 0.812862621875 0.7234544515625 0.6891342796875 0.7082839703125 0.72200365625 0.8590778859375 0.8457319984374999 0.87424836875 0.812862621875
1 0.3392661203125 0.8500488671875001 0.3109413953125 0.7766143921875 0.13280787656249998 0.898763090625 0.161132603125 0.9721975640625 0.3392661203125 0.8500488671875001
1 0.6826064046875 0.4970002734375 0.5835645296874999 0.3903397921875 0.5565390156250001 0.434953340625 0.655580890625 0.541613821875 0.6826064046875 0.4970002734375