1 0.46498842656250006 0.66796875 0.1603009265625 0.66796875 0.1603009265625 0.8036024312500001 0.46498842656250006 0.8036024312500001 0.46498842656250006 0.66796875
1 0.4609375 0.5614149312500001 0.3000578703125 0.5614149312500001 0.3000578703125 0.6883680562500001 0.4609375 0.6883680562500001 0.4609375 0.5614149312500001
1 0.5344328703125 0.45421006875 0.45225694375 0.45421006875 0.45225694375 0.5876736109375 0.5344328703125 0.5876736109375 0.5344328703125 0.45421006875
1 0.848090278125 0.20703125 0.732928240625 0.20703125 0.732928240625 0.2990451390625 0.848090278125 0.2990451390625 0.848090278125 0.20703125
1 0.5109953703125 0.1725260421875 0.3802083328125 0.1725260421875 0.3802083328125 0.23719618125 0.5109953703125 0.23719618125 0.5109953703125 0.1725260421875
1 0.42129629687500003 0.39930555624999997 0.3070023140625 0.39930555624999997 0.3070023140625 0.510199653125 0.42129629687500003 0.510199653125 0.42129629687500003 0.39930555624999997
1 0.8683449078125 0.33485243124999997 0.7546296296875 0.33485243124999997 0.7546296296875 0.4314236109375 0.8683449078125 0.4314236109375 0.8683449078125 0.33485243124999997
1 0.707465278125 0.486328125 0.6238425921874999 0.486328125 0.6238425921874999 0.5850694437499999 0.707465278125 0.5850694437499999 0.707465278125 0.486328125
1 0.2562984203125 0.458877471875 0.130681878125 0.4187213640625 0.0876012890625 0.49452662968750005 0.2132178328125 0.5346827390625 0.2562984203125 0.458877471875
1 0.49196852968749993 0.2841162921875 0.44425282812500005 0.24548081718749998 0.341662678125 0.31675024218750003 0.3893783796875 0.3553857171875 0.49196852968749993 0.2841162921875
1 0.56500365 0.32470361875 0.501252853125 0.31081378125 0.456886090625 0.425356815625 0.5206368875 0.4392466546875 0.56500365 0.32470361875
1 0.2969881765625 0.6040273078125 0.2910680015625 0.5468384203125 0.09470165 0.5582727968750001 0.10062182500000001 0.6154616828125 0.2969881765625 0.6040273078125
1 0.6919100499999999 0.633608925 0.567995453125 0.5733261484375001 0.487497025 0.6664024562499999 0.6114116203125 0.7266852328125 0.6919100499999999 0.633608925
1 0.650740628125 0.22854163593750002 0.5982309375 0.18621239375 0.506413896875 0.25028092968750004 0.5589235875 0.292610171875 0.650740628125 0.22854163593750002
1 0.7726242359375 0.1602516890625 0.7472685296875 0.1451993203125 0.6582071609375 0.229587715625 0.6835628671875 0.244640084375 0.7726242359375 0.1602516890625
1 0.7252243671875 0.28406133906250003 0.6674313078125 0.2728029515625 0.6283073156250001 0.3857734765625 0.6861003765625 0.3970318640625 0.7252243671875 0.28406133906250003
1 0.636672346875 0.4912836625 0.5904587375 0.358646965625 0.5408118281250001 0.368377146875 0.5870254375 0.50101384375 0.636672346875 0.4912836625
1 0.3451570078125 0.3642435984375 0.257452890625 0.292984003125 0.1547967703125 0.364053625 0.2425008875 0.435313221875 0.3451570078125 0.3642435984375