1 0.6970486109375 0.9904513890625 0.6970486109375 0.7625868062500001 0.446759259375 0.7625868062500001 0.446759259375 0.9904513890625 0.6970486109375 0.9904513890625
1 0.644965278125 0.4967447921875 0.644965278125 0.3782552078125 0.49450231406249995 0.3782552078125 0.49450231406249995 0.4967447921875 0.644965278125 0.4967447921875
1 0.86429398125 0.802300346875 0.86429398125 0.6529947921875 0.785590278125 0.6529947921875 0.785590278125 0.802300346875 0.86429398125 0.802300346875
1 0.20138888906250002 0.7220052078125 0.20138888906250002 0.629340278125 0.0445601859375 0.629340278125 0.0445601859375 0.7220052078125 0.20138888906250002 0.7220052078125
1 0.4244791671875 0.6252170140625 0.4244791671875 0.50390625 0.30815972187499996 0.50390625 0.30815972187499996 0.6252170140625 0.4244791671875 0.6252170140625
1 0.8810763890625 0.5837673609375 0.8810763890625 0.4670138890625 0.8009259265625 0.4670138890625 0.8009259265625 0.5837673609375 0.8810763890625 0.5837673609375
1 0.781828703125 0.8658854171874999 0.781828703125 0.7662760421875 0.6438078703125 0.7662760421875 0.6438078703125 0.8658854171874999 0.781828703125 0.8658854171874999
1 0.1510416671875 0.880425346875 0.1510416671875 0.765190971875 0.046875 0.765190971875 0.046875 0.880425346875 0.1510416671875 0.880425346875
1 0.7691651625 0.7685470750000001 0.8240285999999999 0.664467903125 0.6811361546875 0.62209863125 0.6262727156250001 0.726177803125 0.7691651625 0.7685470750000001
1 0.7720820078124999 0.5885751375 0.78156644375 0.5147320234375 0.637192290625 0.504301321875 0.6277078546875 0.5781444375 0.7720820078124999 0.5885751375
1 0.774016203125 0.5052083328125 0.774016203125 0.4401041671875 0.6267361109375 0.4401041671875 0.6267361109375 0.5052083328125 0.774016203125 0.5052083328125
1 0.4607733203125 0.742945059375 0.5957706625 0.70345115625 0.5541749125 0.6234738734375 0.41917757031249997 0.6629677765624999 0.4607733203125 0.742945059375
1 0.2959472203125 0.75825965625 0.42780053437500004 0.7064601406250001 0.35369402499999997 0.6003530921875 0.22184071093750002 0.6521526078125001 0.2959472203125 0.75825965625
1 0.3536161296875 0.9145963921875 0.4236367171875 0.9110953625 0.4096774109375 0.7540531671874999 0.33965682343750003 0.7575541953125 0.3536161296875 0.9145963921875
1 0.2995546203125 0.6291224328125 0.3097346125 0.48456652343749995 0.23196207656249998 0.4814857453125 0.22178208281249998 0.6260416531249999 0.2995546203125 0.6291224328125
1 0.3298586515625 0.5018756640625 0.49535479687499995 0.4571917046875 0.4716664703125 0.407841025 0.3061703265625 0.452524984375 0.3298586515625 0.5018756640625
1 0.6307754625 0.87766493125 0.6593865734375 0.8615711812500001 0.5392129625 0.74139756875 0.5106018515625 0.75749131875 0.6307754625 0.87766493125
1 0.62481079375 0.63013685625 0.8301858640625 0.604931734375 0.8216053609375 0.5656044312499999 0.616230290625 0.5908095531249999 0.62481079375 0.63013685625