1 0.3263888890625 0.4001736109375 0.3263888890625 0.650390625 0.534722221875 0.650390625 0.534722221875 0.4001736109375 0.3263888890625 0.4001736109375
1 0.163483796875 0.5731336812500001 0.163483796875 0.7154947921875 0.367766203125 0.7154947921875 0.367766203125 0.5731336812500001 0.163483796875 0.5731336812500001
1 0.282696759375 0.228515625 0.282696759375 0.29405381875000003 0.500578703125 0.29405381875000003 0.500578703125 0.228515625 0.282696759375 0.228515625
1 0.3859953703125 0.7903645828125 0.3859953703125 0.9314236109375 0.5303819437499999 0.9314236109375 0.5303819437499999 0.7903645828125 0.3859953703125 0.7903645828125
1 0.5992476859375 0.29796006875000003 0.5992476859375 0.42578125 0.7155671296875 0.42578125 0.7155671296875 0.29796006875000003 0.5992476859375 0.29796006875000003
1 0.5324074078125001 0.6009114578125 0.5324074078125001 0.7000868062500001 0.7155671296875 0.7000868062500001 0.7155671296875 0.6009114578125 0.5324074078125001 0.6009114578125
1 0.600115740625 0.216796875 0.600115740625 0.2834201390625 0.7745949078125001 0.2834201390625 0.7745949078125001 0.216796875 0.600115740625 0.216796875
1 0.1901041671875 0.2962239578125 0.1901041671875 0.4123263890625 0.3342013890625 0.4123263890625 0.3342013890625 0.2962239578125 0.1901041671875 0.2962239578125
1 0.5257523140625 0.701605903125 0.5257523140625 0.77734375 0.7468171296875 0.77734375 0.7468171296875 0.701605903125 0.5257523140625 0.701605903125
1 0.6710069437499999 0.43315972187499996 0.6710069437499999 0.5295138890625 0.813946759375 0.5295138890625 0.813946759375 0.43315972187499996 0.6710069437499999 0.43315972187499996
1 0.483811475 0.5813851890625 0.5969262296875 0.6185009671875 0.662325440625 0.5063880359375 0.5492106859375 0.46927225625 0.483811475 0.5813851890625
1 0.08566399531249999 0.47621562968750003 0.1089324625 0.6041921984374999 0.28785755156250004 0.585893040625 0.264589084375 0.4579164734375 0.08566399531249999 0.47621562968750003
1 0.715625 0.30625 0.715625 0.4296875 0.8109375 0.4296875 0.8109375 0.30625 0.715625 0.30625
1 0.7179095359375001 0.7057648234375 0.7992053796875 0.7149106046875 0.82937805625 0.5640472187500001 0.7480822125000001 0.5549014359375 0.7179095359375001 0.7057648234375
1 0.8220043109375 0.24960129375 0.8386745687499999 0.3996336203125 0.9131573281250001 0.39497844843749996 0.89648706875 0.2449461203125 0.8220043109375 0.24960129375
1 0.5337402499999999 0.4310296125 0.5917973421875 0.43181652968749995 0.595914203125 0.260966834375 0.5378571109375 0.260179915625 0.5337402499999999 0.4310296125
1 0.1796875 0.409375 0.1796875 0.521875 0.359375 0.521875 0.359375 0.409375 0.1796875 0.409375
1 0.33345618906249996 0.7108401203125 0.4960217625 0.76852803125 0.5679268796875 0.6545487046875 0.40536130468750003 0.59686079375 0.33345618906249996 0.7108401203125