1 0.5370370375 0.1998697921875 0.3958333328125 0.1998697921875 0.3958333328125 0.38563368124999997 0.5370370375 0.38563368124999997 0.5370370375 0.1998697921875
1 0.6053240734374999 0.40082465312500004 0.48234953750000004 0.40082465312500004 0.48234953750000004 0.4967447921875 0.6053240734374999 0.4967447921875 0.6053240734374999 0.40082465312500004
1 0.7853009265625001 0.2536892359375 0.6530671296875 0.2536892359375 0.6530671296875 0.32725694375000003 0.7853009265625001 0.32725694375000003 0.7853009265625001 0.2536892359375
1 0.4296875 0.6579861109375 0.2780671296875 0.6579861109375 0.2780671296875 0.7743055562500001 0.4296875 0.7743055562500001 0.4296875 0.6579861109375
1 0.9227430562500001 0.38975694375000003 0.782696759375 0.38975694375000003 0.782696759375 0.4752604171875 0.9227430562500001 0.4752604171875 0.9227430562500001 0.38975694375000003
1 0.41116898125 0.27039930624999997 0.3177083328125 0.27039930624999997 0.3177083328125 0.37152777812500004 0.41116898125 0.37152777812500004 0.41116898125 0.27039930624999997
1 0.7479745375 0.43272569375 0.6458333328125 0.43272569375 0.6458333328125 0.528862846875 0.7479745375 0.528862846875 0.7479745375 0.43272569375
1 0.7603932875 0.485616953125 0.720060721875 0.5958112828125001 0.88815904375 0.6304197609375 0.9284916093750001 0.52022543125 0.7603932875 0.485616953125
1 0.7132870375 0.68883680625 0.67819444375 0.7085763890625 0.8318749999999999 0.86225694375 0.8669675921875 0.8425173609375 0.7132870375 0.68883680625
1 0.3791768796875 0.5502042484375 0.320700571875 0.5877961609375 0.43581495156249994 0.6885212421875 0.4942912578125 0.6509293296875 0.3791768796875 0.5502042484375
1 0.6052003499999999 0.5129709484375 0.4745874703125 0.5918023906250001 0.5243139546875 0.6381467421875 0.654926834375 0.5593153 0.6052003499999999 0.5129709484375
1 0.422616675 0.42788024375000006 0.34935089375 0.5045803578125 0.4652022984375 0.5668288734375 0.538468078125 0.490128759375 0.422616675 0.42788024375000006
1 0.2669917296875 0.45010867968749996 0.17147040625 0.5391577640625 0.260670715625 0.59297975625 0.356192040625 0.503930671875 0.2669917296875 0.45010867968749996
1 0.2990755484375 0.3643378515625 0.20435549218750002 0.393113565625 0.2404379265625 0.4599224484375 0.33515798281250003 0.4311467359375 0.2990755484375 0.3643378515625
1 0.3719376578125 0.357542471875 0.32260674218749996 0.405172321875 0.41360786406249994 0.4581886 0.4629387796875 0.41055875000000003 0.3719376578125 0.357542471875
1 0.5629615859375 0.31477685312500003 0.5623689203125 0.35448541875 0.70760643125 0.3557047640625 0.7081990968749999 0.31599619687499997 0.5629615859375 0.31477685312500003
1 0.8587210734375 0.2649583765625 0.77176743125 0.36134792187500003 0.82306066875 0.38737590312500003 0.9100143109375001 0.2909863578125 0.8587210734375 0.2649583765625
1 0.5102911328124999 0.6401495734375 0.5067370015625 0.6881303421875 0.7450543093750001 0.6980602296875 0.748608440625 0.6500794609375 0.5102911328124999 0.6401495734375