1 0.3921875 0.4921875 0.2875 0.4921875 0.2875 0.575 0.3921875 0.575 0.3921875 0.4921875
1 0.403125 0.66875 0.2203125 0.66875 0.2203125 0.784375 0.403125 0.784375 0.403125 0.66875
1 0.620466371875 0.778602703125 0.50020283125 0.6669294140625001 0.4685611578125 0.6860969671875 0.5888246984375 0.7977702546875001 0.620466371875 0.778602703125
1 0.5671875 0.4546875 0.475 0.4546875 0.475 0.5125 0.5671875 0.5125 0.5671875 0.4546875
1 0.1609375 0.5671875 0.025 0.5671875 0.025 0.6515625 0.1609375 0.6515625 0.1609375 0.5671875
1 0.8234375 0.59375 0.7390625 0.59375 0.7390625 0.7203125 0.8234375 0.7203125 0.8234375 0.59375
1 0.44765625 0.4673828125 0.43524260937500003 0.43147192343749996 0.2879478625 0.46011256874999995 0.300361503125 0.4960234578125 0.44765625 0.4673828125
1 0.5390625 0.7203125 0.365625 0.7203125 0.365625 0.846875 0.5390625 0.846875 0.5390625 0.7203125
1 0.32614447343749997 0.501526815625 0.28081413125 0.46941782187500003 0.174044146875 0.55420575 0.219374490625 0.58631474375 0.32614447343749997 0.501526815625
1 0.3578125 0.584375 0.2046875 0.584375 0.2046875 0.6796875 0.3578125 0.6796875 0.3578125 0.584375
1 0.53279305 0.572503890625 0.5106976140625 0.5103604765624999 0.3772367734375 0.5370526453125 0.39933220937499997 0.5991960578125 0.53279305 0.572503890625
1 0.7453125 0.4140625 0.6015625 0.4140625 0.6015625 0.4421875 0.7453125 0.4421875 0.7453125 0.4140625
1 0.7625 0.6859375 0.609375 0.6859375 0.609375 0.78125 0.7625 0.78125 0.7625 0.6859375
1 0.8046875 0.4640625 0.721875 0.4640625 0.721875 0.5421875 0.8046875 0.5421875 0.8046875 0.4640625
1 0.709251615625 0.5399289171875 0.706483665625 0.4921817671875 0.579685315625 0.496316496875 0.5824532671875 0.544063646875 0.709251615625 0.5399289171875
1 0.6921875 0.4515625 0.5734375 0.4515625 0.5734375 0.4921875 0.6921875 0.4921875 0.6921875 0.4515625
1 0.7625371046875 0.551346409375 0.7539999671875 0.5219855734375 0.5709925046875 0.551917540625 0.57952964375 0.5812783765625 0.7625371046875 0.551346409375
1 0.606353440625 0.6630315328124999 0.35401634375 0.5575982046875 0.321789646875 0.6009833953125 0.5741267437500001 0.7064167234375 0.606353440625 0.6630315328124999