1 0.43984375 0.65703125 0.05 0.240625
1 0.4703125 0.96484375 0.128125 0.0703125
1 0.3890625 0.846875 0.084375 0.1625
1 0.22265625 0.59375 0.1171875 0.175
1 0.22421875 0.34296875 0.11875 0.18125
1 0.4390625 0.3125 0.1203125 0.159375
1 0.54453125 0.7984375 0.08125 0.215625
1 0.65390625 0.6828125 0.1 0.178125
1 0.64609375 0.9296875 0.134375 0.140625
1 0.56484375 0.2453125 0.128125 0.11875
1 0.34921875 0.4953125 0.0953125 0.215625
1 0.5984375 0.4234375 0.134375 0.1734375
1 0.79375 0.8671875 0.1578125 0.09375
1 0.81328125 0.70859375 0.159375 0.165625
1 0.75234375 0.49765625 0.13125 0.20625
1 0.51640625 0.5578125 0.10625 0.21875
1 0.28828125 0.234375 0.146875 0.1890625