1 0.31741898125 0.832465278125 0.31741898125 0.7489149312500001 0.1643518515625 0.7489149312500001 0.1643518515625 0.832465278125 0.31741898125 0.832465278125
1 0.4968171296875 0.47026909687499996 0.4968171296875 0.34613715312500004 0.42100694375 0.34613715312500004 0.42100694375 0.47026909687499996 0.4968171296875 0.47026909687499996
1 0.47366898125 0.758246528125 0.47366898125 0.665581596875 0.3732638890625 0.665581596875 0.3732638890625 0.758246528125 0.47366898125 0.758246528125
1 0.3561921296875 0.526909721875 0.3561921296875 0.42469618125 0.1964699078125 0.42469618125 0.1964699078125 0.526909721875 0.3561921296875 0.526909721875
1 0.7734375 0.7061631937499999 0.7734375 0.626519096875 0.684027778125 0.626519096875 0.684027778125 0.7061631937499999 0.7734375 0.7061631937499999
1 0.6006944437499999 0.6349826390625 0.6006944437499999 0.5642361109375 0.47743055625 0.5642361109375 0.47743055625 0.6349826390625 0.6006944437499999 0.6349826390625
1 0.6796875 0.6725260421875 0.6796875 0.6150173609375 0.568865740625 0.6150173609375 0.568865740625 0.6725260421875 0.6796875 0.6725260421875
1 0.723090278125 0.547309028125 0.723090278125 0.45789930625 0.6131365734374999 0.45789930625 0.6131365734374999 0.547309028125 0.723090278125 0.547309028125
1 0.25 0.696831596875 0.25 0.6032986109375 0.1385995375 0.6032986109375 0.1385995375 0.696831596875 0.25 0.696831596875
1 0.4192708328125 0.32703993124999997 0.4192708328125 0.09092881875 0.281828703125 0.09092881875 0.281828703125 0.32703993124999997 0.4192708328125 0.32703993124999997
1 0.3909143515625 0.43012152812500004 0.3909143515625 0.35069444375000003 0.23466435156249998 0.35069444375000003 0.23466435156249998 0.43012152812500004 0.3909143515625 0.43012152812500004
1 0.3910770296875 0.68544396875 0.2786388421875 0.6095905687500001 0.23176674218749999 0.6486724734375 0.34420492812500003 0.7245258734375 0.3910770296875 0.68544396875
1 0.59433511875 0.44247932343749996 0.5449715390625001 0.42763065312500004 0.48847115937499996 0.5332863609375 0.5378347406249999 0.5481350328125 0.59433511875 0.44247932343749996
1 0.695451965625 0.587448825 0.6481895343749999 0.5257333734375 0.611412484375 0.5415757953125 0.658674915625 0.603291246875 0.695451965625 0.587448825
1 0.6835317203125 0.3989058640625 0.5998030640625001 0.3433224828125 0.5369329109375001 0.396594140625 0.6206615671875 0.45217752187500004 0.6835317203125 0.3989058640625
1 0.5017485203125001 0.25703528124999997 0.42590312656249996 0.23420426875000003 0.37373525937499996 0.33168744375000003 0.44958065312500006 0.35451845625 0.5017485203125001 0.25703528124999997
1 0.418596553125 0.46221204218749995 0.291085340625 0.45993505625 0.2880952609375 0.5541225265625 0.415606475 0.5563995125 0.418596553125 0.46221204218749995
1 0.46473579374999996 0.660758821875 0.45526796562499994 0.56134663125 0.335611428125 0.567756803125 0.34507925625 0.66716899375 0.46473579374999996 0.660758821875