1 0.46469907343749994 0.20182291718749998 0.3226273140625 0.20182291718749998 0.3226273140625 0.32530381875000003 0.46469907343749994 0.32530381875000003 0.46469907343749994 0.20182291718749998
1 0.534722221875 0.32899305624999997 0.3848379625 0.32899305624999997 0.3848379625 0.4396701390625 0.534722221875 0.4396701390625 0.534722221875 0.32899305624999997
1 0.6953125 0.7430555562500001 0.5286458328125 0.7430555562500001 0.5286458328125 0.8151041671874999 0.6953125 0.8151041671874999 0.6953125 0.7430555562500001
1 0.59085648125 0.466796875 0.40133101875 0.466796875 0.40133101875 0.5555555562500001 0.59085648125 0.5555555562500001 0.59085648125 0.466796875
1 0.9513888890625 0.5028211812500001 0.8165509265625 0.5028211812500001 0.8165509265625 0.6252170140625 0.9513888890625 0.6252170140625 0.9513888890625 0.5028211812500001
1 0.6603009265625001 0.2903645828125 0.529803240625 0.2903645828125 0.529803240625 0.3962673609375 0.6603009265625001 0.3962673609375 0.6603009265625001 0.2903645828125
1 0.815972221875 0.4147135421875 0.7100694437499999 0.4147135421875 0.7100694437499999 0.5368923609375 0.815972221875 0.5368923609375 0.815972221875 0.4147135421875
1 0.49508101875 0.6525607640625 0.34461805624999997 0.6525607640625 0.34461805624999997 0.7489149312500001 0.49508101875 0.7489149312500001 0.49508101875 0.6525607640625
1 0.5818865734374999 0.1154513890625 0.5017361109375 0.1154513890625 0.5017361109375 0.2502170140625 0.5818865734374999 0.2502170140625 0.5818865734374999 0.1154513890625
1 0.3859953703125 0.44097222187499996 0.2688078703125 0.44097222187499996 0.2688078703125 0.5416666671875 0.3859953703125 0.5416666671875 0.3859953703125 0.44097222187499996
1 0.3397288890625 0.408195384375 0.2923447515625 0.3055297546875 0.1516807640625 0.34204829062500003 0.1990649 0.4447139203125 0.3397288890625 0.408195384375
1 0.8172996781249999 0.679862865625 0.7783739453125 0.5697207375 0.689869365625 0.5873150218750001 0.728795096875 0.69745715 0.8172996781249999 0.679862865625
1 0.771475203125 0.8416041984374999 0.72173306875 0.700372065625 0.684932615625 0.7076627203125 0.7346747515625001 0.8488948546874999 0.771475203125 0.8416041984374999
1 0.7570601859375 0.2203125 0.6933449078125 0.156597221875 0.5860300921875 0.21696180625 0.6497453703125 0.2806770828125 0.7570601859375 0.2203125
1 0.8613540437499999 0.3758402171875 0.818408071875 0.267861771875 0.6878158640625001 0.2970780671875 0.7307618359375 0.4050565125 0.8613540437499999 0.3758402171875
1 0.6769123140625 0.5459143984375 0.5931182671874999 0.4258234265625 0.5289325203125 0.45101550156250003 0.6127265671875 0.5711064734375 0.6769123140625 0.5459143984375
1 0.6531347750000001 0.6746235984375 0.53127575625 0.5657208546875 0.48009150156249997 0.597937309375 0.6019505203125 0.706840053125 0.6531347750000001 0.6746235984375