1 0.5334201390625 0.23524305625 0.5334201390625 0.3553240734375 0.6647135421875 0.3553240734375 0.6647135421875 0.23524305625 0.5334201390625 0.23524305625
1 0.2990451390625 0.636284721875 0.2990451390625 0.828125 0.42035590312500004 0.828125 0.42035590312500004 0.636284721875 0.2990451390625 0.636284721875
1 0.7118055562500001 0.5138888890625 0.7118055562500001 0.6458333328125 0.8708767359375 0.6458333328125 0.8708767359375 0.5138888890625 0.7118055562500001 0.5138888890625
1 0.34375 0.157696759375 0.34375 0.2589699078125 0.458984375 0.2589699078125 0.458984375 0.157696759375 0.34375 0.157696759375
1 0.4138454859375 0.2502893515625 0.4138454859375 0.3961226859375 0.5217013890625 0.3961226859375 0.5217013890625 0.2502893515625 0.4138454859375 0.2502893515625
1 0.4505208328125 0.640625 0.4505208328125 0.8214699078125 0.5666232640625 0.8214699078125 0.5666232640625 0.640625 0.4505208328125 0.640625
1 0.17491319375 0.5989583328125 0.17491319375 0.7381365734374999 0.3235677078125 0.7381365734374999 0.3235677078125 0.5989583328125 0.17491319375 0.5989583328125
1 0.6759982640625 0.382233796875 0.6759982640625 0.5008680562500001 0.7970920140625 0.5008680562500001 0.7970920140625 0.382233796875 0.6759982640625 0.382233796875
1 0.6746961812500001 0.1932870375 0.6746961812500001 0.36024305624999997 0.768012153125 0.36024305624999997 0.768012153125 0.1932870375 0.6746961812500001 0.1932870375
1 0.1966145828125 0.16898148125 0.1966145828125 0.28616898125 0.26085069375000003 0.28616898125 0.26085069375000003 0.16898148125 0.1966145828125 0.16898148125
1 0.6123856125 0.7336993890625 0.5760225421875 0.8348233578125 0.7063070312499999 0.918110246875 0.742670103125 0.816986278125 0.6123856125 0.7336993890625
1 0.482811546875 0.3718368828125 0.4282488125 0.5009827828125 0.508935865625 0.561586159375 0.5634986 0.432440259375 0.482811546875 0.3718368828125
1 0.27012591874999997 0.2523099125 0.263649815625 0.3847102390625 0.3777572515625 0.39463262499999996 0.384233353125 0.2622322984375 0.27012591874999997 0.2523099125
1 0.2744939515625 0.3709477765625 0.1269634125 0.383889053125 0.1304354109375 0.4542548734375 0.2779659484375 0.44131359843749995 0.2744939515625 0.3709477765625
1 0.2557272609375 0.529881759375 0.08279942500000001 0.530931396875 0.0829884875 0.58630534375 0.25591632343750004 0.58525570625 0.2557272609375 0.529881759375
1 0.38592726875 0.8106143687499999 0.219437621875 0.9090470484375001 0.2457824515625 0.9882644875000001 0.4122720984375 0.889831809375 0.38592726875 0.8106143687499999
1 0.6614109375 0.4208079578125 0.55018900625 0.470764403125 0.5909888921875 0.6322505625 0.702210821875 0.582294115625 0.6614109375 0.4208079578125