1 0.7892795140625 0.8576388890625 0.7892795140625 0.6542245375 0.52734375 0.6542245375 0.52734375 0.8576388890625 0.7892795140625 0.8576388890625
1 0.8697916671874999 0.5324074078125001 0.8697916671874999 0.359375 0.697699653125 0.359375 0.697699653125 0.5324074078125001 0.8697916671874999 0.5324074078125001
1 0.533203125 0.3654513890625 0.533203125 0.1472800921875 0.47113715312500004 0.1472800921875 0.47113715312500004 0.3654513890625 0.533203125 0.3654513890625
1 0.43641493125 0.5833333328125 0.43641493125 0.453125 0.3439670140625 0.453125 0.3439670140625 0.5833333328125 0.43641493125 0.5833333328125
1 0.530815971875 0.8868634265625 0.530815971875 0.7589699078125001 0.431640625 0.7589699078125001 0.431640625 0.8868634265625 0.530815971875 0.8868634265625
1 0.5284288187499999 0.6736111109375 0.5284288187499999 0.5066550921874999 0.4459635421875 0.5066550921874999 0.4459635421875 0.6736111109375 0.5284288187499999 0.6736111109375
1 0.6462673609375 0.6574074078125001 0.6462673609375 0.554108796875 0.5223524312500001 0.554108796875 0.5223524312500001 0.6574074078125001 0.6462673609375 0.6574074078125001
1 0.3430989578125 0.5069444437499999 0.3430989578125 0.3478009265625 0.2677951390625 0.3478009265625 0.2677951390625 0.5069444437499999 0.3430989578125 0.5069444437499999
1 0.6963975687499999 0.4441550921875 0.6963975687499999 0.2936921296875 0.5694444437499999 0.2936921296875 0.5694444437499999 0.4441550921875 0.6963975687499999 0.4441550921875
1 0.5965711812500001 0.29774305624999997 0.5965711812500001 0.1302083328125 0.5418836812500001 0.1302083328125 0.5418836812500001 0.29774305624999997 0.5965711812500001 0.29774305624999997
1 0.824469865625 0.3317810015625 0.8381781828125 0.2457232296875 0.6596145531250001 0.1951565390625 0.645906234375 0.2812143109375 0.824469865625 0.3317810015625
1 0.356437884375 0.8902768609375 0.4220019828125 0.8308980546875 0.3648441734375 0.7186993890625 0.299280075 0.778078196875 0.356437884375 0.8902768609375
1 0.39163194375 0.7579513890625 0.4331423609375 0.6841550921875 0.34991319375 0.6009259265625 0.308402778125 0.674722221875 0.39163194375 0.7579513890625
1 0.40795688593749996 0.40807731093750005 0.459745478125 0.38889635 0.418764675 0.19218849531249999 0.3669760828125 0.2113694546875 0.40795688593749996 0.40807731093750005
1 0.85956701875 0.6879505781249999 0.878583515625 0.628184446875 0.6878992375 0.5203226328125 0.6688827421875 0.5800887640625 0.85956701875 0.6879505781249999
1 0.2978257421875 0.6633525703125 0.3561360453125 0.54419673125 0.31622839687500004 0.509478021875 0.25791809374999997 0.628633859375 0.2978257421875 0.6633525703125
1 0.5254596593749999 0.7846455328124999 0.5386752390625 0.7570396546875 0.42233555312500004 0.6580271546875001 0.40911997187500004 0.685633034375 0.5254596593749999 0.7846455328124999
1 0.275856153125 0.3730325546875 0.3606050046875 0.3009473234375 0.3049701265625 0.184665415625 0.22022127500000002 0.256750646875 0.275856153125 0.3730325546875