1 0.25108506875000003 0.68258101875 0.16753472187500001 0.68258101875 0.16753472187500001 0.8356481484374999 0.25108506875000003 0.8356481484374999 0.25108506875000003 0.68258101875
1 0.653862846875 0.5031828703125 0.529730903125 0.5031828703125 0.529730903125 0.5789930562500001 0.653862846875 0.5789930562500001 0.653862846875 0.5031828703125
1 0.33441840312500004 0.52633101875 0.241753471875 0.52633101875 0.241753471875 0.6267361109375 0.33441840312500004 0.6267361109375 0.33441840312500004 0.52633101875
1 0.5753038187499999 0.6438078703125 0.47309027812500004 0.6438078703125 0.47309027812500004 0.8035300921875 0.5753038187499999 0.8035300921875 0.5753038187499999 0.6438078703125
1 0.37348090312500004 0.2265625 0.29383680624999997 0.2265625 0.29383680624999997 0.31597222187499996 0.37348090312500004 0.31597222187499996 0.37348090312500004 0.2265625
1 0.4357638890625 0.39930555624999997 0.3650173609375 0.39930555624999997 0.3650173609375 0.5225694437499999 0.4357638890625 0.5225694437499999 0.4357638890625 0.39930555624999997
1 0.3849826390625 0.3203125 0.3274739578125 0.3203125 0.3274739578125 0.431134259375 0.3849826390625 0.431134259375 0.3849826390625 0.3203125
1 0.5421006937499999 0.27690972187499996 0.45269097187499996 0.27690972187499996 0.45269097187499996 0.3868634265625 0.5421006937499999 0.3868634265625 0.5421006937499999 0.27690972187499996
1 0.3967013890625 0.75 0.30316840312500004 0.75 0.30316840312500004 0.8614004625 0.3967013890625 0.8614004625 0.3967013890625 0.75
1 0.9090711812500001 0.5807291671875 0.6729600687499999 0.5807291671875 0.6729600687499999 0.718171296875 0.9090711812500001 0.718171296875 0.9090711812500001 0.5807291671875
1 0.6493055562500001 0.6090856484375 0.569878471875 0.6090856484375 0.569878471875 0.7653356484375 0.6493055562500001 0.7653356484375 0.6493055562500001 0.6090856484375
1 0.39040943125 0.7213611578125 0.31455603125 0.6089229703125 0.2754741265625 0.655795071875 0.3513275265625 0.7682332578125 0.39040943125 0.7213611578125
1 0.572369346875 0.4550284609375 0.5575206765625 0.40566488125 0.4518649671875 0.462165259375 0.4667136390625 0.511528840625 0.572369346875 0.4550284609375
1 0.4742666265625 0.35181046562499996 0.41255117500000005 0.304548034375 0.396708753125 0.34132508437500003 0.45842420468749995 0.388587515625 0.4742666265625 0.35181046562499996
1 0.6566775171875 0.4001969359375 0.6010941359374999 0.3164682796875 0.547822478125 0.3793384328125 0.603405859375 0.4630670890625 0.6566775171875 0.4001969359375
1 0.76579573125 0.5740968734375 0.7429647187499999 0.4982514796875 0.64548154375 0.5504193468749999 0.66831255625 0.626264740625 0.76579573125 0.5740968734375
1 0.54006494375 0.708914659375 0.5377879578125 0.581403446875 0.44360048750000003 0.5843935250000001 0.4458774734375 0.7119047390625 0.54006494375 0.708914659375
1 0.43865336875 0.5447320343750001 0.339241178125 0.53526420625 0.33283100625 0.65492074375 0.432243196875 0.664388571875 0.43865336875 0.5447320343750001