1 0.318359375 0.5549768515625 0.217230903125 0.5549768515625 0.217230903125 0.664641203125 0.318359375 0.664641203125 0.318359375 0.5549768515625
1 0.576605903125 0.694733796875 0.47113715312500004 0.694733796875 0.47113715312500004 0.8619791671874999 0.576605903125 0.8619791671874999 0.576605903125 0.694733796875
1 0.9071180562500001 0.6397569437499999 0.674262153125 0.6397569437499999 0.674262153125 0.7774884265625001 0.9071180562500001 0.7774884265625001 0.9071180562500001 0.6397569437499999
1 0.35394965312500004 0.2097800921875 0.26323784687499996 0.2097800921875 0.26323784687499996 0.3151041671875 0.35394965312500004 0.3151041671875 0.35394965312500004 0.2097800921875
1 0.42664930625 0.41840277812500004 0.35069444375000003 0.41840277812500004 0.35069444375000003 0.5549768515625 0.42664930625 0.5549768515625 0.42664930625 0.41840277812500004
1 0.3678385421875 0.321759259375 0.306640625 0.321759259375 0.306640625 0.44965277812500004 0.3678385421875 0.44965277812500004 0.3678385421875 0.321759259375
1 0.392578125 0.8009259265625 0.2927517359375 0.8009259265625 0.2927517359375 0.9221643515625001 0.392578125 0.9221643515625001 0.392578125 0.8009259265625
1 0.6521267359375 0.6620370375 0.5713975687499999 0.6620370375 0.5713975687499999 0.824652778125 0.6521267359375 0.824652778125 0.6521267359375 0.6620370375
1 0.37934027812500004 0.676215278125 0.25933159687499996 0.676215278125 0.25933159687499996 0.7907986109375 0.37934027812500004 0.7907986109375 0.37934027812500004 0.676215278125
1 0.237200709375 0.88612310625 0.228007715625 0.724734978125 0.1399629296875 0.7336509062500001 0.149155925 0.8950390328125 0.237200709375 0.88612310625
1 0.572961690625 0.4895048828125 0.5567123203125 0.43297061406250004 0.44476817031250004 0.4901716171875 0.461017540625 0.546705884375 0.572961690625 0.4895048828125
1 0.6611091859375 0.4342091703125 0.5998760375 0.341888421875 0.5443116109374999 0.407406565625 0.6055447609375 0.49972731406250004 0.6611091859375 0.4342091703125
1 0.6578567859375 0.5938206671875 0.6494324296875 0.5288788890625 0.52223085625 0.5582136453125 0.5306552124999999 0.6231554234375001 0.6578567859375 0.5938206671875
1 0.5429177515625 0.7572688734375 0.5345435468749999 0.6204902046874999 0.43454207499999997 0.63137471875 0.44291627812499995 0.7681533875000001 0.5429177515625 0.7572688734375
1 0.5460839453124999 0.3791248140625 0.46798415625 0.2762314421875 0.43780201406249997 0.3169591515625 0.515901803125 0.41985252500000003 0.5460839453124999 0.3791248140625
1 0.46766493125 0.3695023140625 0.4001569171875 0.3094951921875 0.3813935625 0.3470219015625 0.4489015765625 0.40702902500000004 0.46766493125 0.3695023140625
1 0.7702256937499999 0.6332754625 0.7497829859375 0.5515046296875 0.6499782984375 0.59586226875 0.67042100625 0.6776331015625 0.7702256937499999 0.6332754625
1 0.4275173609375 0.5758101859375 0.32074652812500004 0.5758101859375 0.32074652812500004 0.7063078703125 0.4275173609375 0.7063078703125 0.4275173609375 0.5758101859375