1 0.3226273140625 0.7981770828125 0.46469907343749994 0.7981770828125 0.46469907343749994 0.6746961812500001 0.3226273140625 0.6746961812500001 0.3226273140625 0.7981770828125
1 0.3848379625 0.6710069437499999 0.534722221875 0.6710069437499999 0.534722221875 0.5603298609375 0.3848379625 0.5603298609375 0.3848379625 0.6710069437499999
1 0.5286458328125 0.25694444375000003 0.6953125 0.25694444375000003 0.6953125 0.1848958328125 0.5286458328125 0.1848958328125 0.5286458328125 0.25694444375000003
1 0.40133101875 0.533203125 0.59085648125 0.533203125 0.59085648125 0.44444444375 0.40133101875 0.44444444375 0.40133101875 0.533203125
1 0.8165509265625 0.49717881875 0.9513888890625 0.49717881875 0.9513888890625 0.3747829859375 0.8165509265625 0.3747829859375 0.8165509265625 0.49717881875
1 0.529803240625 0.7096354171875 0.6603009265625001 0.7096354171875 0.6603009265625001 0.6037326390625 0.529803240625 0.6037326390625 0.529803240625 0.7096354171875
1 0.7100694437499999 0.5852864578125 0.815972221875 0.5852864578125 0.815972221875 0.4631076390625 0.7100694437499999 0.4631076390625 0.7100694437499999 0.5852864578125
1 0.34461805624999997 0.3474392359375 0.49508101875 0.3474392359375 0.49508101875 0.25108506875000003 0.34461805624999997 0.25108506875000003 0.34461805624999997 0.3474392359375
1 0.5017361109375 0.8845486109375 0.5818865734374999 0.8845486109375 0.5818865734374999 0.7497829859375 0.5017361109375 0.7497829859375 0.5017361109375 0.8845486109375
1 0.2688078703125 0.559027778125 0.3859953703125 0.559027778125 0.3859953703125 0.4583333328125 0.2688078703125 0.4583333328125 0.2688078703125 0.559027778125
1 0.2923447515625 0.6944702453125 0.3397288890625 0.591804615625 0.1990649 0.5552860796875 0.1516807640625 0.657951709375 0.2923447515625 0.6944702453125
1 0.7783739453125 0.43027926250000004 0.8172996781249999 0.320137134375 0.728795096875 0.30254285 0.689869365625 0.412684978125 0.7783739453125 0.43027926250000004
1 0.72173306875 0.299627934375 0.771475203125 0.1583958015625 0.7346747515625001 0.15110514531250002 0.684932615625 0.2923372796875 0.72173306875 0.299627934375
1 0.6933449078125 0.843402778125 0.7570601859375 0.7796875 0.6497453703125 0.7193229171875 0.5860300921875 0.7830381937500001 0.6933449078125 0.843402778125
1 0.818408071875 0.732138228125 0.8613540437499999 0.6241597828125001 0.7307618359375 0.5949434874999999 0.6878158640625001 0.7029219328125 0.818408071875 0.732138228125
1 0.5931182671874999 0.5741765734375 0.6769123140625 0.4540856015625 0.6127265671875 0.42889352656249996 0.5289325203125 0.5489844984375 0.5931182671874999 0.5741765734375
1 0.53127575625 0.4342791453125 0.6531347750000001 0.3253764015625 0.6019505203125 0.293159946875 0.48009150156249997 0.40206269062500005 0.53127575625 0.4342791453125