1 0.6657986109375 0.636284721875 0.5324074078125001 0.636284721875 0.5324074078125001 0.9092881937499999 0.6657986109375 0.9092881937499999 0.6657986109375 0.636284721875
1 0.61429398125 0.4830729171875 0.4675925921875 0.4830729171875 0.4675925921875 0.5696614578125 0.61429398125 0.5696614578125 0.61429398125 0.4830729171875
1 0.5399305562500001 0.5145399312500001 0.3964120375 0.5145399312500001 0.3964120375 0.6184895828125 0.5399305562500001 0.6184895828125 0.5399305562500001 0.5145399312500001
1 0.48090277812500004 0.656684028125 0.29340277812500004 0.656684028125 0.29340277812500004 0.7298177078125 0.48090277812500004 0.7298177078125 0.48090277812500004 0.656684028125
1 0.3738425921875 0.6901041671875 0.1851851859375 0.6901041671875 0.1851851859375 0.834418403125 0.3738425921875 0.834418403125 0.3738425921875 0.6901041671875
1 0.7447916671875 0.4958767359375 0.6247106484375 0.4958767359375 0.6247106484375 0.578125 0.7447916671875 0.578125 0.7447916671875 0.4958767359375
1 0.350983796875 0.4778645828125 0.2537615734375 0.4778645828125 0.2537615734375 0.5598958328125 0.350983796875 0.5598958328125 0.350983796875 0.4778645828125
1 0.73784665 0.5661937640625 0.679564971875 0.6023396125 0.7739262140625 0.6879230656249999 0.8322078921875 0.6517772171875 0.73784665 0.5661937640625
1 0.44425190312499996 0.4125633984375 0.3428640375 0.45868656718749995 0.377968840625 0.5020931828124999 0.47935670625000004 0.4559700140625 0.44425190312499996 0.4125633984375
1 0.1307339515625 0.39469586093750003 0.103419996875 0.471692959375 0.2535901515625 0.5016581046875 0.28090410625 0.42466100625000003 0.1307339515625 0.39469586093750003
1 0.21636388593749997 0.300029990625 0.19784104687499998 0.31345904999999996 0.29519539687499996 0.388992596875 0.31371823593750003 0.37556353750000004 0.21636388593749997 0.300029990625
1 0.46908190312500003 0.40561810625000005 0.447993259375 0.43197891093749996 0.57607400625 0.489615246875 0.59716265 0.4632544421875 0.46908190312500003 0.40561810625000005
1 0.486137075 0.36282516875000004 0.4619672796875 0.3977850515625 0.5727358609375 0.440861721875 0.5969056562499999 0.4059018390625 0.486137075 0.36282516875000004
1 0.214409721875 0.4997829859375 0.0665509265625 0.4997829859375 0.0665509265625 0.5904947921875 0.214409721875 0.5904947921875 0.214409721875 0.4997829859375
1 0.5917574015625 0.5678444781249999 0.5541444578125 0.610723234375 0.680514159375 0.6730767046875 0.7181271031249999 0.63019795 0.5917574015625 0.5678444781249999
1 0.270147428125 0.369578525 0.2630459609375 0.393179503125 0.43420760312500006 0.4221494078125 0.44130907031250005 0.39854842968750004 0.270147428125 0.369578525
1 0.749591503125 0.6708665234375 0.677968409375 0.684295853125 0.7270731203125 0.8316099875 0.7986962140625 0.8181806578125 0.749591503125 0.6708665234375
1 0 0.7360195859374999 0.0640927484375 0.778988928125 0.224120903125 0.64472198125 0.15749707968749999 0.60005574375 0 0.7321990656249999 0 0.7360195859374999