1 0.5911458328125 0.6764322921875 0.5911458328125 0.7814670140625 0.7039930562500001 0.7814670140625 0.7039930562500001 0.6764322921875 0.5911458328125 0.6764322921875
1 0.6872106484375 0.075737846875 0.6872106484375 0.3111979171875 0.8260995375 0.3111979171875 0.8260995375 0.075737846875 0.6872106484375 0.075737846875
1 0.73929398125 0.41102430625 0.73929398125 0.5184461812500001 0.9120370375 0.5184461812500001 0.9120370375 0.41102430625 0.73929398125 0.41102430625
1 0.238715278125 0.6378038187499999 0.238715278125 0.7302517359375 0.3457754625 0.7302517359375 0.3457754625 0.6378038187499999 0.238715278125 0.6378038187499999
1 0.4534143515625 0.5642361109375 0.4534143515625 0.6423611109375 0.592303240625 0.6423611109375 0.592303240625 0.5642361109375 0.4534143515625 0.5642361109375
1 0.3527199078125 0.623480903125 0.3527199078125 0.6877170140625 0.484375 0.6877170140625 0.484375 0.623480903125 0.3527199078125 0.623480903125
1 0.8463541671874999 0.5998263890625 0.8463541671874999 0.7039930562500001 0.97366898125 0.7039930562500001 0.97366898125 0.5998263890625 0.8463541671874999 0.5998263890625
1 0.7068865734374999 0.33355034687499996 0.7068865734374999 0.4153645828125 0.873553240625 0.4153645828125 0.873553240625 0.33355034687499996 0.7068865734374999 0.33355034687499996
1 0.40470674375 0.5216339265625 0.34389104531250003 0.591019109375 0.38144593437499996 0.6095347171875 0.44226163124999995 0.540149534375 0.40470674375 0.5216339265625
1 0.41584088281250003 0.44241410937500003 0.311130196875 0.521967034375 0.3510593078125 0.5515299328125 0.45576999375 0.47197700937500003 0.41584088281250003 0.44241410937500003
1 0.47379645937500003 0.3248141296875 0.37851534375 0.38638039062499996 0.4442525 0.44360693125 0.539533615625 0.382040671875 0.47379645937500003 0.3248141296875
1 0.5295128625000001 0.4153062109375 0.47121207812500004 0.4312601421875 0.5270163703125 0.5459689625 0.5853171546875 0.5300150312499999 0.5295128625000001 0.4153062109375
1 0.6666666671875 0.44835069375 0.6666666671875 0.552734375 0.809027778125 0.552734375 0.809027778125 0.44835069375 0.6666666671875 0.44835069375
1 0.6718977828125 0.21516344687500003 0.5902583031249999 0.2395991171875 0.64229890625 0.337399559375 0.7239383859374999 0.3129638890625 0.6718977828125 0.21516344687500003
1 0.7676215281250001 0.6037977437500001 0.7124710640624999 0.727886284375 0.78382523125 0.7457248265625 0.8389756937499999 0.621636284375 0.7676215281250001 0.6037977437500001
1 0.936478665625 0.763406765625 0.76731096875 0.7702036828125001 0.773824559375 0.8613939531250001 0.9429922562499999 0.8545970374999999 0.936478665625 0.763406765625
1 0.6368659203125 0.3283737078125 0.5696390984375 0.33657055156250004 0.5977343296875001 0.4661843109375 0.6649611515625 0.45798746718750005 0.6368659203125 0.3283737078125
1 0.6229380296875 0.5541772921875 0.6028872484375001 0.6613236578125 0.7392922343749999 0.6756820765625 0.7593430171875 0.5685357109375 0.6229380296875 0.5541772921875