1 0.570746528125 0.5442708328125 0.45030381875 0.5442708328125 0.45030381875 0.6229745375 0.570746528125 0.6229745375 0.570746528125 0.5442708328125
1 0.4583333328125 0.6649305562500001 0.32313368124999997 0.6649305562500001 0.32313368124999997 0.764178240625 0.4583333328125 0.764178240625 0.4583333328125 0.6649305562500001
1 0.53515625 0.672453703125 0.41558159687499996 0.672453703125 0.41558159687499996 0.7838541671875 0.53515625 0.7838541671875 0.53515625 0.672453703125
1 0.6623263890625 0.6223958328125 0.5533854171875 0.6223958328125 0.5533854171875 0.7109375 0.6623263890625 0.7109375 0.6623263890625 0.6223958328125
1 0.36414930624999997 0.49305555625 0.2682291671875 0.49305555625 0.2682291671875 0.56539351875 0.36414930624999997 0.56539351875 0.36414930624999997 0.49305555625
1 0.767144096875 0.7676504625 0.5188802078125 0.7676504625 0.5188802078125 0.9178240734375 0.767144096875 0.9178240734375 0.767144096875 0.7676504625
1 0.43511284687499996 0.22164351875000002 0.37456597187499996 0.22164351875000002 0.37456597187499996 0.2948495375 0.43511284687499996 0.2948495375 0.43511284687499996 0.22164351875000002
1 0.42686631875 0.3880208328125 0.34765625 0.3880208328125 0.34765625 0.4826388890625 0.42686631875 0.4826388890625 0.42686631875 0.3880208328125
1 0.4270833328125 0.3023726859375 0.35004340312500004 0.3023726859375 0.35004340312500004 0.39756944375000003 0.4270833328125 0.39756944375000003 0.4270833328125 0.3023726859375
1 0.5412326390625 0.31539351875 0.4865451390625 0.31539351875 0.4865451390625 0.4265046296875 0.5412326390625 0.4265046296875 0.5412326390625 0.31539351875
1 0.26519097187499996 0.6432291671875 0.18315972187500001 0.6432291671875 0.18315972187500001 0.73726851875 0.26519097187499996 0.73726851875 0.26519097187499996 0.6432291671875
1 0.28862847187499996 0.5286458328125 0.23025173593749998 0.5286458328125 0.23025173593749998 0.6516203703125 0.28862847187499996 0.6516203703125 0.28862847187499996 0.5286458328125
1 0.199835421875 0.5520542374999999 0.1489089765625 0.5089419015625001 0.09296623281250001 0.6264216640625 0.143892678125 0.6695339984374999 0.199835421875 0.5520542374999999
1 0.3138087890625 0.48018211875 0.30574401406249996 0.440282703125 0.22140137499999998 0.4705902234375 0.2294661515625 0.5104896390625 0.3138087890625 0.48018211875
1 0.533203125 0.45659722187499996 0.4275173609375 0.45659722187499996 0.4275173609375 0.504340278125 0.533203125 0.504340278125 0.533203125 0.45659722187499996
1 0.6264266046875 0.49674878749999996 0.6041346390625 0.402335759375 0.533072578125 0.43216427968750004 0.5553645421875 0.52657730625 0.6264266046875 0.49674878749999996
1 0.48889643125 0.3768881984375 0.4553164359375 0.313832428125 0.4297475859375 0.3380396234375 0.46332758281249997 0.40109539375000003 0.48889643125 0.3768881984375
1 0.4557406890625 0.6296885249999999 0.40340577343749995 0.54994008125 0.33033546875 0.6351887703125 0.382670384375 0.7149372125 0.4557406890625 0.6296885249999999