1 0.9343171296874999 0.43077256875 0.6351273140625 0.43077256875 0.6351273140625 0.654296875 0.9343171296874999 0.654296875 0.9343171296874999 0.43077256875
1 0.2097800921875 0.5203993062500001 0.021990740624999998 0.5203993062500001 0.021990740624999998 0.6529947921875 0.2097800921875 0.6529947921875 0.2097800921875 0.5203993062500001
1 0.5549768515625 0.087890625 0.36371527812500004 0.087890625 0.36371527812500004 0.16015625 0.5549768515625 0.16015625 0.5549768515625 0.087890625
1 0.3327546296875 0.7630208328125 0.17476851875 0.7630208328125 0.17476851875 0.8973524312500001 0.3327546296875 0.8973524312500001 0.3327546296875 0.7630208328125
1 0.3527199078125 0.45659722187499996 0.1721643515625 0.45659722187499996 0.1721643515625 0.5731336812500001 0.3527199078125 0.5731336812500001 0.3527199078125 0.45659722187499996
1 0.559027778125 0.7725694437499999 0.3796296296875 0.7725694437499999 0.3796296296875 0.8997395828125001 0.559027778125 0.8997395828125001 0.559027778125 0.7725694437499999
1 0.4215856484375 0.2990451390625 0.26996527812500004 0.2990451390625 0.26996527812500004 0.4299045140625 0.4215856484375 0.4299045140625 0.4215856484375 0.2990451390625
1 0.6585648140625 0.314453125 0.515625 0.314453125 0.515625 0.41710069375 0.6585648140625 0.41710069375 0.6585648140625 0.314453125
1 0.63570601875 0.5509982640625 0.4108796296875 0.5509982640625 0.4108796296875 0.6334635421875 0.63570601875 0.6334635421875 0.63570601875 0.5509982640625
1 0.7346643515625 0.6525607640625 0.570891203125 0.6525607640625 0.570891203125 0.7517361109375 0.7346643515625 0.7517361109375 0.7346643515625 0.6525607640625
1 0.5760833921875 0.4795213171875 0.46625241875 0.38125718750000004 0.3441453578125 0.45802746875 0.4539763328125 0.5562915984375 0.5760833921875 0.4795213171875
1 0.8266988984375001 0.25899384531249997 0.6661438359375 0.2534701625 0.658989996875 0.3704354359375 0.819545059375 0.37595911875 0.8266988984375001 0.25899384531249997
1 0.37614157656249997 0.7290213234375 0.219535275 0.6237170859375001 0.1612742703125 0.6724546578124999 0.317880571875 0.7777588953125 0.37614157656249997 0.7290213234375
1 0.5601541015625 0.7489192484375 0.53515049375 0.6476546375 0.3679277640625 0.6708800171875 0.392931371875 0.7721446265624999 0.5601541015625 0.7489192484375
1 0.41325875468750006 0.236603503125 0.3743048109375 0.17616541875 0.23319498125 0.227324240625 0.2721489265625 0.287762325 0.41325875468750006 0.236603503125
1 0.25593385 0.32011819531249996 0.21988074218749998 0.3080598921875 0.139896396875 0.4425790171875 0.17594950625 0.45463732031250004 0.25593385 0.32011819531249996
1 0.170118703125 0.186565259375 0.1178411234375 0.177170090625 0.0699093765625 0.3271926859375 0.1221869546875 0.33658785468749997 0.170118703125 0.186565259375
1 0.85806439375 0.89644960625 0.7941120734375 0.720766634375 0.7149248515625 0.7369811609375 0.7788771718749999 0.9126641328125 0.85806439375 0.89644960625