1 0.537543403125 0.8318865734375 0.537543403125 0.6183449078125001 0.35243055624999997 0.6183449078125001 0.35243055624999997 0.8318865734375 0.537543403125 0.8318865734375
1 0.5008680562500001 0.3009259265625 0.5008680562500001 0.1828703703125 0.4064670140625 0.1828703703125 0.4064670140625 0.3009259265625 0.5008680562500001 0.3009259265625
1 0.800347221875 0.6085069437499999 0.800347221875 0.47366898125 0.7458767359375 0.47366898125 0.7458767359375 0.6085069437499999 0.800347221875 0.6085069437499999
1 0.32725694375000003 0.344328703125 0.32725694375000003 0.2445023140625 0.22482638906250002 0.2445023140625 0.22482638906250002 0.344328703125 0.32725694375000003 0.344328703125
1 0.5379774312500001 0.40393518593750005 0.5379774312500001 0.2870370375 0.45421006875 0.2870370375 0.45421006875 0.40393518593750005 0.5379774312500001 0.40393518593750005
1 0.2912326390625 0.5069444437499999 0.2912326390625 0.3726851859375 0.204644096875 0.3726851859375 0.204644096875 0.5069444437499999 0.2912326390625 0.5069444437499999
1 0.62890625 0.6493055562500001 0.62890625 0.5422453703125 0.5479600687499999 0.5422453703125 0.5479600687499999 0.6493055562500001 0.62890625 0.6493055562500001
1 0.3658854171875 0.654803240625 0.3658854171875 0.5274884265625001 0.2990451390625 0.5274884265625001 0.2990451390625 0.654803240625 0.3658854171875 0.654803240625
1 0.6936581921875 0.49221353125 0.7345450609374999 0.465781615625 0.6975536328125 0.36405518593749997 0.6566667640625 0.3904871 0.6936581921875 0.49221353125
1 0.6217293890625 0.48532400625000005 0.6496472140625 0.439176734375 0.57792761875 0.3620418453125 0.5500097921875 0.40818911875 0.6217293890625 0.48532400625000005
1 0.5039152671875 0.5680641343749999 0.581187259375 0.5054384671875 0.5349602546875001 0.4040372953125 0.45768826249999994 0.46666296249999994 0.5039152671875 0.5680641343749999
1 0.341353515625 0.3905643765625 0.41175764531250003 0.2845796640625 0.37750846562499996 0.2441330140625 0.3071043359375 0.3501177265625 0.341353515625 0.3905643765625
1 0.3066531265625 0.5177944984375 0.381454 0.51395855625 0.3779510046875 0.3925213875 0.30315013125 0.3963573296875 0.3066531265625 0.5177944984375
1 0.429072578125 0.6029095875 0.47431456406250005 0.5729876390624999 0.41934597656249994 0.4252320765625 0.37410398906250003 0.455154025 0.429072578125 0.6029095875
1 0.1626810359375 0.7182672515624999 0.3052203078125 0.6968097265625001 0.29996570624999996 0.6347553859375 0.15742643437499998 0.6562129109375 0.1626810359375 0.7182672515624999
1 0.5803180859375 0.7919391375 0.671771103125 0.78699573125 0.6677753562500001 0.6555800859375001 0.576322340625 0.6605234921875 0.5803180859375 0.7919391375
1 0.7293401171875 0.33163171406249997 0.7384492828125 0.299383171875 0.634829575 0.2473490328125 0.6257204093750001 0.27959757500000004 0.7293401171875 0.33163171406249997
1 0.634898321875 0.366284428125 0.6441124265625 0.3437610578125 0.5510590828125 0.2760858984375 0.541844978125 0.29860926875 0.634898321875 0.366284428125