1 0.46440972187499996 0.7159288187499999 0.14756944375 0.7159288187499999 0.14756944375 0.8595920140625 0.46440972187499996 0.8595920140625 0.46440972187499996 0.7159288187499999
1 0.4606481484375 0.6046006937499999 0.29340277812500004 0.6046006937499999 0.29340277812500004 0.7380642359375 0.4606481484375 0.7380642359375 0.4606481484375 0.6046006937499999
1 0.5381944437499999 0.490234375 0.451678240625 0.490234375 0.451678240625 0.6317274312500001 0.5381944437499999 0.6317274312500001 0.5381944437499999 0.490234375
1 0.8674768515625001 0.22829861093749998 0.74710648125 0.22829861093749998 0.74710648125 0.3259548609375 0.8674768515625001 0.3259548609375 0.8674768515625001 0.22829861093749998
1 0.5153356484375 0.1907552078125 0.3773148140625 0.1907552078125 0.3773148140625 0.26019965312500004 0.5153356484375 0.26019965312500004 0.5153356484375 0.1907552078125
1 0.420428240625 0.43207465312500004 0.30034722187499996 0.43207465312500004 0.30034722187499996 0.5490451390625 0.420428240625 0.5490451390625 0.420428240625 0.43207465312500004
1 0.48871527812500004 0.2756076390625 0.3417245375 0.2756076390625 0.3417245375 0.3802083328125 0.48871527812500004 0.3802083328125 0.48871527812500004 0.2756076390625
1 0.887152778125 0.36480034687499996 0.7682291671875 0.36480034687499996 0.7682291671875 0.46636284687499996 0.887152778125 0.46636284687499996 0.887152778125 0.36480034687499996
1 0.718171296875 0.5245225687499999 0.62991898125 0.5245225687499999 0.62991898125 0.6295572921875 0.718171296875 0.6295572921875 0.718171296875 0.5245225687499999
1 0.24796558750000003 0.49616310468749997 0.117596171875 0.45270663281249995 0.07094191562499999 0.5314356921875001 0.20131133124999998 0.5748921640625 0.24796558750000003 0.49616310468749997
1 0.2888180234375 0.649089721875 0.28301334218749996 0.5884754546875001 0.078815534375 0.5994750609375 0.084620215625 0.6600893265625001 0.2888180234375 0.649089721875
1 0.7026084406249999 0.6857848453125001 0.5775660984375001 0.6168839625 0.4862026046875 0.7101508609375 0.6112449468750001 0.77905174375 0.7026084406249999 0.6857848453125001
1 0.6618923609375 0.24989149375 0.6037326390625 0.20627170156250002 0.5105613421874999 0.2761501734375 0.5687210640625 0.31976996562500004 0.6618923609375 0.24989149375
1 0.7896150953125 0.1786497875 0.7628390046875 0.16286237812499998 0.6691863109375 0.25220920156250004 0.6959624015625 0.2679966109375 0.7896150953125 0.1786497875
1 0.34402987343749997 0.38809901875 0.246183459375 0.317409978125 0.1433938265625 0.397442159375 0.241240240625 0.4681312 0.34402987343749997 0.38809901875
1 0.5704200796875 0.3531874265625 0.5033418140625 0.338852153125 0.45708846718749996 0.46059445468750004 0.52416673125 0.47492972968749997 0.5704200796875 0.3531874265625
1 0.73977395625 0.31075142968749997 0.678747584375 0.2983314890625 0.6355876421875 0.4176207734375 0.696614015625 0.43004071406250005 0.73977395625 0.31075142968749997
1 0.6446895593749999 0.530293940625 0.59743945625 0.38959363593749996 0.5460908390625 0.3992933515625 0.5933409421875 0.53999365625 0.6446895593749999 0.530293940625