1 0.6409143515625 0.6217447921875 0.9343171296874999 0.6217447921875 0.9343171296874999 0.4079861109375 0.6409143515625 0.4079861109375 0.6409143515625 0.6217447921875
1 0.04774305625 0.6286892359375 0.2306134265625 0.6286892359375 0.2306134265625 0.5002170140625 0.04774305625 0.5002170140625 0.04774305625 0.6286892359375
1 0.3697916671875 0.14756944375 0.5578703703125 0.14756944375 0.5578703703125 0.076171875 0.3697916671875 0.076171875 0.3697916671875 0.14756944375
1 0.20052083281250002 0.861762153125 0.3553240734375 0.861762153125 0.3553240734375 0.7341579859375 0.20052083281250002 0.7341579859375 0.20052083281250002 0.861762153125
1 0.1915509265625 0.5505642359375 0.3683449078125 0.5505642359375 0.3683449078125 0.43706597187499996 0.1915509265625 0.43706597187499996 0.1915509265625 0.5505642359375
1 0.4001736109375 0.8621961812500001 0.5734953703125 0.8621961812500001 0.5734953703125 0.7391493062500001 0.4001736109375 0.7391493062500001 0.4001736109375 0.8621961812500001
1 0.2850115734375 0.41059027812500004 0.43171296249999996 0.41059027812500004 0.43171296249999996 0.28276909687499996 0.2850115734375 0.28276909687499996 0.2850115734375 0.41059027812500004
1 0.42592592656250006 0.6063368062500001 0.644097221875 0.6063368062500001 0.644097221875 0.5247395828125 0.42592592656250006 0.5247395828125 0.42592592656250006 0.6063368062500001
1 0.09172453750000001 0.3200954859375 0.18142361093749998 0.3200954859375 0.18142361093749998 0.17230902812499999 0.09172453750000001 0.17230902812499999 0.09172453750000001 0.3200954859375
1 0.58304398125 0.71875 0.7418981484375 0.71875 0.7418981484375 0.6217447921875 0.58304398125 0.6217447921875 0.58304398125 0.71875
1 0.5111358375 0.38132779375000003 0.6473938593749999 0.401107184375 0.671230996875 0.30873828125 0.534972975 0.288958890625 0.5111358375 0.38132779375000003
1 0.66126273125 0.239740978125 0.6686909453125 0.3532533875 0.82414576875 0.347531125 0.816717553125 0.23401871562499998 0.66126273125 0.239740978125
1 0.246904515625 0.21902014687500002 0.29095519531249997 0.2759822328125 0.42155325781249997 0.21917207656249998 0.377502578125 0.162209990625 0.246904515625 0.21902014687500002
1 0.1600705546875 0.42674555625000005 0.19810364687499998 0.43623605625 0.258069765625 0.3010596203125 0.22003667500000001 0.29156912031250004 0.1600705546875 0.42674555625000005
1 0.35899100625 0.439326596875 0.46737905 0.533148659375 0.58514976875 0.456617859375 0.4767617234375 0.362795796875 0.35899100625 0.439326596875
1 0.723681053125 0.7032232515625 0.78740654375 0.8718302765624999 0.8640209859375 0.8555421671874999 0.8002954953125 0.6869351406249999 0.723681053125 0.7032232515625
1 0.3856169875 0.6431123125 0.41193687656250005 0.7418118984375 0.576589209375 0.7171140484375 0.5502693203125 0.6184144625 0.3856169875 0.6431123125
1 0.1738044484375 0.6694302484375 0.349944109375 0.7461838421875 0.39271706093750003 0.6909697203125 0.21657739999999998 0.6142161265625 0.1738044484375 0.6694302484375