1 0.19639756875 0.1603009265625 0.19639756875 0.46498842656250006 0.33203125 0.46498842656250006 0.33203125 0.1603009265625 0.19639756875 0.1603009265625
1 0.31163194375000003 0.3000578703125 0.31163194375000003 0.4609375 0.43858506875 0.4609375 0.43858506875 0.3000578703125 0.31163194375000003 0.3000578703125
1 0.4123263890625 0.45225694375 0.4123263890625 0.5344328703125 0.5457899312500001 0.5344328703125 0.5457899312500001 0.45225694375 0.4123263890625 0.45225694375
1 0.7009548609375 0.732928240625 0.7009548609375 0.848090278125 0.79296875 0.848090278125 0.79296875 0.732928240625 0.7009548609375 0.732928240625
1 0.7628038187499999 0.3802083328125 0.7628038187499999 0.5109953703125 0.8274739578125001 0.5109953703125 0.8274739578125001 0.3802083328125 0.7628038187499999 0.3802083328125
1 0.48980034687499996 0.3070023140625 0.48980034687499996 0.42129629687500003 0.6006944437499999 0.42129629687500003 0.6006944437499999 0.3070023140625 0.48980034687499996 0.3070023140625
1 0.5685763890625 0.7546296296875 0.5685763890625 0.8683449078125 0.6651475687499999 0.8683449078125 0.6651475687499999 0.7546296296875 0.5685763890625 0.7546296296875
1 0.41493055625 0.6238425921874999 0.41493055625 0.707465278125 0.513671875 0.707465278125 0.513671875 0.6238425921874999 0.41493055625 0.6238425921874999
1 0.5054733703125 0.0876012890625 0.4653172609375 0.2132178328125 0.5411225281250001 0.2562984203125 0.5812786359375 0.130681878125 0.5054733703125 0.0876012890625
1 0.6832497578125001 0.341662678125 0.6446142828125 0.3893783796875 0.7158837078125 0.49196852968749993 0.7545191828125 0.44425282812500005 0.6832497578125001 0.341662678125
1 0.574643184375 0.456886090625 0.5607533453125 0.5206368875 0.67529638125 0.56500365 0.68918621875 0.501252853125 0.574643184375 0.456886090625
1 0.44172720312499997 0.09470165 0.3845383171875 0.10062182500000001 0.39597269218750003 0.2969881765625 0.45316157968750004 0.2910680015625 0.44172720312499997 0.09470165
1 0.33359754375 0.487497025 0.2733147671875 0.6114116203125 0.366391075 0.6919100499999999 0.4266738515625 0.567995453125 0.33359754375 0.487497025
1 0.7497190703125 0.506413896875 0.707389828125 0.5589235875 0.7714583640625 0.650740628125 0.81378760625 0.5982309375 0.7497190703125 0.506413896875
1 0.770412284375 0.6582071609375 0.7553599156249999 0.6835628671875 0.8397483109375001 0.7726242359375 0.8548006796875001 0.7472685296875 0.770412284375 0.6582071609375
1 0.6142265234375001 0.6283073156250001 0.6029681359375 0.6861003765625 0.7159386609375 0.7252243671875 0.7271970484375 0.6674313078125 0.6142265234375001 0.6283073156250001
1 0.631622853125 0.5408118281250001 0.49898615625 0.5870254375 0.5087163375 0.636672346875 0.641353034375 0.5904587375 0.631622853125 0.5408118281250001
1 0.635946375 0.1547967703125 0.564686778125 0.2425008875 0.6357564015625 0.3451570078125 0.7070159968749999 0.257452890625 0.635946375 0.1547967703125