1 0.8524305562500001 0.7159288187499999 0.535590278125 0.7159288187499999 0.535590278125 0.8595920140625 0.8524305562500001 0.8595920140625 0.8524305562500001 0.7159288187499999
1 0.706597221875 0.6046006937499999 0.5393518515625 0.6046006937499999 0.5393518515625 0.7380642359375 0.706597221875 0.7380642359375 0.706597221875 0.6046006937499999
1 0.548321759375 0.490234375 0.46180555625 0.490234375 0.46180555625 0.6317274312500001 0.548321759375 0.6317274312500001 0.548321759375 0.490234375
1 0.25289351875 0.22829861093749998 0.1325231484375 0.22829861093749998 0.1325231484375 0.3259548609375 0.25289351875 0.3259548609375 0.25289351875 0.22829861093749998
1 0.6226851859375 0.1907552078125 0.4846643515625 0.1907552078125 0.4846643515625 0.26019965312500004 0.6226851859375 0.26019965312500004 0.6226851859375 0.1907552078125
1 0.699652778125 0.43207465312500004 0.579571759375 0.43207465312500004 0.579571759375 0.5490451390625 0.699652778125 0.5490451390625 0.699652778125 0.43207465312500004
1 0.6582754625 0.2756076390625 0.511284721875 0.2756076390625 0.511284721875 0.3802083328125 0.6582754625 0.3802083328125 0.6582754625 0.2756076390625
1 0.23177083281250002 0.36480034687499996 0.112847221875 0.36480034687499996 0.112847221875 0.46636284687499996 0.23177083281250002 0.46636284687499996 0.23177083281250002 0.36480034687499996
1 0.37008101875 0.5245225687499999 0.281828703125 0.5245225687499999 0.281828703125 0.6295572921875 0.37008101875 0.6295572921875 0.37008101875 0.5245225687499999
1 0.882403828125 0.45270663281249995 0.7520344125 0.49616310468749997 0.79868866875 0.5748921640625 0.929058084375 0.5314356921875001 0.882403828125 0.45270663281249995
1 0.7169866578125 0.5884754546875001 0.7111819765625 0.649089721875 0.915379784375 0.6600893265625001 0.9211844656249999 0.5994750609375 0.7169866578125 0.5884754546875001
1 0.42243390156249994 0.6168839625 0.297391559375 0.6857848453125001 0.388755053125 0.77905174375 0.5137973953125 0.7101508609375 0.42243390156249994 0.6168839625
1 0.3962673609375 0.20627170156250002 0.3381076390625 0.24989149375 0.43127893593750005 0.31976996562500004 0.4894386578125 0.2761501734375 0.3962673609375 0.20627170156250002
1 0.2371609953125 0.16286237812499998 0.2103849046875 0.1786497875 0.3040375984375 0.2679966109375 0.3308136890625 0.25220920156250004 0.2371609953125 0.16286237812499998
1 0.753816540625 0.317409978125 0.6559701265625 0.38809901875 0.758759759375 0.4681312 0.8566061734374999 0.397442159375 0.753816540625 0.317409978125
1 0.4966581859375 0.338852153125 0.42957992031250003 0.3531874265625 0.47583326875000004 0.47492972968749997 0.5429115328125 0.46059445468750004 0.4966581859375 0.338852153125
1 0.321252415625 0.2983314890625 0.26022604375 0.31075142968749997 0.30338598437500003 0.43004071406250005 0.3644123578125 0.4176207734375 0.321252415625 0.2983314890625
1 0.40256054375000005 0.38959363593749996 0.355310440625 0.530293940625 0.4066590578125 0.53999365625 0.4539091609375 0.3992933515625 0.40256054375000005 0.38959363593749996