1 0.5496961812500001 0.3770254625 0.42925347187499996 0.3770254625 0.42925347187499996 0.4557291671875 0.5496961812500001 0.4557291671875 0.5496961812500001 0.3770254625
1 0.6768663187499999 0.235821759375 0.5416666671875 0.235821759375 0.5416666671875 0.33506944375000003 0.6768663187499999 0.33506944375000003 0.6768663187499999 0.235821759375
1 0.584418403125 0.21614583281250002 0.46484375 0.21614583281250002 0.46484375 0.327546296875 0.584418403125 0.327546296875 0.584418403125 0.21614583281250002
1 0.4466145828125 0.2890625 0.3376736109375 0.2890625 0.3376736109375 0.3776041671875 0.4466145828125 0.3776041671875 0.4466145828125 0.2890625
1 0.7317708328125 0.43460648125 0.6358506937499999 0.43460648125 0.6358506937499999 0.5069444437499999 0.7317708328125 0.5069444437499999 0.7317708328125 0.43460648125
1 0.4811197921875 0.0821759265625 0.232855903125 0.0821759265625 0.232855903125 0.23234953749999998 0.4811197921875 0.23234953749999998 0.4811197921875 0.0821759265625
1 0.625434028125 0.7051504625 0.564887153125 0.7051504625 0.564887153125 0.77835648125 0.625434028125 0.77835648125 0.625434028125 0.7051504625
1 0.65234375 0.5173611109375 0.5731336812500001 0.5173611109375 0.5731336812500001 0.6119791671875 0.65234375 0.6119791671875 0.65234375 0.5173611109375
1 0.649956596875 0.6024305562500001 0.5729166671875 0.6024305562500001 0.5729166671875 0.6976273140625 0.649956596875 0.6976273140625 0.649956596875 0.6024305562500001
1 0.5134548609375 0.5734953703125 0.4587673609375 0.5734953703125 0.4587673609375 0.68460648125 0.5134548609375 0.68460648125 0.5134548609375 0.5734953703125
1 0.816840278125 0.26273148125 0.734809028125 0.26273148125 0.734809028125 0.3567708328125 0.816840278125 0.3567708328125 0.816840278125 0.26273148125
1 0.7697482640625 0.3483796296875 0.711371528125 0.3483796296875 0.711371528125 0.4713541671875 0.7697482640625 0.4713541671875 0.7697482640625 0.3483796296875
1 0.9070337671875001 0.3735783359375 0.8561073218749999 0.3304660015625 0.800164578125 0.4479457625 0.8510910234375 0.4910580984375 0.9070337671875001 0.3735783359375
1 0.778598625 0.5294097765625 0.7705338484375 0.4895103609375 0.6861912109375 0.5198178812500001 0.6942559859374999 0.5597172968749999 0.778598625 0.5294097765625
1 0.5724826390625 0.49565972187499996 0.466796875 0.49565972187499996 0.466796875 0.543402778125 0.5724826390625 0.543402778125 0.5724826390625 0.49565972187499996
1 0.466927421875 0.5678357203125 0.44463545781249997 0.47342269375 0.3735733953125 0.5032512125 0.3958653609375 0.597664240625 0.466927421875 0.5678357203125
1 0.5702524140625 0.6619603765625001 0.5366724171875 0.59890460625 0.5111035687500001 0.6231118015625 0.5446835640625001 0.686167571875 0.5702524140625 0.6619603765625001
1 0.66966453125 0.3648112296875 0.617329615625 0.28506278749999997 0.5442593109375 0.370311475 0.5965942265625 0.45005991874999995 0.66966453125 0.3648112296875