1 0.28407118124999997 0.8524305562500001 0.28407118124999997 0.535590278125 0.14040798593749998 0.535590278125 0.14040798593749998 0.8524305562500001 0.28407118124999997 0.8524305562500001
1 0.39539930624999997 0.706597221875 0.39539930624999997 0.5393518515625 0.2619357640625 0.5393518515625 0.2619357640625 0.706597221875 0.39539930624999997 0.706597221875
1 0.509765625 0.548321759375 0.509765625 0.46180555625 0.36827256875000003 0.46180555625 0.36827256875000003 0.548321759375 0.509765625 0.548321759375
1 0.7717013890625 0.25289351875 0.7717013890625 0.1325231484375 0.6740451390625 0.1325231484375 0.6740451390625 0.25289351875 0.7717013890625 0.25289351875
1 0.8092447921874999 0.6226851859375 0.8092447921874999 0.4846643515625 0.739800346875 0.4846643515625 0.739800346875 0.6226851859375 0.8092447921874999 0.6226851859375
1 0.567925346875 0.699652778125 0.567925346875 0.579571759375 0.4509548609375 0.579571759375 0.4509548609375 0.699652778125 0.567925346875 0.699652778125
1 0.7243923609375 0.6582754625 0.7243923609375 0.511284721875 0.6197916671875 0.511284721875 0.6197916671875 0.6582754625 0.7243923609375 0.6582754625
1 0.635199653125 0.23177083281250002 0.635199653125 0.112847221875 0.533637153125 0.112847221875 0.533637153125 0.23177083281250002 0.635199653125 0.23177083281250002
1 0.47547743125 0.37008101875 0.47547743125 0.281828703125 0.3704427078125 0.281828703125 0.3704427078125 0.37008101875 0.47547743125 0.37008101875
1 0.5472933671875 0.882403828125 0.5038368953125001 0.7520344125 0.42510783593749996 0.79868866875 0.46856430781249997 0.929058084375 0.5472933671875 0.882403828125
1 0.41152454531249993 0.7169866578125 0.35091027812500003 0.7111819765625 0.33991067343750003 0.915379784375 0.4005249390625 0.9211844656249999 0.41152454531249993 0.7169866578125
1 0.3831160375 0.42243390156249994 0.3142151546875 0.297391559375 0.22094825624999997 0.388755053125 0.2898491390625 0.5137973953125 0.3831160375 0.42243390156249994
1 0.7937282984375 0.3962673609375 0.7501085062499999 0.3381076390625 0.680230034375 0.43127893593750005 0.7238498265625 0.4894386578125 0.7937282984375 0.3962673609375
1 0.837137621875 0.2371609953125 0.8213502125 0.2103849046875 0.7320033890625 0.3040375984375 0.7477907984375001 0.3308136890625 0.837137621875 0.2371609953125
1 0.6825900218750001 0.753816540625 0.61190098125 0.6559701265625 0.5318688 0.758759759375 0.6025578406250001 0.8566061734374999 0.6825900218750001 0.753816540625
1 0.661147846875 0.4966581859375 0.6468125734375 0.42957992031250003 0.5250702703125001 0.47583326875000004 0.5394055453125 0.5429115328125 0.661147846875 0.4966581859375
1 0.7016685109374999 0.321252415625 0.6892485703125 0.26022604375 0.5699592859375 0.30338598437500003 0.5823792265625001 0.3644123578125 0.7016685109374999 0.321252415625
1 0.6104063640625 0.40256054375000005 0.469706059375 0.355310440625 0.46000634375000005 0.4066590578125 0.6007066484375 0.4539091609375 0.6104063640625 0.40256054375000005