1 0.71383101875 0.32703993124999997 0.5335648140625 0.32703993124999997 0.5335648140625 0.4533420140625 0.71383101875 0.4533420140625 0.71383101875 0.32703993124999997
1 0.5706018515625 0.4455295140625 0.37008101875 0.4455295140625 0.37008101875 0.5173611109375 0.5706018515625 0.5173611109375 0.5706018515625 0.4455295140625
1 0.09172453750000001 0.711371528125 0.0011574078125 0.711371528125 0.0011574078125 0.823784721875 0.09172453750000001 0.823784721875 0.09172453750000001 0.711371528125
1 0.45659722187499996 0.3298611109375 0.2879050921875 0.3298611109375 0.2879050921875 0.42274305625 0.45659722187499996 0.42274305625 0.45659722187499996 0.3298611109375
1 0.3200231484375 0.722222221875 0.1574074078125 0.722222221875 0.1574074078125 0.833550346875 0.3200231484375 0.833550346875 0.3200231484375 0.722222221875
1 0.60445601875 0.17578125 0.5086805562500001 0.17578125 0.5086805562500001 0.322265625 0.60445601875 0.322265625 0.60445601875 0.17578125
1 0.8729745375 0.22526041718749998 0.676215278125 0.22526041718749998 0.676215278125 0.4544270828125 0.8729745375 0.4544270828125 0.8729745375 0.22526041718749998
1 0.5714699078125001 0.5896267359375 0.41753472187499996 0.5896267359375 0.41753472187499996 0.6681857640625 0.5714699078125001 0.6681857640625 0.5714699078125001 0.5896267359375
1 0.66507523125 0.47254774375 0.5504918984375 0.5584852437500001 0.6668113421874999 0.6457248265625 0.7813946765625001 0.5597873265625 0.66507523125 0.47254774375
1 0.2460368 0.2105643078125 0.1264708296875 0.2887975578125 0.21790507812499998 0.3674020984375 0.3374710484375 0.2891688484375 0.2460368 0.2105643078125
1 0.43118297656250004 0.1631240328125 0.3256965953125 0.199814946875 0.38492384375 0.2955965125 0.49041022500000003 0.258905596875 0.43118297656250004 0.1631240328125
1 0.157492665625 0.3559918078125 0.0378838109375 0.44265754687500003 0.092967675 0.4854200203125 0.21257652968750002 0.3987542828125 0.157492665625 0.3559918078125
1 0.321875 0.45143229218750003 0.1348958328125 0.49817708281249995 0.1590567125 0.5525390625 0.3460358796875 0.5057942703125 0.321875 0.45143229218750003
1 0.081597221875 0.512152778125 0.0002893515625 0.512152778125 0.0002893515625 0.6161024312500001 0.081597221875 0.6161024312500001 0.081597221875 0.512152778125
1 0.2506559796875 0.6039348359375001 0.056050585937499994 0.6485681046875 0.07699365 0.6999321171874999 0.2715990453125 0.6552988484375 0.2506559796875 0.6039348359375001
1 0.2224762984375 0.5294983125 0.2111996875 0.57249698125 0.4257881 0.6041527171875 0.4370647109375 0.5611540484375 0.2224762984375 0.5294983125