1 0.217230903125 0.4450231484375 0.318359375 0.4450231484375 0.318359375 0.335358796875 0.217230903125 0.335358796875 0.217230903125 0.4450231484375
1 0.47113715312500004 0.305266203125 0.576605903125 0.305266203125 0.576605903125 0.1380208328125 0.47113715312500004 0.1380208328125 0.47113715312500004 0.305266203125
1 0.674262153125 0.36024305624999997 0.9071180562500001 0.36024305624999997 0.9071180562500001 0.2225115734375 0.674262153125 0.2225115734375 0.674262153125 0.36024305624999997
1 0.26323784687499996 0.7902199078125001 0.35394965312500004 0.7902199078125001 0.35394965312500004 0.6848958328125 0.26323784687499996 0.6848958328125 0.26323784687499996 0.7902199078125001
1 0.35069444375000003 0.581597221875 0.42664930625 0.581597221875 0.42664930625 0.4450231484375 0.35069444375000003 0.4450231484375 0.35069444375000003 0.581597221875
1 0.306640625 0.678240740625 0.3678385421875 0.678240740625 0.3678385421875 0.550347221875 0.306640625 0.550347221875 0.306640625 0.678240740625
1 0.2927517359375 0.1990740734375 0.392578125 0.1990740734375 0.392578125 0.0778356484375 0.2927517359375 0.0778356484375 0.2927517359375 0.1990740734375
1 0.5713975687499999 0.3379629625 0.6521267359375 0.3379629625 0.6521267359375 0.17534722187500001 0.5713975687499999 0.17534722187500001 0.5713975687499999 0.3379629625
1 0.25933159687499996 0.32378472187499996 0.37934027812500004 0.32378472187499996 0.37934027812500004 0.20920138906250002 0.25933159687499996 0.20920138906250002 0.25933159687499996 0.32378472187499996
1 0.228007715625 0.275265021875 0.237200709375 0.11387689375000001 0.149155925 0.1049609671875 0.1399629296875 0.26634909375000004 0.228007715625 0.275265021875
1 0.5567123203125 0.5670293859375 0.572961690625 0.5104951171875001 0.461017540625 0.453294115625 0.44476817031250004 0.5098283828125 0.5567123203125 0.5670293859375
1 0.5998760375 0.658111578125 0.6611091859375 0.5657908296875 0.6055447609375 0.5002726859375 0.5443116109374999 0.592593434375 0.5998760375 0.658111578125
1 0.6494324296875 0.47112111093750003 0.6578567859375 0.40617933281249996 0.5306552124999999 0.37684457656250003 0.52223085625 0.4417863546875 0.6494324296875 0.47112111093750003
1 0.5345435468749999 0.3795097953125 0.5429177515625 0.2427311265625 0.44291627812499995 0.2318466125 0.43454207499999997 0.36862528125 0.5345435468749999 0.3795097953125
1 0.46798415625 0.7237685578125 0.5460839453124999 0.6208751859375 0.515901803125 0.580147475 0.43780201406249997 0.6830408484375 0.46798415625 0.7237685578125
1 0.4001569171875 0.6905048078125 0.46766493125 0.6304976859375 0.4489015765625 0.592970975 0.3813935625 0.6529780984375 0.4001569171875 0.6905048078125
1 0.7497829859375 0.4484953703125 0.7702256937499999 0.3667245375 0.67042100625 0.3223668984375 0.6499782984375 0.40413773124999997 0.7497829859375 0.4484953703125
1 0.32074652812500004 0.42418981406249995 0.4275173609375 0.42418981406249995 0.4275173609375 0.2936921296875 0.32074652812500004 0.2936921296875 0.32074652812500004 0.42418981406249995