1 0.568359375 0.3469328703125 0.4615885421875 0.3469328703125 0.4615885421875 0.5089699078125001 0.568359375 0.5089699078125001 0.568359375 0.3469328703125
1 0.5106336812500001 0.44762731406249995 0.3990885421875 0.44762731406249995 0.3990885421875 0.585358796875 0.5106336812500001 0.585358796875 0.5106336812500001 0.44762731406249995
1 0.3404947921875 0.51851851875 0.2819010421875 0.51851851875 0.2819010421875 0.6779513890625 0.3404947921875 0.6779513890625 0.3404947921875 0.51851851875
1 0.3009982640625 0.6114004625 0.19162326406250002 0.6114004625 0.19162326406250002 0.7595486109375 0.3009982640625 0.7595486109375 0.3009982640625 0.6114004625
1 0.7686631937499999 0.3292824078125 0.674262153125 0.3292824078125 0.674262153125 0.47077546249999996 0.7686631937499999 0.47077546249999996 0.7686631937499999 0.3292824078125
1 0.4826388890625 0.7520254625 0.38519965312500004 0.7520254625 0.38519965312500004 0.8923611109375 0.4826388890625 0.8923611109375 0.4826388890625 0.7520254625
1 0.37890625 0.34027777812500004 0.15473090312499999 0.34027777812500004 0.15473090312499999 0.46498842656250006 0.37890625 0.46498842656250006 0.37890625 0.34027777812500004
1 0.542534721875 0.6287615734374999 0.4381510421875 0.6287615734374999 0.4381510421875 0.7248263890625 0.542534721875 0.7248263890625 0.542534721875 0.6287615734374999
1 0.374683821875 0.8043161812499999 0.3515157578125 0.7443125625 0.2207594609375 0.83406626875 0.243927525 0.8940698875 0.374683821875 0.8043161812499999
1 0.35773998281249997 0.3244532703125 0.35725551875 0.254690625 0.217592934375 0.25641485468749997 0.218077396875 0.3261775 0.35773998281249997 0.3244532703125
1 0.4655906984375 0.3843685921875 0.40463105468749994 0.2701379078125 0.3518203265625 0.3202403921875 0.4127799703125 0.4344710765625 0.4655906984375 0.3843685921875
1 0.47639538750000004 0.21092129218750003 0.39145584843750003 0.14203561874999998 0.3515782578125 0.2294509 0.43651779687500003 0.298336575 0.47639538750000004 0.21092129218750003
1 0.6006933859375 0.30030205468750004 0.5660950203125 0.1750889234375 0.4664829984375 0.22402114375 0.5010813640625 0.3492342765625 0.6006933859375 0.30030205468750004
1 0.7019314234375 0.4622395828125 0.6097005203125 0.339265046875 0.5740017359375 0.3868634265625 0.6662326390625 0.5098379625 0.7019314234375 0.4622395828125
1 0.6986060046875 0.5287309375 0.6577450390624999 0.5261365890625 0.6505570671875 0.7273997875 0.691418034375 0.7299941343749999 0.6986060046875 0.5287309375
1 0.6483403828125 0.789495728125 0.5640646578124999 0.6883648578125 0.48878841562500003 0.79988521875 0.573064140625 0.9010160890625001 0.6483403828125 0.789495728125
1 0.8202778265624999 0.7915250234375 0.7079910296875 0.673567175 0.6909488609375 0.7024077671875 0.8032356593750001 0.820365615625 0.8202778265624999 0.7915250234375
1 0.652777778125 0.5367476859375 0.611870659375 0.4822048609375 0.532660590625 0.5878182875 0.5735677078125 0.6423611109375 0.652777778125 0.5367476859375