1 0.5911458328125 0.21853298593749998 0.5911458328125 0.3235677078125 0.7039930562500001 0.3235677078125 0.7039930562500001 0.21853298593749998 0.5911458328125 0.21853298593749998
1 0.6872106484375 0.6888020828125 0.6872106484375 0.924262153125 0.8260995375 0.924262153125 0.8260995375 0.6888020828125 0.6872106484375 0.6888020828125
1 0.73929398125 0.48155381875 0.73929398125 0.5889756937499999 0.9120370375 0.5889756937499999 0.9120370375 0.48155381875 0.73929398125 0.48155381875
1 0.238715278125 0.2697482640625 0.238715278125 0.36219618124999997 0.3457754625 0.36219618124999997 0.3457754625 0.2697482640625 0.238715278125 0.2697482640625
1 0.4534143515625 0.3576388890625 0.4534143515625 0.4357638890625 0.592303240625 0.4357638890625 0.592303240625 0.3576388890625 0.4534143515625 0.3576388890625
1 0.3527199078125 0.3122829859375 0.3527199078125 0.37651909687499996 0.484375 0.37651909687499996 0.484375 0.3122829859375 0.3527199078125 0.3122829859375
1 0.8463541671874999 0.29600694375000003 0.8463541671874999 0.4001736109375 0.97366898125 0.4001736109375 0.97366898125 0.29600694375000003 0.8463541671874999 0.29600694375000003
1 0.7068865734374999 0.5846354171875 0.7068865734374999 0.666449653125 0.873553240625 0.666449653125 0.873553240625 0.5846354171875 0.7068865734374999 0.5846354171875
1 0.34389104531250003 0.408980890625 0.40470674375 0.47836607343750004 0.44226163124999995 0.45985046562500004 0.38144593437499996 0.39046528281250004 0.34389104531250003 0.408980890625
1 0.311130196875 0.47803296562500003 0.41584088281250003 0.557585890625 0.45576999375 0.528022990625 0.3510593078125 0.44847006718750004 0.311130196875 0.47803296562500003
1 0.37851534375 0.6136196093749999 0.47379645937500003 0.6751858703125 0.539533615625 0.617959328125 0.4442525 0.55639306875 0.37851534375 0.6136196093749999
1 0.47121207812500004 0.5687398578125 0.5295128625000001 0.5846937890625 0.5853171546875 0.46998496875000007 0.5270163703125 0.45403103749999996 0.47121207812500004 0.5687398578125
1 0.6666666671875 0.447265625 0.6666666671875 0.5516493062500001 0.809027778125 0.5516493062500001 0.809027778125 0.447265625 0.6666666671875 0.447265625
1 0.5902583031249999 0.7604008828125 0.6718977828125 0.784836553125 0.7239383859374999 0.6870361109374999 0.64229890625 0.662600440625 0.5902583031249999 0.7604008828125
1 0.7124710640624999 0.27211371562500003 0.7676215281250001 0.39620225625 0.8389756937499999 0.37836371562500004 0.78382523125 0.2542751734375 0.7124710640624999 0.27211371562500003
1 0.76731096875 0.22979631718750002 0.936478665625 0.236593234375 0.9429922562499999 0.1454029625 0.773824559375 0.138606046875 0.76731096875 0.22979631718750002
1 0.5696390984375 0.6634294484375001 0.6368659203125 0.6716262921875 0.6649611515625 0.5420125328125 0.5977343296875001 0.5338156890625 0.5696390984375 0.6634294484375001
1 0.6028872484375001 0.3386763421875 0.6229380296875 0.4458227078125 0.7593430171875 0.43146428906249995 0.7392922343749999 0.3243179234375 0.6028872484375001 0.3386763421875