1 0.827546296875 0.5891927078125 0.6116898140625 0.5891927078125 0.6116898140625 0.846137153125 0.827546296875 0.846137153125 0.827546296875 0.5891927078125
1 0.508391203125 0.773003471875 0.3336226859375 0.773003471875 0.3336226859375 0.94921875 0.508391203125 0.94921875 0.508391203125 0.773003471875
1 0.328703703125 0.5540364578125 0.1145833328125 0.5540364578125 0.1145833328125 0.6124131937499999 0.328703703125 0.6124131937499999 0.328703703125 0.5540364578125
1 0.5353009265625001 0.4236111109375 0.40711805625 0.4236111109375 0.40711805625 0.5084635421875 0.5353009265625001 0.5084635421875 0.5353009265625001 0.4236111109375
1 0.8263888890625 0.49457465312500004 0.706597221875 0.49457465312500004 0.706597221875 0.5891927078125 0.8263888890625 0.5891927078125 0.8263888890625 0.49457465312500004
1 0.6258680562500001 0.5173611109375 0.46498842656250006 0.5173611109375 0.46498842656250006 0.5993923609375 0.6258680562500001 0.5993923609375 0.6258680562500001 0.5173611109375
1 0.6195023140625 0.5911458328125 0.5153356484375 0.5911458328125 0.5153356484375 0.712890625 0.6195023140625 0.712890625 0.6195023140625 0.5911458328125
1 0.45601851875 0.3532986109375 0.303240740625 0.3532986109375 0.303240740625 0.4270833328125 0.45601851875 0.4270833328125 0.45601851875 0.3532986109375
1 0.4108796296875 0.6467013890625 0.2624421296875 0.6467013890625 0.2624421296875 0.7766927078125 0.4108796296875 0.7766927078125 0.4108796296875 0.6467013890625
1 0.265625 0.6236979171875 0.09953703750000001 0.6236979171875 0.09953703750000001 0.6857638890625 0.265625 0.6857638890625 0.265625 0.6236979171875
1 0.252359403125 0.727409921875 0.1654143890625 0.7427531593750001 0.222730721875 0.9254489703125 0.30967573593750003 0.91010573125 0.252359403125 0.727409921875
1 0.1763550984375 0.34272173281249996 0.15703940624999999 0.4248134265625 0.3059623953125 0.444523821875 0.3252780890625 0.362432128125 0.1763550984375 0.34272173281249996
1 0.56586924375 0.3370050375 0.459187490625 0.3981901609375 0.4951852609375 0.4334956671875 0.6018670140625 0.37231054375 0.56586924375 0.3370050375
1 0.7104268796875 0.37086397031249996 0.65864991875 0.435585171875 0.770901415625 0.48609834531249996 0.8226783765624999 0.42137714531250003 0.7104268796875 0.37086397031249996
1 0.6107926515625001 0.382750446875 0.5475402234375 0.4263433375 0.6383689718750001 0.500475625 0.7016214015625 0.45688273593749995 0.6107926515625001 0.382750446875
1 0.546947953125 0.7375023359374999 0.4895505453125 0.7577602453125001 0.6083143171875001 0.9470400046874999 0.6657117234375 0.9267820953125 0.546947953125 0.7375023359374999
1 0.6307638890625 0.47863715312500005 0.6060879625 0.49251736093750004 0.7121296296875 0.5985590281250001 0.73680555625 0.5846788187499999 0.6307638890625 0.47863715312500005
1 0.1708013125 0.45920447343750004 0.158954646875 0.5103351296875 0.351954209375 0.5354883515625 0.363800875 0.4843576953125 0.1708013125 0.45920447343750004