1 0.5549768515625 0.681640625 0.5549768515625 0.782769096875 0.664641203125 0.782769096875 0.664641203125 0.681640625 0.5549768515625 0.681640625
1 0.694733796875 0.42339409687499996 0.694733796875 0.528862846875 0.8619791671874999 0.528862846875 0.8619791671874999 0.42339409687499996 0.694733796875 0.42339409687499996
1 0.6397569437499999 0.09288194375 0.6397569437499999 0.32573784687499996 0.7774884265625001 0.32573784687499996 0.7774884265625001 0.09288194375 0.6397569437499999 0.09288194375
1 0.2097800921875 0.646050346875 0.2097800921875 0.736762153125 0.3151041671875 0.736762153125 0.3151041671875 0.646050346875 0.2097800921875 0.646050346875
1 0.41840277812500004 0.5733506937499999 0.41840277812500004 0.6493055562500001 0.5549768515625 0.6493055562500001 0.5549768515625 0.5733506937499999 0.41840277812500004 0.5733506937499999
1 0.321759259375 0.6321614578125 0.321759259375 0.693359375 0.44965277812500004 0.693359375 0.44965277812500004 0.6321614578125 0.321759259375 0.6321614578125
1 0.8009259265625 0.607421875 0.8009259265625 0.7072482640625 0.9221643515625001 0.7072482640625 0.9221643515625001 0.607421875 0.8009259265625 0.607421875
1 0.6620370375 0.3478732640625 0.6620370375 0.42860243125 0.824652778125 0.42860243125 0.824652778125 0.3478732640625 0.6620370375 0.3478732640625
1 0.676215278125 0.620659721875 0.676215278125 0.740668403125 0.7907986109375 0.740668403125 0.7907986109375 0.620659721875 0.676215278125 0.620659721875
1 0.88612310625 0.7627992906250001 0.724734978125 0.771992284375 0.7336509062500001 0.8600370703125 0.8950390328125 0.850844075 0.88612310625 0.7627992906250001
1 0.4895048828125 0.427038309375 0.43297061406250004 0.4432876796875 0.4901716171875 0.5552318296875 0.546705884375 0.538982459375 0.4895048828125 0.427038309375
1 0.4342091703125 0.3388908140625 0.341888421875 0.40012396250000004 0.407406565625 0.45568838906250003 0.49972731406250004 0.3944552390625 0.4342091703125 0.3388908140625
1 0.5938206671875 0.3421432140625 0.5288788890625 0.3505675703125 0.5582136453125 0.47776914374999996 0.6231554234375001 0.4693447875 0.5938206671875 0.3421432140625
1 0.7572688734375 0.4570822484375 0.6204902046874999 0.465456453125 0.63137471875 0.565457925 0.7681533875000001 0.557083721875 0.7572688734375 0.4570822484375
1 0.3791248140625 0.4539160546875 0.2762314421875 0.53201584375 0.3169591515625 0.5621979859375 0.41985252500000003 0.48409819687500005 0.3791248140625 0.4539160546875
1 0.3695023140625 0.5323350687499999 0.3094951921875 0.5998430828125 0.3470219015625 0.6186064375 0.40702902500000004 0.5510984234375 0.3695023140625 0.5323350687499999
1 0.6332754625 0.22977430625 0.5515046296875 0.2502170140625 0.59586226875 0.3500217015625 0.6776331015625 0.32957899375 0.6332754625 0.22977430625
1 0.5758101859375 0.5724826390625 0.5758101859375 0.679253471875 0.7063078703125 0.679253471875 0.7063078703125 0.5724826390625 0.5758101859375 0.5724826390625