1 0.23741319375 0.446759259375 0.0095486109375 0.446759259375 0.0095486109375 0.6970486109375 0.23741319375 0.6970486109375 0.23741319375 0.446759259375
1 0.6217447921875 0.49450231406249995 0.5032552078125 0.49450231406249995 0.5032552078125 0.644965278125 0.6217447921875 0.644965278125 0.6217447921875 0.49450231406249995
1 0.3470052078125 0.785590278125 0.19769965312499999 0.785590278125 0.19769965312499999 0.86429398125 0.3470052078125 0.86429398125 0.3470052078125 0.785590278125
1 0.37065972187499996 0.0445601859375 0.2779947921875 0.0445601859375 0.2779947921875 0.20138888906250002 0.37065972187499996 0.20138888906250002 0.37065972187499996 0.0445601859375
1 0.49609375 0.30815972187499996 0.3747829859375 0.30815972187499996 0.3747829859375 0.4244791671875 0.49609375 0.4244791671875 0.49609375 0.30815972187499996
1 0.5329861109375 0.8009259265625 0.4162326390625 0.8009259265625 0.4162326390625 0.8810763890625 0.5329861109375 0.8810763890625 0.5329861109375 0.8009259265625
1 0.23372395781250002 0.6438078703125 0.1341145828125 0.6438078703125 0.1341145828125 0.781828703125 0.23372395781250002 0.781828703125 0.23372395781250002 0.6438078703125
1 0.234809028125 0.046875 0.119574653125 0.046875 0.119574653125 0.1510416671875 0.234809028125 0.1510416671875 0.234809028125 0.046875
1 0.37790136875 0.6811361546875 0.273822196875 0.6262727156250001 0.231452925 0.7691651625 0.335532096875 0.8240285999999999 0.37790136875 0.6811361546875
1 0.495698678125 0.637192290625 0.42185556249999995 0.6277078546875 0.4114248625 0.7720820078124999 0.4852679765625 0.78156644375 0.495698678125 0.637192290625
1 0.5598958328125 0.6267361109375 0.4947916671875 0.6267361109375 0.4947916671875 0.774016203125 0.5598958328125 0.774016203125 0.5598958328125 0.6267361109375
1 0.3765261265625 0.5541749125 0.3370322234375 0.41917757031249997 0.257054940625 0.4607733203125 0.29654884375 0.5957706625 0.3765261265625 0.5541749125
1 0.3996469078125 0.35369402499999997 0.3478473921875 0.22184071093750002 0.24174034375 0.2959472203125 0.293539859375 0.42780053437500004 0.3996469078125 0.35369402499999997
1 0.2459468328125 0.4096774109375 0.2424458046875 0.33965682343750003 0.0854036078125 0.3536161296875 0.08890463750000001 0.4236367171875 0.2459468328125 0.4096774109375
1 0.5185142546875 0.23196207656249998 0.37395834687499996 0.22178208281249998 0.3708775671875 0.2995546203125 0.5154334765625 0.3097346125 0.5185142546875 0.23196207656249998
1 0.592158975 0.4716664703125 0.547475015625 0.3061703265625 0.4981243359375 0.3298586515625 0.5428082953125 0.49535479687499995 0.592158975 0.4716664703125
1 0.25860243125000004 0.5392129625 0.24250868125 0.5106018515625 0.12233506875 0.6307754625 0.13842881875 0.6593865734375 0.25860243125000004 0.5392129625
1 0.43439556875 0.8216053609375 0.409190446875 0.616230290625 0.36986314375 0.62481079375 0.395068265625 0.8301858640625 0.43439556875 0.8216053609375