1 0.7125 0.4921875 0.6078125 0.4921875 0.6078125 0.575 0.7125 0.575 0.7125 0.4921875
1 0.7796875 0.66875 0.596875 0.66875 0.596875 0.784375 0.7796875 0.784375 0.7796875 0.66875
1 0.49979716874999996 0.6669294140625001 0.379533628125 0.778602703125 0.41117530156250004 0.7977702546875001 0.5314388421875 0.6860969671875 0.49979716874999996 0.6669294140625001
1 0.525 0.4546875 0.4328125 0.4546875 0.4328125 0.5125 0.525 0.5125 0.525 0.4546875
1 0.975 0.5671875 0.8390625 0.5671875 0.8390625 0.6515625 0.975 0.6515625 0.975 0.5671875
1 0.2609375 0.59375 0.1765625 0.59375 0.1765625 0.7203125 0.2609375 0.7203125 0.2609375 0.59375
1 0.564757390625 0.43147192343749996 0.55234375 0.4673828125 0.699638496875 0.4960234578125 0.7120521375 0.46011256874999995 0.564757390625 0.43147192343749996
1 0.634375 0.7203125 0.4609375 0.7203125 0.4609375 0.846875 0.634375 0.846875 0.634375 0.7203125
1 0.71918586875 0.46941782187500003 0.6738555265625 0.501526815625 0.780625509375 0.58631474375 0.8259558531250001 0.55420575 0.71918586875 0.46941782187500003
1 0.7953125 0.584375 0.6421875 0.584375 0.6421875 0.6796875 0.7953125 0.6796875 0.7953125 0.584375
1 0.4893023859375 0.5103604765624999 0.46720695 0.572503890625 0.600667790625 0.5991960578125 0.6227632265625 0.5370526453125 0.4893023859375 0.5103604765624999
1 0.3984375 0.4140625 0.2546875 0.4140625 0.2546875 0.4421875 0.3984375 0.4421875 0.3984375 0.4140625
1 0.390625 0.6859375 0.2375 0.6859375 0.2375 0.78125 0.390625 0.78125 0.390625 0.6859375
1 0.278125 0.4640625 0.1953125 0.4640625 0.1953125 0.5421875 0.278125 0.5421875 0.278125 0.4640625
1 0.293516334375 0.4921817671875 0.290748384375 0.5399289171875 0.41754673281250004 0.544063646875 0.42031468437499997 0.496316496875 0.293516334375 0.4921817671875
1 0.4265625 0.4515625 0.3078125 0.4515625 0.3078125 0.4921875 0.4265625 0.4921875 0.4265625 0.4515625
1 0.2460000328125 0.5219855734375 0.23746289531250003 0.551346409375 0.42047035624999995 0.5812783765625 0.4290074953125 0.551917540625 0.2460000328125 0.5219855734375
1 0.64598365625 0.5575982046875 0.393646559375 0.6630315328124999 0.42587325624999994 0.7064167234375 0.678210353125 0.6009833953125 0.64598365625 0.5575982046875