1 0.94765625 0.48333333281249996 0.95 0.478125 0.95 0.47083333281249995 0.9421875 0.4479166671875 0.9328125 0.4458333328125 0.92890625 0.43958333281249995 0.9296875 0.42604166718750003 0.94453125 0.39375 0.94296875 0.3770833328125 0.94609375 0.36875 0.90859375 0.1885416671875 0.8984375 0.1854166671875 0.8734375 0.1916666671875 0.8140625 0.22395833281250002 0.81015625 0.2364583328125 0.8125 0.25729166718749996 0.83828125 0.3864583328125 0.85 0.428125 0.87421875 0.446875 0.878125 0.45625 0.87421875 0.46875 0.8765625 0.496875 0.884375 0.5010416671875 0.90390625 0.5 0.9375 0.4895833328125 0.94765625 0.48333333281249996
1 0.975 0.5760416671875 0.9828125 0.5583333328125 0.9828125 0.55625 0.97578125 0.5333333328125 0.95078125 0.49895833281249996 0.94375 0.49375 0.93515625 0.4927083328125 0.91015625 0.49895833281249996 0.82734375 0.5729166671875 0.80625 0.6177083328124999 0.79921875 0.6229166671875 0.790625 0.6229166671875 0.7765625 0.6322916671875001 0.77265625 0.6354166671875 0.771875 0.6427083328125 0.78359375 0.671875 0.7953125 0.6916666671875 0.80703125 0.70625 0.81640625 0.709375 0.834375 0.6895833328125 0.8328125 0.6739583328125 0.8375 0.665625 0.84921875 0.6614583328125 0.8703125 0.6635416671875001 0.88125 0.6583333328125 0.93515625 0.6083333328125 0.94375 0.6041666671875 0.975 0.5760416671875
1 0.57421875 0.2010416671875 0.5765625 0.1484375 0.5765625 0.1427083328125 0.5734375 0.1197916671875 0.56875 0.1145833328125 0.54921875 0.1177083328125 0.5375 0.128125 0.5203125 0.1260416671875 0.50546875 0.1145833328125 0.49296875 0.11041666718750001 0.43671875 0.11041666718750001 0.384375 0.115625 0.37578125 0.1197916671875 0.37265625 0.128125 0.371875 0.153125 0.37578125 0.215625 0.3828125 0.228125 0.4046875 0.22916666718749998 0.5015625 0.2208333328125 0.5140625 0.21458333281250003 0.52578125 0.203125 0.53671875 0.2 0.5484375 0.20729166718749997 0.56484375 0.2104166671875 0.57265625 0.2052083328125 0.57421875 0.2010416671875
1 0.3875 0.35625 0.390625 0.3427083328125 0.390625 0.3416666671875 0.37890625 0.2947916671875 0.33828125 0.16875 0.3296875 0.1552083328125 0.309375 0.1416666671875 0.30078125 0.1302083328125 0.303125 0.11145833281249999 0.29921875 0.0916666671875 0.29453125 0.0822916671875 0.28359375 0.07291666718749999 0.26953125 0.07291666718749999 0.2484375 0.08125 0.23984375 0.08854166718749999 0.23046875 0.1041666671875 0.23046875 0.1135416671875 0.2328125 0.125 0.2421875 0.1427083328125 0.253125 0.153125 0.2453125 0.1854166671875 0.2484375 0.21458333281250003 0.29296875 0.35 0.29921875 0.3770833328125 0.3078125 0.3895833328125 0.32734375 0.3927083328125 0.37421875 0.36770833281250004 0.3875 0.35625
0 0.26015625 0.425 0.2640625 0.4166666671875 0.2640625 0.415625 0.26171875 0.40729166718750004 0.253125 0.4 0.221875 0.3875 0.20234375 0.3760416671875 0.18984375 0.3739583328125 0.18125 0.365625 0.17890625 0.3541666671875 0.175 0.35 0.084375 0.3145833328125 0.05703125 0.3083333328125 0.0453125 0.31979166718749996 0.03984375 0.3333333328125 0.0375 0.3552083328125 0.04140625 0.3697916671875 0.0453125 0.375 0.12734375 0.40729166718750004 0.16328125 0.41770833281249997 0.175 0.40729166718750004 0.18203125 0.40625 0.18984375 0.4114583328125 0.2171875 0.41770833281249997 0.22109375 0.42291666718750004 0.2453125 0.4270833328125 0.26015625 0.425
0 0.278125 0.3708333328125 0.296875 0.3739583328125 0.296875 0.371875 0.2953125 0.3614583328125 0.2921875 0.3583333328125 0.28828125 0.3447916671875 0.24921875 0.3270833328125 0.23828125 0.3104166671875 0.2265625 0.303125 0.1546875 0.2666666671875 0.146875 0.26875 0.1390625 0.284375 0.1390625 0.30625 0.15546875 0.31979166718749996 0.21796875 0.35104166718749996 0.24140625 0.35208333281250004 0.278125 0.3708333328125
0 0.29375 0.6510416671875 0.31796875 0.6197916671875 0.31796875 0.61875 0.3046875 0.59375 0.23671875 0.49583333281249997 0.2171875 0.4875 0.20625 0.46875 0.18984375 0.45625 0.18671875 0.4479166671875 0.178125 0.43958333281249995 0.171875 0.428125 0.159375 0.42395833281249995 0.15234375 0.4302083328125 0.15078125 0.4427083328125 0.15546875 0.45416666718750004 0.17109375 0.471875 0.18984375 0.50625 0.19921875 0.5114583328125 0.19765625 0.53125 0.2 0.5375 0.28203125 0.6552083328125 0.28828125 0.65625 0.29375 0.6510416671875
0 0.30703125 0.5552083328124999 0.31484375 0.5489583328125 0.31484375 0.540625 0.3078125 0.5291666671875 0.27109375 0.4927083328125 0.25546875 0.4635416671875 0.21328125 0.42083333281249996 0.19921875 0.4166666671875 0.1875 0.43125 0.1859375 0.4427083328125 0.1921875 0.453125 0.23671875 0.4947916671875 0.24453125 0.5052083328125 0.25546875 0.5072916671875001 0.29609375 0.55 0.30703125 0.5552083328124999
0 0.596875 0.3083333328125 0.6421875 0.2604166671875 0.6421875 0.2541666671875 0.63125 0.2322916671875 0.62578125 0.23020833281250003 0.61953125 0.23333333281250002 0.575 0.2760416671875 0.55390625 0.3083333328125 0.5453125 0.3145833328125 0.52109375 0.34375 0.51484375 0.3458333328125 0.5109375 0.359375 0.51171875 0.365625 0.5203125 0.36666666718749996 0.534375 0.359375 0.571875 0.321875 0.596875 0.3083333328125
0 0.70078125 0.3708333328125 0.71875 0.353125 0.71875 0.3458333328125 0.70703125 0.34375 0.70234375 0.3395833328125 0.6765625 0.3447916671875 0.6703125 0.33541666718749996 0.6625 0.3458333328125 0.64140625 0.3541666671875 0.63515625 0.353125 0.6296875 0.3447916671875 0.6234375 0.3427083328125 0.53984375 0.359375 0.51953125 0.36770833281250004 0.51015625 0.36770833281250004 0.503125 0.3729166671875 0.50234375 0.40208333281249997 0.50546875 0.4114583328125 0.50546875 0.421875 0.50859375 0.42604166718750003 0.5765625 0.415625 0.62890625 0.4010416671875 0.64140625 0.384375 0.65078125 0.3854166671875 0.6703125 0.3791666671875 0.67421875 0.375 0.70078125 0.3708333328125
0 0.62109375 0.440625 0.62421875 0.428125 0.62421875 0.42395833281249995 0.61953125 0.40625 0.6109375 0.40729166718750004 0.6015625 0.41770833281249997 0.5921875 0.4458333328125 0.590625 0.46666666718750005 0.584375 0.48229166718750005 0.5828125 0.49895833281249996 0.58515625 0.50625 0.578125 0.51875 0.56875 0.5260416671875 0.5625 0.5416666671875 0.55703125 0.590625 0.54375 0.6645833328124999 0.54453125 0.6708333328125 0.553125 0.678125 0.575 0.6864583328125 0.5890625 0.6864583328125 0.59375 0.6822916671875 0.59609375 0.675 0.60234375 0.6302083328125 0.6171875 0.5625 0.61796875 0.5375 0.61015625 0.5229166671875001 0.609375 0.5125 0.61640625 0.496875 0.62109375 0.440625
0 0.6546875 0.5864583328124999 0.65546875 0.5729166671875 0.6546875 0.571875 0.6546875 0.4739583328125 0.65 0.46875 0.6234375 0.46979166718750004 0.61953125 0.4739583328125 0.61796875 0.484375 0.61796875 0.5302083328125 0.6203125 0.5333333328125 0.62109375 0.546875 0.615625 0.5708333328124999 0.615625 0.5885416671875 0.621875 0.6 0.621875 0.6333333328124999 0.6265625 0.6666666671875 0.62734375 0.7020833328125 0.6390625 0.7020833328125 0.64453125 0.6947916671875001 0.64765625 0.5989583328125 0.6546875 0.5864583328124999