1 0.665625 0.228125 0.6791666671875001 0.21875 0.6875 0.2203125 0.6885416671875 0.22421875 0.6947916671875001 0.22421875 0.7020833328125 0.23046875 0.7 0.2359375 0.7145833328125 0.25234375 0.7822916671875 0.2796875 0.8114583328125 0.28671875 0.825 0.2953125 0.8541666671874999 0.30546875 0.865625 0.303125 0.88125 0.29375 0.9197916671874999 0.24453125 0.91875 0.23125 0.8552083328125001 0.2046875 0.775 0.1765625 0.7510416671875 0.17578125 0.7270833328124999 0.18046875 0.7052083328125 0.16015625 0.6854166671875 0.1515625 0.6739583328125 0.15390625 0.6447916671875 0.19765625 0.640625 0.2078125 0.64375 0.228125 0.653125 0.2234375 0.665625 0.228125
1 0.5427083328125 0.33046875 0.5520833328125 0.33125 0.559375 0.3328125 0.5875 0.3578125 0.75 0.378125 0.7833333328125 0.37890625 0.7979166671875 0.36953125 0.8072916671874999 0.35390625 0.81875 0.3125 0.81875 0.2953125 0.8072916671874999 0.2859375 0.653125 0.26484375 0.5958333328125 0.2640625 0.5697916671875001 0.278125 0.5208333328125 0.265625 0.5114583328125 0.275 0.5052083328125 0.29609375 0.503125 0.33125 0.5083333328124999 0.3359375 0.5364583328125 0.33671875 0.5427083328125 0.33046875
1 0.509375 0.40859375 0.5197916671875 0.41953125 0.509375 0.4421875 0.509375 0.4515625 0.5197916671875 0.46640625 0.6010416671875001 0.56015625 0.621875 0.5796875 0.646875 0.578125 0.7145833328125 0.5453125 0.721875 0.5328125 0.71875 0.52109375 0.6760416671875 0.4703125 0.6145833328125 0.40625 0.60625 0.40078125 0.575 0.39765625 0.5625 0.3921875 0.5645833328125 0.37578125 0.55 0.35703125 0.540625 0.35703125 0.5135416671875 0.3671875 0.48125 0.38828125 0.48125 0.39609375 0.49375 0.41015625 0.5010416671875 0.41171875 0.509375 0.40859375
1 0.7322916671875 0.50625 0.759375 0.49453125 0.7791666671875 0.49453125 0.8135416671875 0.5015625 0.9375 0.484375 0.975 0.47421875 0.9854166671875 0.46015625 0.9854166671875 0.4390625 0.9760416671875 0.41484375 0.9645833328125001 0.40390625 0.9489583328125001 0.4 0.9302083328125 0.4 0.8979166671875 0.40546875 0.8833333328125 0.40390625 0.8104166671874999 0.41796875 0.7854166671875 0.42734375 0.76875 0.43984375 0.7395833328125 0.44921875 0.728125 0.44140625 0.6989583328125 0.44296875 0.6927083328125 0.446875 0.6916666671875 0.465625 0.6979166671875 0.48984375 0.7125 0.50859375 0.7322916671875 0.50625
0 0.7208333328125 0.275 0.75625 0.275 0.7489583328125 0.2671875 0.7208333328125 0.25546875 0.6552083328125 0.2328125 0.6197916671875 0.225 0.6135416671875 0.22890625 0.5989583328125 0.25546875 0.5979166671875 0.26328125 0.615625 0.265625 0.6354166671875 0.2640625 0.7208333328125 0.275
0 0.346875 0.4234375 0.3489583328125 0.44453125 0.3572916671875 0.45625 0.3708333328125 0.46015625 0.384375 0.471875 0.40416666718750005 0.4796875 0.43854166718750004 0.50546875 0.44895833281249997 0.51796875 0.4614583328125 0.51953125 0.5 0.4875 0.503125 0.48203125 0.49791666718750005 0.475 0.4270833328125 0.421875 0.415625 0.41796875 0.39895833281250004 0.40546875 0.371875 0.40625 0.3125 0.3640625 0.296875 0.35703125 0.284375 0.35625 0.278125 0.36015625 0.2760416671875 0.36875 0.2854166671875 0.38203125 0.325 0.41328125 0.346875 0.4234375
0 0.396875 0.4046875 0.40416666718750005 0.40859375 0.4427083328125 0.4359375 0.45520833281249995 0.44296875 0.459375 0.4421875 0.45416666718750004 0.425 0.4291666671875 0.40390625 0.41979166718750005 0.40078125 0.403125 0.37265625 0.3489583328125 0.32890625 0.3385416671875 0.3296875 0.321875 0.34296875 0.3229166671875 0.35234375 0.3770833328125 0.39765625 0.3885416671875 0.4046875 0.396875 0.4046875
0 0.421875 0.3828125 0.446875 0.40703125 0.465625 0.44921875 0.48229166718750005 0.4609375 0.4916666671875 0.45390625 0.4927083328125 0.440625 0.4739583328125 0.38125 0.4875 0.35859375 0.4583333328125 0.2546875 0.45416666718750004 0.24921875 0.43333333281249997 0.24609375 0.4145833328125 0.24921875 0.3916666671875 0.259375 0.3916666671875 0.28515625 0.4010416671875 0.2984375 0.4010416671875 0.31015625 0.421875 0.3828125
0 0.5291666671875 0.71171875 0.55625 0.70078125 0.6395833328125 0.6984375 0.653125 0.6890625 0.65 0.6796875 0.6416666671875 0.67578125 0.5677083328125 0.67421875 0.5520833328125 0.6765625 0.5364583328125 0.6671875 0.5135416671875 0.66484375 0.396875 0.66640625 0.36875 0.66875 0.3625 0.67734375 0.3625 0.70859375 0.3645833328125 0.7125 0.371875 0.7140625 0.5291666671875 0.71171875
0 0.80625 0.61171875 0.834375 0.6046875 0.8697916671874999 0.60859375 0.915625 0.603125 0.9510416671874999 0.5953125 0.9572916671874999 0.5875 0.95 0.56875 0.9416666671874999 0.565625 0.8635416671874999 0.571875 0.840625 0.58125 0.8083333328125001 0.58671875 0.7947916671875 0.5921875 0.7447916671875 0.596875 0.746875 0.61171875 0.7541666671875 0.61484375 0.76875 0.61484375 0.80625 0.61171875
0 0.7510416671875 0.59609375 0.778125 0.59453125 0.8416666671874999 0.58125 0.8729166671874999 0.56640625 0.9416666671874999 0.55234375 0.9697916671875 0.54140625 0.9739583328125001 0.5328125 0.9677083328125 0.528125 0.953125 0.52734375 0.85625 0.54296875 0.8458333328125001 0.54140625 0.734375 0.56640625 0.7302083328125 0.56796875 0.7322916671875 0.57421875 0.74375 0.59296875 0.7510416671875 0.59609375
0 0.7760416671875 0.428125 0.8041666671875 0.41953125 0.9208333328125 0.4 0.8958333328125001 0.38828125 0.8333333328125001 0.3859375 0.8114583328125 0.3890625 0.7958333328125 0.3796875 0.7760416671875 0.38359375 0.7427083328124999 0.38046875 0.6302083328125 0.3828125 0.621875 0.3890625 0.6208333328125 0.40859375 0.6427083328125 0.428125 0.75 0.42578125 0.7760416671875 0.428125