0 0.47291666718750003 0.27578125 0.48125 0.278125 0.5489583328125 0.26796875 0.5729166671875 0.259375 0.5875 0.26015625 0.603125 0.2671875 0.740625 0.23359375 0.7510416671875 0.22578125 0.75 0.2046875 0.7416666671875001 0.184375 0.734375 0.17734375 0.725 0.1765625 0.5875 0.2109375 0.578125 0.215625 0.5760416671875 0.225 0.565625 0.2328125 0.540625 0.23515625 0.4791666671875 0.25546875 0.47083333281249995 0.26171875 0.46770833281249996 0.2703125 0.47291666718750003 0.27578125
0 0.4010416671875 0.30390625 0.421875 0.3125 0.4322916671875 0.3109375 0.46458333281249997 0.27421875 0.471875 0.26171875 0.5197916671875 0.21015625 0.5208333328125 0.20078125 0.5166666671875 0.19296875 0.534375 0.178125 0.546875 0.153125 0.5677083328125 0.12734375 0.5666666671875 0.11953125 0.5604166671875 0.11484375 0.553125 0.1140625 0.540625 0.11953125 0.521875 0.1421875 0.5 0.159375 0.4916666671875 0.1765625 0.4760416671875 0.178125 0.46875 0.18203125 0.3854166671875 0.27734375 0.3791666671875 0.28671875 0.3802083328125 0.29140625 0.4010416671875 0.30390625
0 0.4135416671875 0.3296875 0.41979166718750005 0.33203125 0.4770833328125 0.321875 0.496875 0.31484375 0.5229166671875001 0.31640625 0.5958333328125 0.2984375 0.6083333328125 0.2921875 0.6052083328125 0.27421875 0.5979166671875 0.2671875 0.5822916671875 0.2671875 0.5104166671875 0.284375 0.490625 0.29765625 0.471875 0.3 0.4145833328125 0.31640625 0.41041666718750003 0.325 0.4135416671875 0.3296875
0 0.6270833328125 0.43671875 0.6395833328125 0.44140625 0.6489583328124999 0.43984375 0.6677083328125 0.428125 0.7052083328125 0.40234375 0.7125 0.39453125 0.7203531015625 0.391979240625 0.7319261296875 0.391979240625 0.7375 0.38515625 0.7552083328125 0.3703125 0.775 0.36015625 0.8239583328125001 0.3265625 0.825 0.321875 0.8104166671874999 0.30859375 0.8010416671874999 0.3046875 0.7864583328125 0.30703125 0.70625 0.3609375 0.696875 0.3796875 0.6572916671875 0.40390625 0.6291666671875 0.428125 0.6270833328125 0.43671875
0 0.42083333281249996 0.66171875 0.5125 0.69921875 0.51875 0.69921875 0.5229166671875001 0.6953125 0.5385416671875001 0.671875 0.5260416671875 0.66171875 0.44375 0.62734375 0.4135416671875 0.62421875 0.39895833281250004 0.61328125 0.3395833328125 0.59140625 0.325 0.58984375 0.31875 0.59296875 0.321875 0.60625 0.3291666671875 0.6125 0.3875 0.63984375 0.40208333281249997 0.64375 0.4114583328125 0.65625 0.42083333281249996 0.66171875
0 0.5760416671875 0.69140625 0.7104166671875001 0.7359375 0.7229166671875 0.73359375 0.7333333328125 0.7171875 0.7385416671875 0.69921875 0.7322916671875 0.69375 0.59375 0.64375 0.575 0.64140625 0.56875 0.6453125 0.5604166671875 0.64609375 0.5427083328125 0.63671875 0.525 0.63203125 0.51875 0.62734375 0.5083333328124999 0.62734375 0.48020833281249997 0.61953125 0.46770833281249996 0.6203125 0.4614583328125 0.6234375 0.4604166671875 0.63125 0.46875 0.63984375 0.5260416671875 0.66328125 0.5447916671875 0.665625 0.55 0.66875 0.5583333328125 0.6828125 0.5760416671875 0.69140625
1 0.7645833328125 0.6484375 0.840625 0.6625 0.8510416671875 0.6609375 0.8583333328125 0.65625 0.8677083328125 0.6421875 0.8770833328125001 0.615625 0.8802083328125001 0.5859375 0.8770833328125001 0.5765625 0.86875 0.5703125 0.8229166671874999 0.55859375 0.6822916671875 0.53125 0.6677083328125 0.53125 0.6333333328124999 0.54453125 0.621875 0.54453125 0.6145833328125 0.534375 0.6041666671875 0.53046875 0.5822916671875 0.52890625 0.5729166671875 0.534375 0.5583333328125 0.58046875 0.5583333328125 0.5875 0.5635416671875 0.59375 0.59375 0.5953125 0.6052083328125 0.5875 0.6125 0.58828125 0.63125 0.61171875 0.6447916671875 0.61953125 0.7104166671875001 0.63359375 0.7645833328125 0.6484375
0 0.7916666671875 0.67578125 0.878125 0.68515625 0.890625 0.68515625 0.8979166671875 0.67890625 0.8989583328125 0.66015625 0.8916666671875 0.65390625 0.8635416671874999 0.6515625 0.85 0.6609375 0.834375 0.66171875 0.7447916671875 0.64375 0.6989583328125 0.63984375 0.6895833328125 0.64375 0.6885416671875 0.65 0.6916666671875 0.6546875 0.7 0.6578125 0.75 0.665625 0.7729166671875001 0.665625 0.7916666671875 0.67578125
0 0.46458333281249997 0.6140625 0.4760416671875 0.6171875 0.48645833281249995 0.61640625 0.5 0.60546875 0.5770833328125 0.53515625 0.58125 0.528125 0.5760416671875 0.5203125 0.5770833328125 0.51328125 0.596875 0.49765625 0.6364583328125 0.4578125 0.640625 0.44296875 0.6354166671875 0.43828125 0.625 0.43828125 0.6072916671875 0.44609375 0.565625 0.48046875 0.553125 0.4953125 0.5239583328124999 0.49921875 0.4375 0.575 0.43125 0.584375 0.4322916671875 0.590625 0.46458333281249997 0.6140625
1 0.7697916671875 0.44296875 0.7885416671875001 0.453125 0.8 0.45234375 0.8177083328125001 0.44296875 0.9145833328125 0.37890625 0.9302083328125 0.34296875 0.946875 0.33515625 0.9572916671874999 0.3359375 0.9645833328125001 0.33359375 0.990625 0.31796875 0.9916666671875 0.3015625 0.9791666671874999 0.2859375 0.9645833328125001 0.275 0.9395833328125001 0.26640625 0.9208333328125 0.2703125 0.9 0.28828125 0.8989583328125 0.29375 0.9052083328125 0.296875 0.9010416671874999 0.30234375 0.8395833328125001 0.31953125 0.8208333328125 0.3359375 0.7510416671875 0.38046875 0.7447916671875 0.3875 0.73125 0.3890625 0.7260416671875001 0.3921875 0.7260416671875001 0.40625 0.74375 0.42578125 0.7520833328125 0.4328125 0.7614583328125 0.43203125 0.7697916671875 0.44296875
1 0.7458333328125 0.53046875 0.7697916671875 0.55 0.7895833328124999 0.55 0.7927083328125 0.5453125 0.8083333328125001 0.53671875 0.809375 0.52890625 0.8166666671874999 0.525 0.859375 0.51875 0.878125 0.5125 0.9979166671874999 0.4484375 1 0.41640625 0.9864583328125001 0.4015625 0.95625 0.3828125 0.9427083328125001 0.3796875 0.9302083328125 0.38125 0.8479166671874999 0.425 0.8177083328125001 0.44453125 0.8104166671874999 0.44609375 0.796875 0.45859375 0.7864583328125 0.4796875 0.7760416671875 0.48828125 0.753125 0.4875 0.7302083328125 0.49453125 0.725 0.49921875 0.728125 0.5109375 0.7458333328125 0.53046875
1 0.571875 1 0.5875 0.990625 0.6010416671875001 0.978125 0.6166666671875001 0.95625 0.6197916671875 0.94921875 0.6197916671875 0.93359375 0.6145833328125 0.9265625 0.603125 0.91953125 0.58999625 0.9091740546875 0.478125 0.81953125 0.465625 0.815625 0.446875 0.81796875 0.42395833281249995 0.81640625 0.42083333281249996 0.8125 0.42395833281249995 0.80859375 0.42395833281249995 0.7984375 0.40729166718750004 0.78359375 0.3927083328125 0.784375 0.3479166671875 0.81875 0.3385416671875 0.82890625 0.3375 0.83671875 0.3625 0.8546875 0.36770833281250004 0.85390625 0.3739583328125 0.8484375 0.384375 0.846875 0.3875 0.8859375 0.40520833281249996 0.909375 0.5239583328124999 1 0.571875 1