1 0.77578125 0.6947916671875001 0.76953125 0.7020833328125 0.7640625 0.7 0.74765625 0.7145833328125 0.7203125 0.7822916671875 0.71328125 0.8114583328125 0.7046875 0.825 0.69453125 0.8541666671874999 0.696875 0.865625 0.70625 0.88125 0.75546875 0.9197916671874999 0.76875 0.91875 0.7953125 0.8552083328125001 0.8234375 0.775 0.82421875 0.7510416671875 0.81953125 0.7270833328124999 0.83984375 0.7052083328125 0.8484375 0.6854166671875 0.84609375 0.6739583328125 0.80234375 0.6447916671875 0.7921875 0.640625 0.771875 0.64375 0.7765625 0.653125 0.771875 0.665625 0.78125 0.6791666671875001 0.7796875 0.6875 0.77578125 0.6885416671875 0.77578125 0.6947916671875001
1 0.621875 0.75 0.62109375 0.7833333328125 0.63046875 0.7979166671875 0.64609375 0.8072916671874999 0.6875 0.81875 0.7046875 0.81875 0.7140625 0.8072916671874999 0.73515625 0.653125 0.7359375 0.5958333328125 0.721875 0.5697916671875001 0.734375 0.5208333328125 0.725 0.5114583328125 0.70390625 0.5052083328125 0.66875 0.503125 0.6640625 0.5083333328124999 0.66328125 0.5364583328125 0.66953125 0.5427083328125 0.66875 0.5520833328125 0.6671875 0.559375 0.6421875 0.5875 0.621875 0.75
1 0.53359375 0.5197916671875 0.43984375 0.6010416671875001 0.4203125 0.621875 0.421875 0.646875 0.4546875 0.7145833328125 0.4671875 0.721875 0.47890625 0.71875 0.5296875 0.6760416671875 0.59375 0.6145833328125 0.59921875 0.60625 0.60234375 0.575 0.6078125 0.5625 0.62421875 0.5645833328125 0.64296875 0.55 0.64296875 0.540625 0.6328125 0.5135416671875 0.61171875 0.48125 0.60390625 0.48125 0.58984375 0.49375 0.58828125 0.5010416671875 0.59140625 0.509375 0.58046875 0.5197916671875 0.5578125 0.509375 0.5484375 0.509375 0.53359375 0.5197916671875
1 0.515625 0.9375 0.52578125 0.975 0.53984375 0.9854166671875 0.5609375 0.9854166671875 0.58515625 0.9760416671875 0.59609375 0.9645833328125001 0.6 0.9489583328125001 0.6 0.9302083328125 0.59453125 0.8979166671875 0.59609375 0.8833333328125 0.58203125 0.8104166671874999 0.57265625 0.7854166671875 0.56015625 0.76875 0.55078125 0.7395833328125 0.55859375 0.728125 0.55703125 0.6989583328125 0.553125 0.6927083328125 0.534375 0.6916666671875 0.51015625 0.6979166671875 0.49140625 0.7125 0.49375 0.7322916671875 0.50546875 0.759375 0.50546875 0.7791666671875 0.4984375 0.8135416671875 0.515625 0.9375
0 0.7671875 0.6552083328125 0.775 0.6197916671875 0.77109375 0.6135416671875 0.74453125 0.5989583328125 0.73671875 0.5979166671875 0.734375 0.615625 0.7359375 0.6354166671875 0.725 0.7208333328125 0.725 0.75625 0.7328125 0.7489583328125 0.74453125 0.7208333328125 0.7671875 0.6552083328125
0 0.528125 0.384375 0.5203125 0.40416666718750005 0.49453125 0.43854166718750004 0.48203125 0.44895833281249997 0.48046875 0.4614583328125 0.5125 0.5 0.51796875 0.503125 0.525 0.49791666718750005 0.578125 0.4270833328125 0.58203125 0.415625 0.59453125 0.39895833281250004 0.59375 0.371875 0.6359375 0.3125 0.64296875 0.296875 0.64375 0.284375 0.63984375 0.278125 0.63125 0.2760416671875 0.61796875 0.2854166671875 0.58671875 0.325 0.5765625 0.346875 0.55546875 0.3489583328125 0.54375 0.3572916671875 0.53984375 0.3708333328125 0.528125 0.384375
0 0.5578125 0.459375 0.575 0.45416666718750004 0.59609375 0.4291666671875 0.59921875 0.41979166718750005 0.62734375 0.403125 0.67109375 0.3489583328125 0.6703125 0.3385416671875 0.65703125 0.321875 0.64765625 0.3229166671875 0.60234375 0.3770833328125 0.5953125 0.3885416671875 0.5953125 0.396875 0.59140625 0.40416666718750005 0.5640625 0.4427083328125 0.55703125 0.45520833281249995 0.5578125 0.459375
0 0.54609375 0.4916666671875 0.559375 0.4927083328125 0.61875 0.4739583328125 0.64140625 0.4875 0.7453125 0.4583333328125 0.75078125 0.45416666718750004 0.75390625 0.43333333281249997 0.75078125 0.4145833328125 0.740625 0.3916666671875 0.71484375 0.3916666671875 0.7015625 0.4010416671875 0.68984375 0.4010416671875 0.6171875 0.421875 0.59296875 0.446875 0.55078125 0.465625 0.5390625 0.48229166718750005 0.54609375 0.4916666671875
0 0.3203125 0.65 0.32421875 0.6416666671875 0.32578125 0.5677083328125 0.3234375 0.5520833328125 0.3328125 0.5364583328125 0.33515625 0.5135416671875 0.33359375 0.396875 0.33125 0.36875 0.32265625 0.3625 0.29140625 0.3625 0.2875 0.3645833328125 0.2859375 0.371875 0.28828125 0.5291666671875 0.29921875 0.55625 0.3015625 0.6395833328125 0.3109375 0.653125 0.3203125 0.65
0 0.4046875 0.9510416671874999 0.4125 0.9572916671874999 0.43125 0.95 0.434375 0.9416666671874999 0.428125 0.8635416671874999 0.41875 0.840625 0.41328125 0.8083333328125001 0.4078125 0.7947916671875 0.403125 0.7447916671875 0.38828125 0.746875 0.38515625 0.7541666671875 0.38515625 0.76875 0.38828125 0.80625 0.3953125 0.834375 0.39140625 0.8697916671874999 0.396875 0.915625 0.4046875 0.9510416671874999
0 0.44765625 0.9416666671874999 0.45859375 0.9697916671875 0.4671875 0.9739583328125001 0.471875 0.9677083328125 0.47265625 0.953125 0.45703125 0.85625 0.45859375 0.8458333328125001 0.43359375 0.734375 0.43203125 0.7302083328125 0.42578125 0.7322916671875 0.40703125 0.74375 0.40390625 0.7510416671875 0.40546875 0.778125 0.41875 0.8416666671874999 0.43359375 0.8729166671874999 0.44765625 0.9416666671874999
0 0.6140625 0.8333333328125001 0.6109375 0.8114583328125 0.6203125 0.7958333328125 0.61640625 0.7760416671875 0.61953125 0.7427083328124999 0.6171875 0.6302083328125 0.6109375 0.621875 0.59140625 0.6208333328125 0.571875 0.6427083328125 0.57421875 0.75 0.571875 0.7760416671875 0.58046875 0.8041666671875 0.6 0.9208333328125 0.61171875 0.8958333328125001 0.6140625 0.8333333328125001