1 0.76796875 0.2708333328125 0.775 0.24895833281250002 0.78828125 0.221875 0.790625 0.1927083328125 0.78359375 0.1677083328125 0.7703125 0.15 0.753125 0.1416666671875 0.73203125 0.14375 0.6953125 0.16354166718750002 0.675 0.1864583328125 0.646875 0.234375 0.640625 0.25729166718749996 0.640625 0.2802083328125 0.64765625 0.30416666718749996 0.66015625 0.31875 0.67421875 0.3260416671875 0.69921875 0.3229166671875 0.74609375 0.2958333328125 0.76796875 0.2708333328125
1 0.35390625 0.30416666718749996 0.3568976359375 0.3202205828125 0.3638269796875 0.35059294531249996 0.368578534375 0.36300598906250003 0.3734375 0.36666666718749996 0.390625 0.36770833281250004 0.409375 0.3614583328125 0.43828125 0.3447916671875 0.4421875 0.3395833328125 0.440625 0.30520833281250004 0.415625 0.21875 0.41328125 0.196875 0.41015625 0.1885416671875 0.38671875 0.1552083328125 0.38359375 0.1416666671875 0.38671875 0.1145833328125 0.38359375 0.109375 0.38359375 0.096875 0.37890625 0.084375 0.36328125 0.078125 0.334375 0.08541666718749999 0.3203125 0.0979166671875 0.31640625 0.1052083328125 0.315625 0.1145833328125 0.321875 0.128125 0.3234375 0.1416666671875 0.3359375 0.15625 0.3291459578125 0.20804542499999998 0.34514505 0.26917994843750004 0.35390625 0.30416666718749996
1 0.2890625 0.41875 0.3078125 0.42604166718750003 0.32109375 0.43645833281249996 0.32265625 0.4427083328125 0.31796875 0.45520833281249995 0.32578125 0.478125 0.33671875 0.48125 0.346875 0.4760416671875 0.38671875 0.44166666718750003 0.3875 0.434375 0.3796875 0.41875 0.3725381609375 0.41133766875 0.36224313124999996 0.41397874375 0.3576895640625 0.40077336875 0.3648168875 0.37409851562499996 0.36838055000000003 0.3640624234375 0.3608572609375 0.34346204999999996 0.35078125 0.31875 0.34609375 0.3125 0.34140625 0.2927083328125 0.3359375 0.2833333328125 0.3250783921875 0.26122159218749996 0.3015625 0.203125 0.296875 0.1885416671875 0.28671875 0.1729166671875 0.2796875 0.1697916671875 0.26328125 0.171875 0.24921875 0.1770833328125 0.23203125 0.1885416671875 0.21171875 0.2114583328125 0.2046875 0.228125 0.20390625 0.2364583328125 0.2109375 0.2520833328125 0.21640625 0.2770833328125 0.23359375 0.3010416671875 0.25625 0.3427083328125 0.28359375 0.4125 0.2890625 0.41875
1 0.23046875 0.6479166671875001 0.2375 0.6385416671875 0.26484375 0.6239583328125 0.28125 0.60625 0.34765625 0.5125 0.3484375 0.49791666718750005 0.3390625 0.48333333281249996 0.32734375 0.48229166718750005 0.32109375 0.465625 0.303125 0.4427083328125 0.2921875 0.43645833281249996 0.28671875 0.4375 0.24375 0.4927083328125 0.20703125 0.546875 0.2015625 0.559375 0.19765625 0.5885416671875 0.1875 0.6010416671875001 0.1796875 0.603125 0.1625 0.621875 0.16015625 0.640625 0.16953125 0.6604166671875 0.18671875 0.6791666671875001 0.2015625 0.6875 0.215625 0.684375 0.225 0.6697916671875 0.23046875 0.6479166671875001
0 0.640625 0.209375 0.63515625 0.19583333281249998 0.63515625 0.1864583328125 0.63984375 0.1666666671875 0.6421875 0.1208333328125 0.6390625 0.10729166718750001 0.634375 0.103125 0.628125 0.1052083328125 0.6234375 0.115625 0.61796875 0.165625 0.61796875 0.1875 0.6078125 0.21354166718749998 0.60234375 0.303125 0.60859375 0.3104166671875 0.62109375 0.3114583328125 0.6296875 0.3083333328125 0.63515625 0.2947916671875 0.640625 0.22395833281250002 0.640625 0.209375
0 0.6484375 0.5364583328125 0.659375 0.44375 0.659375 0.4302083328125 0.6546875 0.42291666718750004 0.62890625 0.41770833281249997 0.625 0.41979166718750005 0.621875 0.4270833328125 0.61796875 0.478125 0.61015625 0.534375 0.615625 0.5520833328125 0.615625 0.5604166671875 0.6109375 0.578125 0.60625 0.6479166671875001 0.61015625 0.65625 0.61484375 0.6583333328125 0.61875 0.6583333328125 0.62265625 0.653125 0.63671875 0.5635416671875 0.6484375 0.5364583328125
0 0.6765625 0.3791666671875 0.6828125 0.3635416671875 0.69921875 0.3625 0.72109375 0.3447916671875 0.7484375 0.3375 0.753125 0.3302083328125 0.753125 0.31875 0.7484375 0.3104166671875 0.74140625 0.309375 0.725 0.3135416671875 0.7171875 0.31979166718749996 0.69140625 0.325 0.678125 0.33541666718749996 0.67265625 0.33541666718749996 0.6609375 0.3270833328125 0.64609375 0.3291666671875 0.590625 0.3552083328125 0.54140625 0.3739583328125 0.5375 0.3791666671875 0.5375 0.3864583328125 0.54375 0.42604166718750003 0.55234375 0.43541666718750005 0.56328125 0.4375 0.58359375 0.42291666718750004 0.6703125 0.3864583328125 0.6765625 0.3791666671875
0 0.871875 0.4760416671875 0.8765625 0.4760416671875 0.88125 0.46875 0.8828125 0.4614583328125 0.8515625 0.42395833281249995 0.8390625 0.4145833328125 0.83125 0.39375 0.78125 0.3427083328125 0.77578125 0.3395833328125 0.76796875 0.3416666671875 0.75625 0.359375 0.7546875 0.3708333328125 0.76171875 0.38125 0.76875 0.3854166671875 0.8078125 0.4270833328125 0.82890625 0.4322916671875 0.84140625 0.44895833281249997 0.871875 0.4760416671875
0 0.809375 0.5541666671875001 0.8140625 0.5395833328124999 0.83359375 0.5385416671875001 0.84609375 0.5291666671875 0.87890625 0.5166666671875 0.88359375 0.5104166671875 0.88515625 0.5 0.88125 0.4927083328125 0.86875 0.48854166718750003 0.84296875 0.5 0.825 0.5010416671875 0.81015625 0.5114583328125 0.8046875 0.5114583328125 0.7953125 0.503125 0.784375 0.503125 0.671875 0.5447916671875 0.66640625 0.553125 0.66640625 0.5625 0.66875 0.578125 0.67578125 0.5979166671875 0.68203125 0.6041666671875 0.68984375 0.603125 0.80390625 0.5604166671875 0.809375 0.5541666671875001
0 0.41171875 0.6197916671875 0.47421875 0.7020833328125 0.47890625 0.703125 0.484375 0.6989583328125 0.50625 0.6697916671875 0.51171875 0.6583333328125 0.51015625 0.6479166671875001 0.440625 0.5520833328125 0.43203125 0.546875 0.42109375 0.5479166671875 0.4109375 0.5416666671875 0.39453125 0.515625 0.36015625 0.4760416671875 0.34921875 0.475 0.3453125 0.48229166718750005 0.3453125 0.4916666671875 0.34921875 0.503125 0.36875 0.534375 0.3953125 0.5666666671875 0.39765625 0.5760416671875 0.396875 0.59375 0.41171875 0.6197916671875
0 0.453125 0.3739583328125 0.4609375 0.375 0.4671875 0.3625 0.46796875 0.353125 0.46796875 0.284375 0.46484375 0.2635416671875 0.4671875 0.25625 0.47421875 0.25 0.47734375 0.2427083328125 0.471875 0.1052083328125 0.4671875 0.08541666718749999 0.45625 0.0802083328125 0.43359375 0.0802083328125 0.4234375 0.08333333281250001 0.4171875 0.0958333328125 0.41640625 0.12291666718750001 0.4234375 0.23020833281250003 0.42734375 0.24583333281250003 0.4390625 0.2677083328125 0.43828125 0.2958333328125 0.44609375 0.3625 0.453125 0.3739583328125
0 0.24765625 0.4270833328125 0.26015625 0.4322916671875 0.29453125 0.43645833281249996 0.30234375 0.440625 0.31640625 0.44166666718750003 0.31796875 0.43854166718750004 0.31171875 0.43125 0.2890625 0.42291666718750004 0.28046875 0.40833333281249995 0.27421875 0.403125 0.2484375 0.396875 0.2390625 0.3854166671875 0.22734375 0.3791666671875 0.1953125 0.375 0.1859375 0.36770833281250004 0.14453125 0.3614583328125 0.1375 0.3729166671875 0.13515625 0.396875 0.13984375 0.40729166718750004 0.1515625 0.4125 0.21875 0.4302083328125 0.234375 0.4322916671875 0.240625 0.4270833328125 0.24765625 0.4270833328125