1 0.2708333328125 0.23203125 0.24895833281250002 0.225 0.221875 0.21171875 0.1927083328125 0.209375 0.1677083328125 0.21640625 0.15 0.2296875 0.1416666671875 0.246875 0.14375 0.26796875 0.16354166718750002 0.3046875 0.1864583328125 0.325 0.234375 0.353125 0.25729166718749996 0.359375 0.2802083328125 0.359375 0.30416666718749996 0.35234375 0.31875 0.33984375 0.3260416671875 0.32578125 0.3229166671875 0.30078125 0.2958333328125 0.25390625 0.2708333328125 0.23203125
1 0.30416666718749996 0.64609375 0.3202205828125 0.6431023640625 0.35059294531249996 0.6361730203125 0.36300598906250003 0.631421465625 0.36666666718749996 0.6265625 0.36770833281250004 0.609375 0.3614583328125 0.590625 0.3447916671875 0.56171875 0.3395833328125 0.5578125 0.30520833281250004 0.559375 0.21875 0.584375 0.196875 0.58671875 0.1885416671875 0.58984375 0.1552083328125 0.61328125 0.1416666671875 0.61640625 0.1145833328125 0.61328125 0.109375 0.61640625 0.096875 0.61640625 0.084375 0.62109375 0.078125 0.63671875 0.08541666718749999 0.665625 0.0979166671875 0.6796875 0.1052083328125 0.68359375 0.1145833328125 0.684375 0.128125 0.678125 0.1416666671875 0.6765625 0.15625 0.6640625 0.20804542499999998 0.6708540421875 0.26917994843750004 0.65485495 0.30416666718749996 0.64609375
1 0.41875 0.7109375 0.42604166718750003 0.6921875 0.43645833281249996 0.67890625 0.4427083328125 0.67734375 0.45520833281249995 0.68203125 0.478125 0.67421875 0.48125 0.66328125 0.4760416671875 0.653125 0.44166666718750003 0.61328125 0.434375 0.6125 0.41875 0.6203125 0.41133766875 0.6274618390625 0.41397874375 0.63775686875 0.40077336875 0.6423104359375 0.37409851562499996 0.6351831125 0.3640624234375 0.63161945 0.34346204999999996 0.6391427390625 0.31875 0.64921875 0.3125 0.65390625 0.2927083328125 0.65859375 0.2833333328125 0.6640625 0.26122159218749996 0.6749216078125 0.203125 0.6984375 0.1885416671875 0.703125 0.1729166671875 0.71328125 0.1697916671875 0.7203125 0.171875 0.73671875 0.1770833328125 0.75078125 0.1885416671875 0.76796875 0.2114583328125 0.78828125 0.228125 0.7953125 0.2364583328125 0.79609375 0.2520833328125 0.7890625 0.2770833328125 0.78359375 0.3010416671875 0.76640625 0.3427083328125 0.74375 0.4125 0.71640625 0.41875 0.7109375
1 0.6479166671875001 0.76953125 0.6385416671875 0.7625 0.6239583328125 0.73515625 0.60625 0.71875 0.5125 0.65234375 0.49791666718750005 0.6515625 0.48333333281249996 0.6609375 0.48229166718750005 0.67265625 0.465625 0.67890625 0.4427083328125 0.696875 0.43645833281249996 0.7078125 0.4375 0.71328125 0.4927083328125 0.75625 0.546875 0.79296875 0.559375 0.7984375 0.5885416671875 0.80234375 0.6010416671875001 0.8125 0.603125 0.8203125 0.621875 0.8375 0.640625 0.83984375 0.6604166671875 0.83046875 0.6791666671875001 0.81328125 0.6875 0.7984375 0.684375 0.784375 0.6697916671875 0.775 0.6479166671875001 0.76953125
0 0.209375 0.359375 0.19583333281249998 0.36484375 0.1864583328125 0.36484375 0.1666666671875 0.36015625 0.1208333328125 0.3578125 0.10729166718750001 0.3609375 0.103125 0.365625 0.1052083328125 0.371875 0.115625 0.3765625 0.165625 0.38203125 0.1875 0.38203125 0.21354166718749998 0.3921875 0.303125 0.39765625 0.3104166671875 0.39140625 0.3114583328125 0.37890625 0.3083333328125 0.3703125 0.2947916671875 0.36484375 0.22395833281250002 0.359375 0.209375 0.359375
0 0.5364583328125 0.3515625 0.44375 0.340625 0.4302083328125 0.340625 0.42291666718750004 0.3453125 0.41770833281249997 0.37109375 0.41979166718750005 0.375 0.4270833328125 0.378125 0.478125 0.38203125 0.534375 0.38984375 0.5520833328125 0.384375 0.5604166671875 0.384375 0.578125 0.3890625 0.6479166671875001 0.39375 0.65625 0.38984375 0.6583333328125 0.38515625 0.6583333328125 0.38125 0.653125 0.37734375 0.5635416671875 0.36328125 0.5364583328125 0.3515625
0 0.3791666671875 0.3234375 0.3635416671875 0.3171875 0.3625 0.30078125 0.3447916671875 0.27890625 0.3375 0.2515625 0.3302083328125 0.246875 0.31875 0.246875 0.3104166671875 0.2515625 0.309375 0.25859375 0.3135416671875 0.275 0.31979166718749996 0.2828125 0.325 0.30859375 0.33541666718749996 0.321875 0.33541666718749996 0.32734375 0.3270833328125 0.3390625 0.3291666671875 0.35390625 0.3552083328125 0.409375 0.3739583328125 0.45859375 0.3791666671875 0.4625 0.3864583328125 0.4625 0.42604166718750003 0.45625 0.43541666718750005 0.44765625 0.4375 0.43671875 0.42291666718750004 0.41640625 0.3864583328125 0.3296875 0.3791666671875 0.3234375
0 0.4760416671875 0.128125 0.4760416671875 0.1234375 0.46875 0.11875 0.4614583328125 0.1171875 0.42395833281249995 0.1484375 0.4145833328125 0.1609375 0.39375 0.16875 0.3427083328125 0.21875 0.3395833328125 0.22421875 0.3416666671875 0.23203125 0.359375 0.24375 0.3708333328125 0.2453125 0.38125 0.23828125 0.3854166671875 0.23125 0.4270833328125 0.1921875 0.4322916671875 0.17109375 0.44895833281249997 0.15859375 0.4760416671875 0.128125
0 0.5541666671875001 0.190625 0.5395833328124999 0.1859375 0.5385416671875001 0.16640625 0.5291666671875 0.15390625 0.5166666671875 0.12109375 0.5104166671875 0.11640625 0.5 0.11484375 0.4927083328125 0.11875 0.48854166718750003 0.13125 0.5 0.15703125 0.5010416671875 0.175 0.5114583328125 0.18984375 0.5114583328125 0.1953125 0.503125 0.2046875 0.503125 0.215625 0.5447916671875 0.328125 0.553125 0.33359375 0.5625 0.33359375 0.578125 0.33125 0.5979166671875 0.32421875 0.6041666671875 0.31796875 0.603125 0.31015625 0.5604166671875 0.19609375 0.5541666671875001 0.190625
0 0.6197916671875 0.58828125 0.7020833328125 0.52578125 0.703125 0.52109375 0.6989583328125 0.515625 0.6697916671875 0.49375 0.6583333328125 0.48828125 0.6479166671875001 0.48984375 0.5520833328125 0.559375 0.546875 0.56796875 0.5479166671875 0.57890625 0.5416666671875 0.5890625 0.515625 0.60546875 0.4760416671875 0.63984375 0.475 0.65078125 0.48229166718750005 0.6546875 0.4916666671875 0.6546875 0.503125 0.65078125 0.534375 0.63125 0.5666666671875 0.6046875 0.5760416671875 0.60234375 0.59375 0.603125 0.6197916671875 0.58828125
0 0.3739583328125 0.546875 0.375 0.5390625 0.3625 0.5328125 0.353125 0.53203125 0.284375 0.53203125 0.2635416671875 0.53515625 0.25625 0.5328125 0.25 0.52578125 0.2427083328125 0.52265625 0.1052083328125 0.528125 0.08541666718749999 0.5328125 0.0802083328125 0.54375 0.0802083328125 0.56640625 0.08333333281250001 0.5765625 0.0958333328125 0.5828125 0.12291666718750001 0.58359375 0.23020833281250003 0.5765625 0.24583333281250003 0.57265625 0.2677083328125 0.5609375 0.2958333328125 0.56171875 0.3625 0.55390625 0.3739583328125 0.546875
0 0.4270833328125 0.75234375 0.4322916671875 0.73984375 0.43645833281249996 0.70546875 0.440625 0.69765625 0.44166666718750003 0.68359375 0.43854166718750004 0.68203125 0.43125 0.68828125 0.42291666718750004 0.7109375 0.40833333281249995 0.71953125 0.403125 0.72578125 0.396875 0.7515625 0.3854166671875 0.7609375 0.3791666671875 0.77265625 0.375 0.8046875 0.36770833281250004 0.8140625 0.3614583328125 0.85546875 0.3729166671875 0.8625 0.396875 0.86484375 0.40729166718750004 0.86015625 0.4125 0.8484375 0.4302083328125 0.78125 0.4322916671875 0.765625 0.4270833328125 0.759375 0.4270833328125 0.75234375