1 0.49895833281249996 0.115625 0.503125 0.1234375 0.53125 0.12578125 0.54375 0.121875 0.553125 0.12578125 0.571875 0.15 0.6135416671875 0.16171875 0.7427083328124999 0.1875 0.7635416671875 0.18984375 0.7760416671875 0.1859375 0.8083333328125001 0.1265625 0.8145833328125001 0.1015625 0.8114583328125 0.09140625 0.63125 0.05390625 0.6229166671875 0.05703125 0.60625 0.05546875 0.5739583328125 0.0703125 0.5604166671875 0.07109375 0.5541666671875001 0.0671875 0.5520833328125 0.0578125 0.5291666671875 0.05 0.521875 0.05 0.5166666671875 0.05234375 0.5104166671875 0.0625 0.5 0.09609375 0.49895833281249996 0.115625
1 0.3416666671875 0.11875 0.33645833281250004 0.1296875 0.3385416671875 0.15078125 0.334375 0.1625 0.3260416671875 0.1671875 0.3104166671875 0.165625 0.290625 0.18359375 0.29375 0.19296875 0.3083333328125 0.2046875 0.328125 0.21640625 0.3572916671875 0.228125 0.3645833328125 0.22734375 0.36770833281250004 0.2234375 0.3770833328125 0.209375 0.3770833328125 0.20078125 0.38229166718749996 0.19375 0.4270833328125 0.17265625 0.5010416671875 0.08984375 0.5072916671875001 0.06484375 0.50625 0.05625 0.5010416671875 0.04921875 0.46666666718750005 0.02421875 0.44375 0.0171875 0.44166666718750003 0.0171875 0.42395833281249995 0.025 0.3958333328125 0.05625 0.3916666671875 0.06484375 0.3416666671875 0.11875
1 0.7927083328125 0.4515625 0.8 0.46328125 0.796875 0.47421875 0.7854166671875 0.4859375 0.7791666671875 0.4984375 0.7708333328125 0.5953125 0.771875 0.6171875 0.784375 0.62421875 0.846875 0.628125 0.871875 0.62734375 0.8802083328125001 0.62421875 0.884375 0.615625 0.8895833328125 0.56328125 0.8895833328125 0.50703125 0.8854166671874999 0.49453125 0.8739583328125 0.4796875 0.871875 0.4625 0.8822916671875 0.45078125 0.8854166671874999 0.43125 0.8802083328125001 0.4265625 0.8572916671874999 0.4234375 0.8515625 0.4234375 0.7989583328125 0.42578125 0.7947916671875 0.42734375 0.7895833328124999 0.43515625 0.7927083328125 0.4515625
1 0.6104166671875 0.6921875 0.6229166671875 0.70078125 0.65 0.70703125 0.7854166671875 0.7515625 0.8145833328125001 0.7546875 0.846875 0.746875 0.8572916671874999 0.7578125 0.875 0.7671875 0.8864583328125001 0.76953125 0.8958333328125001 0.76953125 0.9114583328125001 0.76015625 0.91875 0.7515625 0.9270833328125001 0.73046875 0.9270833328125001 0.71640625 0.9177083328125001 0.70546875 0.9083333328125001 0.70078125 0.8885416671874999 0.696875 0.8697916671874999 0.69921875 0.8583333328125 0.690625 0.8447916671875 0.6703125 0.83125 0.66171875 0.7052083328125 0.62109375 0.6583333328125 0.609375 0.6572916671875 0.609375 0.64375 0.6125 0.6322916671875001 0.62578125 0.6072916671875 0.67265625 0.6104166671875 0.6921875
0 0.5822916671875 0.7828125 0.5885416671875 0.81015625 0.59375 0.81796875 0.5927083328125 0.825 0.5822916671875 0.83671875 0.5927083328125 0.87265625 0.625 0.9546875 0.6302083328125 0.95859375 0.6447916671875 0.9625 0.6666666671875 0.96015625 0.6802083328124999 0.9546875 0.6916666671875 0.94296875 0.6854166671875 0.915625 0.65 0.825 0.6458333328125 0.82109375 0.634375 0.81875 0.6260416671875 0.81015625 0.6239583328125 0.79765625 0.6125 0.778125 0.6 0.746875 0.5927083328125 0.73828125 0.584375 0.7359375 0.5833333328125 0.7359375 0.575 0.73984375 0.5729166671875 0.7546875 0.5770833328125 0.77890625 0.5822916671875 0.7828125
0 0.6802083328124999 0.84453125 0.69375 0.8609375 0.715625 0.8609375 0.73125 0.853125 0.7333333328125 0.8453125 0.696875 0.7734375 0.6895833328125 0.76171875 0.6729166671875 0.75078125 0.6552083328125 0.71171875 0.6416666671875 0.7078125 0.6385416671875 0.7046875 0.628125 0.703125 0.6260416671875 0.703125 0.6291666671875 0.721875 0.6479166671875001 0.75859375 0.6489583328124999 0.78203125 0.6802083328124999 0.84453125
0 0.4625 0.8 0.46875 0.80234375 0.48854166718750003 0.80078125 0.49375 0.81015625 0.528125 0.82890625 0.5458333328125 0.84453125 0.5572916671875 0.84921875 0.5697916671875001 0.84765625 0.5760416671875 0.840625 0.571875 0.828125 0.5604166671875 0.821875 0.5520833328125 0.81328125 0.54375 0.81015625 0.53125 0.79375 0.5125 0.7828125 0.5041666671875 0.76328125 0.40625 0.6953125 0.38125 0.68203125 0.3802083328125 0.68203125 0.3489583328125 0.70625 0.34375 0.71171875 0.3447916671875 0.71796875 0.4625 0.8
0 0.4947916671875 0.75546875 0.5052083328125 0.76328125 0.546875 0.8078125 0.5572916671875 0.8140625 0.56875 0.8125 0.5833333328125 0.80078125 0.5791666671875 0.78671875 0.5364583328125 0.74453125 0.5072916671875001 0.72890625 0.47083333281249995 0.6921875 0.459375 0.68515625 0.45104166718750005 0.68515625 0.4447916671875 0.69296875 0.45 0.70390625 0.4927083328125 0.74453125 0.4947916671875 0.75546875
0 0.6333333328124999 0.4796875 0.634375 0.48828125 0.640625 0.4890625 0.6541666671875 0.48515625 0.65625 0.47890625 0.6854166671875 0.4546875 0.6916666671875 0.44609375 0.7239583328125 0.425 0.7666666671875 0.38046875 0.7697916671875 0.37421875 0.7677083328125 0.36875 0.7458333328125 0.3578125 0.7395833328125 0.3578125 0.6916666671875 0.403125 0.678125 0.428125 0.640625 0.465625 0.6333333328124999 0.4796875
0 0.6145833328125 0.34921875 0.615625 0.35859375 0.5989583328125 0.37109375 0.584375 0.4234375 0.5739583328125 0.49140625 0.578125 0.49453125 0.5885416671875 0.49453125 0.5979166671875 0.49765625 0.6270833328125 0.496875 0.6322916671875001 0.48984375 0.6322916671875001 0.48046875 0.640625 0.46015625 0.6572916671875 0.3765625 0.6552083328125 0.3703125 0.646875 0.36484375 0.6458333328125 0.35859375 0.6541666671875 0.3375 0.6645833328124999 0.3296875 0.6552083328125 0.3234375 0.6604166671875 0.29765625 0.65625 0.29296875 0.6541666671875 0.28125 0.646875 0.28125 0.6291666671875 0.29921875 0.625 0.32578125 0.6208333328125 0.3296875 0.6145833328125 0.34921875
0 0.4770833328125 0.38984375 0.4625 0.38203125 0.4375 0.3828125 0.3697916671875 0.39765625 0.325 0.40390625 0.3177083328125 0.40625 0.3135416671875 0.4109375 0.3135416671875 0.425 0.321875 0.446875 0.3291666671875 0.45546875 0.33541666718749996 0.45625 0.409375 0.44296875 0.4583333328125 0.4375 0.4739583328125 0.43125 0.48125 0.421875 0.49375 0.41484375 0.5010416671875 0.4171875 0.5177083328125 0.415625 0.5333333328125 0.409375 0.5541666671875001 0.4078125 0.5822916671875 0.3984375 0.5927083328125 0.3890625 0.59375 0.38046875 0.5760416671875 0.37578125 0.571875 0.37578125 0.559375 0.37890625 0.503125 0.38359375 0.4875 0.390625 0.4770833328125 0.38984375
0 0.2979166671875 0.3609375 0.2979166671875 0.37265625 0.3333333328125 0.3734375 0.36666666718749996 0.378125 0.4 0.378125 0.4114583328125 0.384375 0.4291666671875 0.384375 0.453125 0.37890625 0.46666666718750005 0.3796875 0.46979166718750004 0.38203125 0.515625 0.38203125 0.5260416671875 0.38046875 0.5302083328125 0.3765625 0.53125 0.35 0.5260416671875 0.3453125 0.428125 0.3453125 0.4270833328125 0.34453125 0.4135416671875 0.3453125 0.4010416671875 0.35234375 0.30520833281250004 0.35546875 0.2979166671875 0.3609375