1 0.5166666671875 0.94765625 0.521875 0.95 0.5291666671875 0.95 0.5520833328125 0.9421875 0.5541666671875001 0.9328125 0.5604166671875 0.92890625 0.5739583328125 0.9296875 0.60625 0.94453125 0.6229166671875 0.94296875 0.63125 0.94609375 0.8114583328125 0.90859375 0.8145833328125001 0.8984375 0.8083333328125001 0.8734375 0.7760416671875 0.8140625 0.7635416671875 0.81015625 0.7427083328124999 0.8125 0.6135416671875 0.83828125 0.571875 0.85 0.553125 0.87421875 0.54375 0.878125 0.53125 0.87421875 0.503125 0.8765625 0.49895833281249996 0.884375 0.5 0.90390625 0.5104166671875 0.9375 0.5166666671875 0.94765625
1 0.42395833281249995 0.975 0.44166666718750003 0.9828125 0.44375 0.9828125 0.46666666718750005 0.97578125 0.5010416671875 0.95078125 0.50625 0.94375 0.5072916671875001 0.93515625 0.5010416671875 0.91015625 0.4270833328125 0.82734375 0.38229166718749996 0.80625 0.3770833328125 0.79921875 0.3770833328125 0.790625 0.36770833281250004 0.7765625 0.3645833328125 0.77265625 0.3572916671875 0.771875 0.328125 0.78359375 0.3083333328125 0.7953125 0.29375 0.80703125 0.290625 0.81640625 0.3104166671875 0.834375 0.3260416671875 0.8328125 0.334375 0.8375 0.3385416671875 0.84921875 0.33645833281250004 0.8703125 0.3416666671875 0.88125 0.3916666671875 0.93515625 0.3958333328125 0.94375 0.42395833281249995 0.975
1 0.7989583328125 0.57421875 0.8515625 0.5765625 0.8572916671874999 0.5765625 0.8802083328125001 0.5734375 0.8854166671874999 0.56875 0.8822916671875 0.54921875 0.871875 0.5375 0.8739583328125 0.5203125 0.8854166671874999 0.50546875 0.8895833328125 0.49296875 0.8895833328125 0.43671875 0.884375 0.384375 0.8802083328125001 0.37578125 0.871875 0.37265625 0.846875 0.371875 0.784375 0.37578125 0.771875 0.3828125 0.7708333328125 0.4046875 0.7791666671875 0.5015625 0.7854166671875 0.5140625 0.796875 0.52578125 0.8 0.53671875 0.7927083328125 0.5484375 0.7895833328124999 0.56484375 0.7947916671875 0.57265625 0.7989583328125 0.57421875
1 0.64375 0.3875 0.6572916671875 0.390625 0.6583333328125 0.390625 0.7052083328125 0.37890625 0.83125 0.33828125 0.8447916671875 0.3296875 0.8583333328125 0.309375 0.8697916671874999 0.30078125 0.8885416671874999 0.303125 0.9083333328125001 0.29921875 0.9177083328125001 0.29453125 0.9270833328125001 0.28359375 0.9270833328125001 0.26953125 0.91875 0.2484375 0.9114583328125001 0.23984375 0.8958333328125001 0.23046875 0.8864583328125001 0.23046875 0.875 0.2328125 0.8572916671874999 0.2421875 0.846875 0.253125 0.8145833328125001 0.2453125 0.7854166671875 0.2484375 0.65 0.29296875 0.6229166671875 0.29921875 0.6104166671875 0.3078125 0.6072916671875 0.32734375 0.6322916671875001 0.37421875 0.64375 0.3875
0 0.575 0.26015625 0.5833333328125 0.2640625 0.584375 0.2640625 0.5927083328125 0.26171875 0.6 0.253125 0.6125 0.221875 0.6239583328125 0.20234375 0.6260416671875 0.18984375 0.634375 0.18125 0.6458333328125 0.17890625 0.65 0.175 0.6854166671875 0.084375 0.6916666671875 0.05703125 0.6802083328124999 0.0453125 0.6666666671875 0.03984375 0.6447916671875 0.0375 0.6302083328125 0.04140625 0.625 0.0453125 0.5927083328125 0.12734375 0.5822916671875 0.16328125 0.5927083328125 0.175 0.59375 0.18203125 0.5885416671875 0.18984375 0.5822916671875 0.2171875 0.5770833328125 0.22109375 0.5729166671875 0.2453125 0.575 0.26015625
0 0.6291666671875 0.278125 0.6260416671875 0.296875 0.628125 0.296875 0.6385416671875 0.2953125 0.6416666671875 0.2921875 0.6552083328125 0.28828125 0.6729166671875 0.24921875 0.6895833328125 0.23828125 0.696875 0.2265625 0.7333333328125 0.1546875 0.73125 0.146875 0.715625 0.1390625 0.69375 0.1390625 0.6802083328124999 0.15546875 0.6489583328124999 0.21796875 0.6479166671875001 0.24140625 0.6291666671875 0.278125
0 0.3489583328125 0.29375 0.3802083328125 0.31796875 0.38125 0.31796875 0.40625 0.3046875 0.5041666671875 0.23671875 0.5125 0.2171875 0.53125 0.20625 0.54375 0.18984375 0.5520833328125 0.18671875 0.5604166671875 0.178125 0.571875 0.171875 0.5760416671875 0.159375 0.5697916671875001 0.15234375 0.5572916671875 0.15078125 0.5458333328125 0.15546875 0.528125 0.17109375 0.49375 0.18984375 0.48854166718750003 0.19921875 0.46875 0.19765625 0.4625 0.2 0.3447916671875 0.28203125 0.34375 0.28828125 0.3489583328125 0.29375
0 0.4447916671875 0.30703125 0.45104166718750005 0.31484375 0.459375 0.31484375 0.47083333281249995 0.3078125 0.5072916671875001 0.27109375 0.5364583328125 0.25546875 0.5791666671875 0.21328125 0.5833333328125 0.19921875 0.56875 0.1875 0.5572916671875 0.1859375 0.546875 0.1921875 0.5052083328125 0.23671875 0.4947916671875 0.24453125 0.4927083328125 0.25546875 0.45 0.29609375 0.4447916671875 0.30703125
0 0.6916666671875 0.596875 0.7395833328125 0.6421875 0.7458333328125 0.6421875 0.7677083328125 0.63125 0.7697916671875 0.62578125 0.7666666671875 0.61953125 0.7239583328125 0.575 0.6916666671875 0.55390625 0.6854166671875 0.5453125 0.65625 0.52109375 0.6541666671875 0.51484375 0.640625 0.5109375 0.634375 0.51171875 0.6333333328124999 0.5203125 0.640625 0.534375 0.678125 0.571875 0.6916666671875 0.596875
0 0.6291666671875 0.70078125 0.646875 0.71875 0.6541666671875 0.71875 0.65625 0.70703125 0.6604166671875 0.70234375 0.6552083328125 0.6765625 0.6645833328124999 0.6703125 0.6541666671875 0.6625 0.6458333328125 0.64140625 0.646875 0.63515625 0.6552083328125 0.6296875 0.6572916671875 0.6234375 0.640625 0.53984375 0.6322916671875001 0.51953125 0.6322916671875001 0.51015625 0.6270833328125 0.503125 0.5979166671875 0.50234375 0.5885416671875 0.50546875 0.578125 0.50546875 0.5739583328125 0.50859375 0.584375 0.5765625 0.5989583328125 0.62890625 0.615625 0.64140625 0.6145833328125 0.65078125 0.6208333328125 0.6703125 0.625 0.67421875 0.6291666671875 0.70078125
0 0.559375 0.62109375 0.571875 0.62421875 0.5760416671875 0.62421875 0.59375 0.61953125 0.5927083328125 0.6109375 0.5822916671875 0.6015625 0.5541666671875001 0.5921875 0.5333333328125 0.590625 0.5177083328125 0.584375 0.5010416671875 0.5828125 0.49375 0.58515625 0.48125 0.578125 0.4739583328125 0.56875 0.4583333328125 0.5625 0.409375 0.55703125 0.33541666718749996 0.54375 0.3291666671875 0.54453125 0.321875 0.553125 0.3135416671875 0.575 0.3135416671875 0.5890625 0.3177083328125 0.59375 0.325 0.59609375 0.3697916671875 0.60234375 0.4375 0.6171875 0.4625 0.61796875 0.4770833328125 0.61015625 0.4875 0.609375 0.503125 0.61640625 0.559375 0.62109375
0 0.4135416671875 0.6546875 0.4270833328125 0.65546875 0.428125 0.6546875 0.5260416671875 0.6546875 0.53125 0.65 0.5302083328125 0.6234375 0.5260416671875 0.61953125 0.515625 0.61796875 0.46979166718750004 0.61796875 0.46666666718750005 0.6203125 0.453125 0.62109375 0.4291666671875 0.615625 0.4114583328125 0.615625 0.4 0.621875 0.36666666718749996 0.621875 0.3333333328125 0.6265625 0.2979166671875 0.62734375 0.2979166671875 0.6390625 0.30520833281250004 0.64453125 0.4010416671875 0.64765625 0.4135416671875 0.6546875